                     diode i-v characteristic and band gap
                     DC transfer characteristic  Wed Aug 10 19:45:34  2022
--------------------------------------------------------------------------------
Index   v-sweep         v(8)            i(vblue)        
--------------------------------------------------------------------------------
0	1.000000e-02	1.000000e-02	1.000000e-14	
1	1.500000e-02	1.500000e-02	1.499999e-14	
2	2.000000e-02	2.000000e-02	2.000001e-14	
3	2.500000e-02	2.500000e-02	2.500002e-14	
4	3.000000e-02	3.000000e-02	3.000004e-14	
5	3.500000e-02	3.500000e-02	3.500000e-14	
6	4.000000e-02	4.000000e-02	4.000001e-14	
7	4.500000e-02	4.500000e-02	4.500003e-14	
8	5.000000e-02	5.000000e-02	5.000004e-14	
9	5.500000e-02	5.500000e-02	5.500006e-14	
10	6.000000e-02	6.000000e-02	5.999997e-14	
11	6.500000e-02	6.500000e-02	6.500009e-14	
12	7.000000e-02	7.000000e-02	7.000000e-14	
13	7.500000e-02	7.500000e-02	7.500001e-14	
14	8.000000e-02	8.000000e-02	8.000003e-14	
15	8.500000e-02	8.500000e-02	8.500004e-14	
16	9.000000e-02	9.000000e-02	8.999995e-14	
17	9.500000e-02	9.500000e-02	9.499985e-14	
18	1.000000e-01	1.000000e-01	1.000001e-13	
19	1.050000e-01	1.050000e-01	1.050000e-13	
20	1.100000e-01	1.100000e-01	1.100001e-13	
21	1.150000e-01	1.150000e-01	1.149998e-13	
22	1.200000e-01	1.200000e-01	1.199999e-13	
23	1.250000e-01	1.250000e-01	1.249998e-13	
24	1.300000e-01	1.300000e-01	1.300000e-13	
25	1.350000e-01	1.350000e-01	1.349999e-13	
26	1.400000e-01	1.400000e-01	1.400000e-13	
27	1.450000e-01	1.450000e-01	1.449999e-13	
28	1.500000e-01	1.500000e-01	1.500000e-13	
29	1.550000e-01	1.550000e-01	1.549997e-13	
30	1.600000e-01	1.600000e-01	1.599996e-13	
31	1.650000e-01	1.650000e-01	1.649997e-13	
32	1.700000e-01	1.700000e-01	1.699996e-13	
33	1.750000e-01	1.750000e-01	1.749993e-13	
34	1.800000e-01	1.800000e-01	1.799995e-13	
35	1.850000e-01	1.850000e-01	1.849994e-13	
36	1.900000e-01	1.900000e-01	1.899993e-13	
37	1.950000e-01	1.950000e-01	1.949994e-13	
38	2.000000e-01	2.000000e-01	1.999993e-13	
39	2.050000e-01	2.050000e-01	2.049988e-13	
40	2.100000e-01	2.100000e-01	2.099987e-13	
41	2.150000e-01	2.150000e-01	2.149986e-13	
42	2.200000e-01	2.200000e-01	2.199989e-13	
43	2.250000e-01	2.250000e-01	2.249984e-13	
44	2.300000e-01	2.300000e-01	2.299983e-13	
45	2.350000e-01	2.350000e-01	2.349978e-13	
46	2.400000e-01	2.400000e-01	2.400046e-13	
47	2.450000e-01	2.450000e-01	2.450041e-13	
48	2.500000e-01	2.500000e-01	2.500044e-13	
49	2.550000e-01	2.550000e-01	2.550044e-13	
50	2.600000e-01	2.600000e-01	2.600038e-13	
51	2.650000e-01	2.650000e-01	2.650037e-13	
52	2.700000e-01	2.700000e-01	2.700032e-13	
53	2.750000e-01	2.750000e-01	2.750031e-13	
54	2.800000e-01	2.800000e-01	2.800026e-13	

Index   v-sweep         v(8)            i(vblue)        
--------------------------------------------------------------------------------
55	2.850000e-01	2.850000e-01	2.850025e-13	
56	2.900000e-01	2.900000e-01	2.900020e-13	
57	2.950000e-01	2.950000e-01	2.950019e-13	
58	3.000000e-01	3.000000e-01	3.000009e-13	
59	3.050000e-01	3.050000e-01	3.050004e-13	
60	3.100000e-01	3.100000e-01	3.099999e-13	
61	3.150000e-01	3.150000e-01	3.149993e-13	
62	3.200000e-01	3.200000e-01	3.200023e-13	
63	3.250000e-01	3.250000e-01	3.250017e-13	
64	3.300000e-01	3.300000e-01	3.300008e-13	
65	3.350000e-01	3.350000e-01	3.349998e-13	
66	3.400000e-01	3.400000e-01	3.399984e-13	
67	3.450000e-01	3.450000e-01	3.449975e-13	
68	3.500000e-01	3.500000e-01	3.499956e-13	
69	3.550000e-01	3.550000e-01	3.550047e-13	
70	3.600000e-01	3.600000e-01	3.600033e-13	
71	3.650000e-01	3.650000e-01	3.650014e-13	
72	3.700000e-01	3.700000e-01	3.699996e-13	
73	3.750000e-01	3.750000e-01	3.749973e-13	
74	3.800000e-01	3.800000e-01	3.800046e-13	
75	3.850000e-01	3.850000e-01	3.850024e-13	
76	3.900000e-01	3.900000e-01	3.899997e-13	
77	3.950000e-01	3.950000e-01	3.950078e-13	
78	4.000000e-01	4.000000e-01	4.000055e-13	
79	4.050000e-01	4.050000e-01	4.050016e-13	
80	4.100000e-01	4.100000e-01	4.100080e-13	
81	4.150000e-01	4.150000e-01	4.150040e-13	
82	4.200000e-01	4.200000e-01	4.200121e-13	
83	4.250000e-01	4.250000e-01	4.250073e-13	
84	4.300000e-01	4.300000e-01	4.300128e-13	
85	4.350000e-01	4.350000e-01	4.350062e-13	
86	4.400000e-01	4.400000e-01	4.400117e-13	
87	4.450000e-01	4.450000e-01	4.450173e-13	
88	4.500000e-01	4.500000e-01	4.500098e-13	
89	4.550000e-01	4.550000e-01	4.550145e-13	
90	4.600000e-01	4.600000e-01	4.600174e-13	
91	4.650000e-01	4.650000e-01	4.650204e-13	
92	4.700000e-01	4.700000e-01	4.700233e-13	
93	4.750000e-01	4.750000e-01	4.750237e-13	
94	4.800000e-01	4.800000e-01	4.800249e-13	
95	4.850000e-01	4.850000e-01	4.850374e-13	
96	4.900000e-01	4.900000e-01	4.900360e-13	
97	4.950000e-01	4.950000e-01	4.950328e-13	
98	5.000000e-01	5.000000e-01	5.000358e-13	
99	5.050000e-01	5.050000e-01	5.050439e-13	
100	5.100000e-01	5.100000e-01	5.100365e-13	
101	5.150000e-01	5.150000e-01	5.150559e-13	
102	5.200000e-01	5.200000e-01	5.200588e-13	
103	5.250000e-01	5.250000e-01	5.250548e-13	
104	5.300000e-01	5.300000e-01	5.300534e-13	
105	5.350000e-01	5.350000e-01	5.350642e-13	
106	5.400000e-01	5.400000e-01	5.400593e-13	
107	5.450000e-01	5.450000e-01	5.450813e-13	
108	5.500000e-01	5.500000e-01	5.500860e-13	
109	5.550000e-01	5.550000e-01	5.550855e-13	
110	5.600000e-01	5.600000e-01	5.600902e-13	
111	5.650000e-01	5.650000e-01	5.650992e-13	
112	5.700000e-01	5.700000e-01	5.701117e-13	

Index   v-sweep         v(8)            i(vblue)        
--------------------------------------------------------------------------------
113	5.750000e-01	5.750000e-01	5.751111e-13	
114	5.800000e-01	5.800000e-01	5.801392e-13	
115	5.850000e-01	5.850000e-01	5.851448e-13	
116	5.900000e-01	5.900000e-01	5.901364e-13	
117	5.950000e-01	5.950000e-01	5.951559e-13	
118	6.000000e-01	6.000000e-01	6.001753e-13	
119	6.050000e-01	6.050000e-01	6.051878e-13	
120	6.100000e-01	6.100000e-01	6.102011e-13	
121	6.150000e-01	6.150000e-01	6.152058e-13	
122	6.200000e-01	6.200000e-01	6.202443e-13	
123	6.250000e-01	6.250000e-01	6.252464e-13	
124	6.300000e-01	6.300000e-01	6.302710e-13	
125	6.350000e-01	6.350000e-01	6.352922e-13	
126	6.400000e-01	6.400000e-01	6.403099e-13	
127	6.450000e-01	6.450000e-01	6.453319e-13	
128	6.500000e-01	6.500000e-01	6.503747e-13	
129	6.550000e-01	6.550000e-01	6.554002e-13	
130	6.600000e-01	6.600000e-01	6.604240e-13	
131	6.650000e-01	6.650000e-01	6.654495e-13	
132	6.700000e-01	6.700000e-01	6.704784e-13	
133	6.750000e-01	6.750000e-01	6.755334e-13	
134	6.800000e-01	6.800000e-01	6.805511e-13	
135	6.850000e-01	6.850000e-01	6.856096e-13	
136	6.900000e-01	6.900000e-01	6.906472e-13	
137	6.950000e-01	6.950000e-01	6.957109e-13	
138	7.000000e-01	7.000000e-01	7.007580e-13	
139	7.050000e-01	7.050000e-01	7.058078e-13	
140	7.100000e-01	7.100000e-01	7.108654e-13	
141	7.150000e-01	7.150000e-01	7.159464e-13	
142	7.200000e-01	7.200000e-01	7.210083e-13	
143	7.250000e-01	7.250000e-01	7.260989e-13	
144	7.300000e-01	7.300000e-01	7.311747e-13	
145	7.350000e-01	7.350000e-01	7.362687e-13	
146	7.400000e-01	7.400000e-01	7.413679e-13	
147	7.450000e-01	7.450000e-01	7.464784e-13	
148	7.500000e-01	7.500000e-01	7.515715e-13	
149	7.550000e-01	7.550000e-01	7.566942e-13	
150	7.600000e-01	7.600000e-01	7.618298e-13	
151	7.650000e-01	7.650000e-01	7.669611e-13	
152	7.700000e-01	7.700000e-01	7.721115e-13	
153	7.750000e-01	7.750000e-01	7.772741e-13	
154	7.800000e-01	7.800000e-01	7.824392e-13	
155	7.850000e-01	7.850000e-01	7.876286e-13	
156	7.900000e-01	7.900000e-01	7.928432e-13	
157	7.950000e-01	7.950000e-01	7.980509e-13	
158	8.000000e-01	8.000000e-01	8.032828e-13	
159	8.050000e-01	8.050000e-01	8.085234e-13	
160	8.100000e-01	8.100000e-01	8.137952e-13	
161	8.150000e-01	8.150000e-01	8.190722e-13	
162	8.200000e-01	8.200000e-01	8.243978e-13	
163	8.250000e-01	8.250000e-01	8.297391e-13	
164	8.300000e-01	8.300000e-01	8.350941e-13	
165	8.350000e-01	8.350000e-01	8.404805e-13	
166	8.400000e-01	8.400000e-01	8.458928e-13	
167	8.450000e-01	8.450000e-01	8.513312e-13	
168	8.500000e-01	8.500000e-01	8.568285e-13	
169	8.550000e-01	8.550000e-01	8.623397e-13	
170	8.600000e-01	8.600000e-01	8.679168e-13	

Index   v-sweep         v(8)            i(vblue)        
--------------------------------------------------------------------------------
171	8.650000e-01	8.650000e-01	8.735027e-13	
172	8.700000e-01	8.700000e-01	8.791579e-13	
173	8.750000e-01	8.750000e-01	8.848460e-13	
174	8.800000e-01	8.800000e-01	8.906036e-13	
175	8.850000e-01	8.850000e-01	8.964149e-13	
176	8.900000e-01	8.900000e-01	9.022661e-13	
177	8.950000e-01	8.950000e-01	9.081989e-13	
178	9.000000e-01	9.000000e-01	9.142184e-13	
179	9.050000e-01	9.050000e-01	9.203159e-13	
180	9.100000e-01	9.100000e-01	9.264724e-13	
181	9.150000e-01	9.150000e-01	9.327279e-13	
182	9.200000e-01	9.200000e-01	9.390561e-13	
183	9.250000e-01	9.250000e-01	9.455249e-13	
184	9.300000e-01	9.300000e-01	9.520596e-13	
185	9.350000e-01	9.350000e-01	9.587262e-13	
186	9.400000e-01	9.400000e-01	9.655488e-13	
187	9.450000e-01	9.450000e-01	9.725085e-13	
188	9.500000e-01	9.500000e-01	9.796018e-13	
189	9.550000e-01	9.550000e-01	9.868304e-13	
190	9.600000e-01	9.600000e-01	9.942498e-13	
191	9.650000e-01	9.650000e-01	1.001862e-12	
192	9.700000e-01	9.700000e-01	1.009658e-12	
193	9.750000e-01	9.750000e-01	1.017677e-12	
194	9.800000e-01	9.800000e-01	1.025926e-12	
195	9.850000e-01	9.850000e-01	1.034429e-12	
196	9.900000e-01	9.900000e-01	1.043164e-12	
197	9.950000e-01	9.950000e-01	1.052217e-12	
198	1.000000e+00	1.000000e+00	1.061557e-12	
199	1.005000e+00	1.005000e+00	1.071251e-12	
200	1.010000e+00	1.010000e+00	1.081262e-12	
201	1.015000e+00	1.015000e+00	1.091708e-12	
202	1.020000e+00	1.020000e+00	1.102517e-12	
203	1.025000e+00	1.025000e+00	1.113788e-12	
204	1.030000e+00	1.030000e+00	1.125561e-12	
205	1.035000e+00	1.035000e+00	1.137835e-12	
206	1.040000e+00	1.040000e+00	1.150644e-12	
207	1.045000e+00	1.045000e+00	1.164036e-12	
208	1.050000e+00	1.050000e+00	1.178103e-12	
209	1.055000e+00	1.055000e+00	1.192850e-12	
210	1.060000e+00	1.060000e+00	1.208325e-12	
211	1.065000e+00	1.065000e+00	1.224602e-12	
212	1.070000e+00	1.070000e+00	1.241748e-12	
213	1.075000e+00	1.075000e+00	1.259796e-12	
214	1.080000e+00	1.080000e+00	1.278849e-12	
215	1.085000e+00	1.085000e+00	1.298966e-12	
216	1.090000e+00	1.090000e+00	1.320227e-12	
217	1.095000e+00	1.095000e+00	1.342733e-12	
218	1.100000e+00	1.100000e+00	1.366568e-12	
219	1.105000e+00	1.105000e+00	1.391836e-12	
220	1.110000e+00	1.110000e+00	1.418638e-12	
221	1.115000e+00	1.115000e+00	1.447132e-12	
222	1.120000e+00	1.120000e+00	1.477365e-12	
223	1.125000e+00	1.125000e+00	1.509529e-12	
224	1.130000e+00	1.130000e+00	1.543753e-12	
225	1.135000e+00	1.135000e+00	1.580227e-12	
226	1.140000e+00	1.140000e+00	1.619073e-12	
227	1.145000e+00	1.145000e+00	1.660495e-12	
228	1.150000e+00	1.150000e+00	1.704683e-12	

Index   v-sweep         v(8)            i(vblue)        
--------------------------------------------------------------------------------
229	1.155000e+00	1.155000e+00	1.751856e-12	
230	1.160000e+00	1.160000e+00	1.802241e-12	
231	1.165000e+00	1.165000e+00	1.856057e-12	
232	1.170000e+00	1.170000e+00	1.913612e-12	
233	1.175000e+00	1.175000e+00	1.975146e-12	
234	1.180000e+00	1.180000e+00	2.040994e-12	
235	1.185000e+00	1.185000e+00	2.111419e-12	
236	1.190000e+00	1.190000e+00	2.186864e-12	
237	1.195000e+00	1.195000e+00	2.267634e-12	
238	1.200000e+00	1.200000e+00	2.354185e-12	
239	1.205000e+00	1.205000e+00	2.446930e-12	
240	1.210000e+00	1.210000e+00	2.546380e-12	
241	1.215000e+00	1.215000e+00	2.652994e-12	
242	1.220000e+00	1.220000e+00	2.767281e-12	
243	1.225000e+00	1.225000e+00	2.889942e-12	
244	1.230000e+00	1.230000e+00	3.021517e-12	
245	1.235000e+00	1.235000e+00	3.162746e-12	
246	1.240000e+00	1.240000e+00	3.314302e-12	
247	1.245000e+00	1.245000e+00	3.477012e-12	
248	1.250000e+00	1.250000e+00	3.651668e-12	
249	1.255000e+00	1.255000e+00	3.839287e-12	
250	1.260000e+00	1.260000e+00	4.040769e-12	
251	1.265000e+00	1.265000e+00	4.257142e-12	
252	1.270000e+00	1.270000e+00	4.489648e-12	
253	1.275000e+00	1.275000e+00	4.739454e-12	
254	1.280000e+00	1.280000e+00	5.007807e-12	
255	1.285000e+00	1.285000e+00	5.296251e-12	
256	1.290000e+00	1.290000e+00	5.606200e-12	
257	1.295000e+00	1.295000e+00	5.939353e-12	
258	1.300000e+00	1.300000e+00	6.297443e-12	
259	1.305000e+00	1.305000e+00	6.682387e-12	
260	1.310000e+00	1.310000e+00	7.096186e-12	
261	1.315000e+00	1.315000e+00	7.541122e-12	
262	1.320000e+00	1.320000e+00	8.019458e-12	
263	1.325000e+00	1.325000e+00	8.533832e-12	
264	1.330000e+00	1.330000e+00	9.086894e-12	
265	1.335000e+00	1.335000e+00	9.681610e-12	
266	1.340000e+00	1.340000e+00	1.032120e-11	
267	1.345000e+00	1.345000e+00	1.100902e-11	
268	1.350000e+00	1.350000e+00	1.174870e-11	
269	1.355000e+00	1.355000e+00	1.254431e-11	
270	1.360000e+00	1.360000e+00	1.339998e-11	
271	1.365000e+00	1.365000e+00	1.432036e-11	
272	1.370000e+00	1.370000e+00	1.531034e-11	
273	1.375000e+00	1.375000e+00	1.637515e-11	
274	1.380000e+00	1.380000e+00	1.752057e-11	
275	1.385000e+00	1.385000e+00	1.875269e-11	
276	1.390000e+00	1.390000e+00	2.007813e-11	
277	1.395000e+00	1.395000e+00	2.150390e-11	
278	1.400000e+00	1.400000e+00	2.303774e-11	
279	1.405000e+00	1.405000e+00	2.468780e-11	
280	1.410000e+00	1.410000e+00	2.646293e-11	
281	1.415000e+00	1.415000e+00	2.837263e-11	
282	1.420000e+00	1.420000e+00	3.042711e-11	
283	1.425000e+00	1.425000e+00	3.263745e-11	
284	1.430000e+00	1.430000e+00	3.501545e-11	
285	1.435000e+00	1.435000e+00	3.757388e-11	
286	1.440000e+00	1.440000e+00	4.032639e-11	

Index   v-sweep         v(8)            i(vblue)        
--------------------------------------------------------------------------------
287	1.445000e+00	1.445000e+00	4.328781e-11	
288	1.450000e+00	1.450000e+00	4.647398e-11	
289	1.455000e+00	1.455000e+00	4.990203e-11	
290	1.460000e+00	1.460000e+00	5.359032e-11	
291	1.465000e+00	1.465000e+00	5.755862e-11	
292	1.470000e+00	1.470000e+00	6.182828e-11	
293	1.475000e+00	1.475000e+00	6.642211e-11	
294	1.480000e+00	1.480000e+00	7.136487e-11	
295	1.485000e+00	1.485000e+00	7.668300e-11	
296	1.490000e+00	1.490000e+00	8.240511e-11	
297	1.495000e+00	1.495000e+00	8.856184e-11	
298	1.500000e+00	1.500000e+00	9.518628e-11	
299	1.505000e+00	1.505000e+00	1.023140e-10	
300	1.510000e+00	1.510000e+00	1.099832e-10	
301	1.515000e+00	1.515000e+00	1.182351e-10	
302	1.520000e+00	1.520000e+00	1.271139e-10	
303	1.525000e+00	1.525000e+00	1.366675e-10	
304	1.530000e+00	1.530000e+00	1.469469e-10	
305	1.535000e+00	1.535000e+00	1.580075e-10	
306	1.540000e+00	1.540000e+00	1.699087e-10	
307	1.545000e+00	1.545000e+00	1.827143e-10	
308	1.550000e+00	1.550000e+00	1.964931e-10	
309	1.555000e+00	1.555000e+00	2.113190e-10	
310	1.560000e+00	1.560000e+00	2.272717e-10	
311	1.565000e+00	1.565000e+00	2.444369e-10	
312	1.570000e+00	1.570000e+00	2.629068e-10	
313	1.575000e+00	1.575000e+00	2.827804e-10	
314	1.580000e+00	1.580000e+00	3.041646e-10	
315	1.585000e+00	1.585000e+00	3.271742e-10	
316	1.590000e+00	1.590000e+00	3.519328e-10	
317	1.595000e+00	1.595000e+00	3.785733e-10	
318	1.600000e+00	1.600000e+00	4.072389e-10	
319	1.605000e+00	1.605000e+00	4.380834e-10	
320	1.610000e+00	1.610000e+00	4.712725e-10	
321	1.615000e+00	1.615000e+00	5.069845e-10	
322	1.620000e+00	1.620000e+00	5.454113e-10	
323	1.625000e+00	1.625000e+00	5.867591e-10	
324	1.630000e+00	1.630000e+00	6.312500e-10	
325	1.635000e+00	1.635000e+00	6.791232e-10	
326	1.640000e+00	1.640000e+00	7.306355e-10	
327	1.645000e+00	1.645000e+00	7.860638e-10	
328	1.650000e+00	1.650000e+00	8.457058e-10	
329	1.655000e+00	1.655000e+00	9.098818e-10	
330	1.660000e+00	1.660000e+00	9.789365e-10	
331	1.665000e+00	1.665000e+00	1.053241e-09	
332	1.670000e+00	1.670000e+00	1.133194e-09	
333	1.675000e+00	1.675000e+00	1.219225e-09	
334	1.680000e+00	1.680000e+00	1.311797e-09	
335	1.685000e+00	1.685000e+00	1.411406e-09	
336	1.690000e+00	1.690000e+00	1.518588e-09	
337	1.695000e+00	1.695000e+00	1.633917e-09	
338	1.700000e+00	1.700000e+00	1.758015e-09	
339	1.705000e+00	1.705000e+00	1.891547e-09	
340	1.710000e+00	1.710000e+00	2.035231e-09	
341	1.715000e+00	1.715000e+00	2.189838e-09	
342	1.720000e+00	1.720000e+00	2.356199e-09	
343	1.725000e+00	1.725000e+00	2.535207e-09	
344	1.730000e+00	1.730000e+00	2.727825e-09	

Index   v-sweep         v(8)            i(vblue)        
--------------------------------------------------------------------------------
345	1.735000e+00	1.735000e+00	2.935086e-09	
346	1.740000e+00	1.740000e+00	3.158104e-09	
347	1.745000e+00	1.745000e+00	3.398076e-09	
348	1.750000e+00	1.750000e+00	3.656293e-09	
349	1.755000e+00	1.755000e+00	3.934140e-09	
350	1.760000e+00	1.760000e+00	4.233111e-09	
351	1.765000e+00	1.765000e+00	4.554811e-09	
352	1.770000e+00	1.770000e+00	4.900968e-09	
353	1.775000e+00	1.774999e+00	5.273442e-09	
354	1.780000e+00	1.779999e+00	5.674232e-09	
355	1.785000e+00	1.784999e+00	6.105493e-09	
356	1.790000e+00	1.789999e+00	6.569540e-09	
357	1.795000e+00	1.794999e+00	7.068866e-09	
358	1.800000e+00	1.799999e+00	7.606153e-09	
359	1.805000e+00	1.804999e+00	8.184287e-09	
360	1.810000e+00	1.809999e+00	8.806374e-09	
361	1.815000e+00	1.814999e+00	9.475754e-09	
362	1.820000e+00	1.819999e+00	1.019602e-08	
363	1.825000e+00	1.824999e+00	1.097105e-08	
364	1.830000e+00	1.829999e+00	1.180500e-08	
365	1.835000e+00	1.834999e+00	1.270234e-08	
366	1.840000e+00	1.839999e+00	1.366791e-08	
367	1.845000e+00	1.844999e+00	1.470688e-08	
368	1.850000e+00	1.849998e+00	1.582484e-08	
369	1.855000e+00	1.854998e+00	1.702779e-08	
370	1.860000e+00	1.859998e+00	1.832219e-08	
371	1.865000e+00	1.864998e+00	1.971499e-08	
372	1.870000e+00	1.869998e+00	2.121367e-08	
373	1.875000e+00	1.874998e+00	2.282629e-08	
374	1.880000e+00	1.879998e+00	2.456150e-08	
375	1.885000e+00	1.884997e+00	2.642863e-08	
376	1.890000e+00	1.889997e+00	2.843769e-08	
377	1.895000e+00	1.894997e+00	3.059948e-08	
378	1.900000e+00	1.899997e+00	3.292560e-08	
379	1.905000e+00	1.904996e+00	3.542856e-08	
380	1.910000e+00	1.909996e+00	3.812179e-08	
381	1.915000e+00	1.914996e+00	4.101975e-08	
382	1.920000e+00	1.919996e+00	4.413800e-08	
383	1.925000e+00	1.924995e+00	4.749329e-08	
384	1.930000e+00	1.929995e+00	5.110363e-08	
385	1.935000e+00	1.934995e+00	5.498841e-08	
386	1.940000e+00	1.939994e+00	5.916848e-08	
387	1.945000e+00	1.944994e+00	6.366629e-08	
388	1.950000e+00	1.949993e+00	6.850598e-08	
389	1.955000e+00	1.954993e+00	7.371354e-08	
390	1.960000e+00	1.959992e+00	7.931691e-08	
391	1.965000e+00	1.964991e+00	8.534619e-08	
392	1.970000e+00	1.969991e+00	9.183372e-08	
393	1.975000e+00	1.974990e+00	9.881433e-08	
394	1.980000e+00	1.979989e+00	1.063255e-07	
395	1.985000e+00	1.984989e+00	1.144075e-07	
396	1.990000e+00	1.989988e+00	1.231037e-07	
397	1.995000e+00	1.994987e+00	1.324608e-07	
398	2.000000e+00	1.999986e+00	1.425290e-07	
399	2.005000e+00	2.004985e+00	1.533623e-07	
400	2.010000e+00	2.009983e+00	1.650188e-07	
401	2.015000e+00	2.014982e+00	1.775610e-07	
402	2.020000e+00	2.019981e+00	1.910562e-07	

Index   v-sweep         v(8)            i(vblue)        
--------------------------------------------------------------------------------
403	2.025000e+00	2.024979e+00	2.055767e-07	
404	2.030000e+00	2.029978e+00	2.212005e-07	
405	2.035000e+00	2.034976e+00	2.380112e-07	
406	2.040000e+00	2.039974e+00	2.560990e-07	
407	2.045000e+00	2.044972e+00	2.755608e-07	
408	2.050000e+00	2.049970e+00	2.965009e-07	
409	2.055000e+00	2.054968e+00	3.190315e-07	
410	2.060000e+00	2.059966e+00	3.432732e-07	
411	2.065000e+00	2.064963e+00	3.693558e-07	
412	2.070000e+00	2.069960e+00	3.974190e-07	
413	2.075000e+00	2.074957e+00	4.276130e-07	
414	2.080000e+00	2.079954e+00	4.600993e-07	
415	2.085000e+00	2.084950e+00	4.950517e-07	
416	2.090000e+00	2.089947e+00	5.326571e-07	
417	2.095000e+00	2.094943e+00	5.731166e-07	
418	2.100000e+00	2.099938e+00	6.166462e-07	
419	2.105000e+00	2.104934e+00	6.634786e-07	
420	2.110000e+00	2.109929e+00	7.138638e-07	
421	2.115000e+00	2.114923e+00	7.680706e-07	
422	2.120000e+00	2.119917e+00	8.263882e-07	
423	2.125000e+00	2.124911e+00	8.891275e-07	
424	2.130000e+00	2.129904e+00	9.566228e-07	
425	2.135000e+00	2.134897e+00	1.029233e-06	
426	2.140000e+00	2.139889e+00	1.107346e-06	
427	2.145000e+00	2.144881e+00	1.191375e-06	
428	2.150000e+00	2.149872e+00	1.281768e-06	
429	2.155000e+00	2.154862e+00	1.379004e-06	
430	2.160000e+00	2.159852e+00	1.483600e-06	
431	2.165000e+00	2.164840e+00	1.596109e-06	
432	2.170000e+00	2.169828e+00	1.717127e-06	
433	2.175000e+00	2.174815e+00	1.847294e-06	
434	2.180000e+00	2.179801e+00	1.987297e-06	
435	2.185000e+00	2.184786e+00	2.137875e-06	
436	2.190000e+00	2.189770e+00	2.299821e-06	
437	2.195000e+00	2.194753e+00	2.473986e-06	
438	2.200000e+00	2.199734e+00	2.661286e-06	
439	2.205000e+00	2.204714e+00	2.862701e-06	
440	2.210000e+00	2.209692e+00	3.079287e-06	
441	2.215000e+00	2.214669e+00	3.312173e-06	
442	2.220000e+00	2.219644e+00	3.562573e-06	
443	2.225000e+00	2.224617e+00	3.831790e-06	
444	2.230000e+00	2.229588e+00	4.121219e-06	
445	2.235000e+00	2.234557e+00	4.432357e-06	
446	2.240000e+00	2.239523e+00	4.766808e-06	
447	2.245000e+00	2.244487e+00	5.126293e-06	
448	2.250000e+00	2.249449e+00	5.512653e-06	
449	2.255000e+00	2.254407e+00	5.927862e-06	
450	2.260000e+00	2.259363e+00	6.374031e-06	
451	2.265000e+00	2.264315e+00	6.853420e-06	
452	2.270000e+00	2.269263e+00	7.368449e-06	
453	2.275000e+00	2.274208e+00	7.921701e-06	
454	2.280000e+00	2.279148e+00	8.515940e-06	
455	2.285000e+00	2.284085e+00	9.154119e-06	
456	2.290000e+00	2.289016e+00	9.839387e-06	
457	2.295000e+00	2.293942e+00	1.057511e-05	
458	2.300000e+00	2.298864e+00	1.136487e-05	
459	2.305000e+00	2.303779e+00	1.221249e-05	
460	2.310000e+00	2.308688e+00	1.312204e-05	

Index   v-sweep         v(8)            i(vblue)        
--------------------------------------------------------------------------------
461	2.315000e+00	2.313590e+00	1.409785e-05	
462	2.320000e+00	2.318486e+00	1.514453e-05	
463	2.325000e+00	2.323373e+00	1.626696e-05	
464	2.330000e+00	2.328253e+00	1.747033e-05	
465	2.335000e+00	2.333124e+00	1.876016e-05	
466	2.340000e+00	2.337986e+00	2.014227e-05	
467	2.345000e+00	2.342838e+00	2.162284e-05	
468	2.350000e+00	2.347679e+00	2.320836e-05	
469	2.355000e+00	2.352509e+00	2.490574e-05	
470	2.360000e+00	2.357328e+00	2.672221e-05	
471	2.365000e+00	2.362133e+00	2.866540e-05	
472	2.370000e+00	2.366926e+00	3.074334e-05	
473	2.375000e+00	2.371704e+00	3.296442e-05	
474	2.380000e+00	2.376466e+00	3.533745e-05	
475	2.385000e+00	2.381213e+00	3.787165e-05	
476	2.390000e+00	2.385942e+00	4.057659e-05	
477	2.395000e+00	2.390654e+00	4.346228e-05	
478	2.400000e+00	2.395346e+00	4.653910e-05	
479	2.405000e+00	2.400018e+00	4.981779e-05	
480	2.410000e+00	2.404669e+00	5.330947e-05	
481	2.415000e+00	2.409297e+00	5.702559e-05	
482	2.420000e+00	2.413902e+00	6.097792e-05	
483	2.425000e+00	2.418482e+00	6.517852e-05	
484	2.430000e+00	2.423036e+00	6.963973e-05	
485	2.435000e+00	2.427563e+00	7.437409e-05	
486	2.440000e+00	2.432061e+00	7.939432e-05	
487	2.445000e+00	2.436529e+00	8.471330e-05	
488	2.450000e+00	2.440966e+00	9.034398e-05	
489	2.455000e+00	2.445370e+00	9.629935e-05	
490	2.460000e+00	2.449741e+00	1.025924e-04	
491	2.465000e+00	2.454076e+00	1.092359e-04	
492	2.470000e+00	2.458376e+00	1.162428e-04	
493	2.475000e+00	2.462637e+00	1.236254e-04	
494	2.480000e+00	2.466860e+00	1.313961e-04	
495	2.485000e+00	2.471043e+00	1.395667e-04	
496	2.490000e+00	2.475185e+00	1.481488e-04	
497	2.495000e+00	2.479285e+00	1.571533e-04	
498	2.500000e+00	2.483341e+00	1.665907e-04	
499	2.505000e+00	2.487353e+00	1.764711e-04	
500	2.510000e+00	2.491320e+00	1.868035e-04	
501	2.515000e+00	2.495240e+00	1.975965e-04	
502	2.520000e+00	2.499114e+00	2.088581e-04	
503	2.525000e+00	2.502940e+00	2.205951e-04	
504	2.530000e+00	2.506719e+00	2.328139e-04	
505	2.535000e+00	2.510448e+00	2.455199e-04	
506	2.540000e+00	2.514128e+00	2.587176e-04	
507	2.545000e+00	2.517759e+00	2.724108e-04	
508	2.550000e+00	2.521340e+00	2.866022e-04	
509	2.555000e+00	2.524871e+00	3.012940e-04	
510	2.560000e+00	2.528351e+00	3.164873e-04	
511	2.565000e+00	2.531782e+00	3.321824e-04	
512	2.570000e+00	2.535162e+00	3.483789e-04	
513	2.575000e+00	2.538492e+00	3.650756e-04	
514	2.580000e+00	2.541773e+00	3.822705e-04	
515	2.585000e+00	2.545004e+00	3.999610e-04	
516	2.590000e+00	2.548186e+00	4.181439e-04	
517	2.595000e+00	2.551318e+00	4.368151e-04	
518	2.600000e+00	2.554403e+00	4.559702e-04	

Index   v-sweep         v(8)            i(vblue)        
--------------------------------------------------------------------------------
519	2.605000e+00	2.557440e+00	4.756042e-04	
520	2.610000e+00	2.560429e+00	4.957116e-04	
521	2.615000e+00	2.563371e+00	5.162865e-04	
522	2.620000e+00	2.566268e+00	5.373225e-04	
523	2.625000e+00	2.569119e+00	5.588129e-04	
524	2.630000e+00	2.571925e+00	5.807509e-04	
525	2.635000e+00	2.574687e+00	6.031291e-04	
526	2.640000e+00	2.577406e+00	6.259401e-04	
527	2.645000e+00	2.580082e+00	6.491763e-04	
528	2.650000e+00	2.582717e+00	6.728298e-04	
529	2.655000e+00	2.585311e+00	6.968928e-04	
530	2.660000e+00	2.587864e+00	7.213573e-04	
531	2.665000e+00	2.590378e+00	7.462152e-04	
532	2.670000e+00	2.592854e+00	7.714584e-04	
533	2.675000e+00	2.595292e+00	7.970789e-04	
534	2.680000e+00	2.597693e+00	8.230685e-04	
535	2.685000e+00	2.600058e+00	8.494193e-04	
536	2.690000e+00	2.602388e+00	8.761232e-04	
537	2.695000e+00	2.604683e+00	9.031723e-04	
538	2.700000e+00	2.606944e+00	9.305588e-04	
539	2.705000e+00	2.609173e+00	9.582750e-04	
540	2.710000e+00	2.611369e+00	9.863131e-04	
541	2.715000e+00	2.613533e+00	1.014666e-03	
542	2.720000e+00	2.615667e+00	1.043326e-03	
543	2.725000e+00	2.617771e+00	1.072285e-03	
544	2.730000e+00	2.619846e+00	1.101538e-03	
545	2.735000e+00	2.621892e+00	1.131076e-03	
546	2.740000e+00	2.623911e+00	1.160893e-03	
547	2.745000e+00	2.625902e+00	1.190982e-03	
548	2.750000e+00	2.627866e+00	1.221336e-03	
549	2.755000e+00	2.629805e+00	1.251950e-03	
550	2.760000e+00	2.631718e+00	1.282817e-03	
551	2.765000e+00	2.633607e+00	1.313931e-03	
552	2.770000e+00	2.635471e+00	1.345286e-03	
553	2.775000e+00	2.637312e+00	1.376875e-03	
554	2.780000e+00	2.639131e+00	1.408695e-03	
555	2.785000e+00	2.640926e+00	1.440738e-03	
556	2.790000e+00	2.642700e+00	1.472999e-03	
557	2.795000e+00	2.644453e+00	1.505474e-03	
558	2.800000e+00	2.646184e+00	1.538158e-03	
559	2.805000e+00	2.647896e+00	1.571044e-03	
560	2.810000e+00	2.649587e+00	1.604129e-03	
561	2.815000e+00	2.651259e+00	1.637408e-03	
562	2.820000e+00	2.652912e+00	1.670876e-03	
563	2.825000e+00	2.654547e+00	1.704529e-03	
564	2.830000e+00	2.656164e+00	1.738362e-03	
565	2.835000e+00	2.657763e+00	1.772372e-03	
566	2.840000e+00	2.659345e+00	1.806554e-03	
567	2.845000e+00	2.660910e+00	1.840904e-03	
568	2.850000e+00	2.662458e+00	1.875418e-03	
569	2.855000e+00	2.663991e+00	1.910094e-03	
570	2.860000e+00	2.665507e+00	1.944926e-03	
571	2.865000e+00	2.667009e+00	1.979912e-03	
572	2.870000e+00	2.668495e+00	2.015047e-03	
573	2.875000e+00	2.669967e+00	2.050330e-03	
574	2.880000e+00	2.671424e+00	2.085756e-03	
575	2.885000e+00	2.672868e+00	2.121322e-03	
576	2.890000e+00	2.674297e+00	2.157025e-03	

Index   v-sweep         v(8)            i(vblue)        
--------------------------------------------------------------------------------
577	2.895000e+00	2.675714e+00	2.192863e-03	
578	2.900000e+00	2.677117e+00	2.228832e-03	
579	2.905000e+00	2.678507e+00	2.264930e-03	
580	2.910000e+00	2.679885e+00	2.301153e-03	
581	2.915000e+00	2.681250e+00	2.337500e-03	
582	2.920000e+00	2.682603e+00	2.373967e-03	
583	2.925000e+00	2.683945e+00	2.410552e-03	
584	2.930000e+00	2.685275e+00	2.447253e-03	
585	2.935000e+00	2.686593e+00	2.484067e-03	
586	2.940000e+00	2.687901e+00	2.520992e-03	
587	2.945000e+00	2.689198e+00	2.558025e-03	
588	2.950000e+00	2.690484e+00	2.595165e-03	
589	2.955000e+00	2.691759e+00	2.632409e-03	
590	2.960000e+00	2.693025e+00	2.669755e-03	
591	2.965000e+00	2.694280e+00	2.707201e-03	
592	2.970000e+00	2.695525e+00	2.744745e-03	
593	2.975000e+00	2.696761e+00	2.782386e-03	
594	2.980000e+00	2.697988e+00	2.820121e-03	
595	2.985000e+00	2.699205e+00	2.857949e-03	
596	2.990000e+00	2.700413e+00	2.895867e-03	
597	2.995000e+00	2.701613e+00	2.933875e-03	
598	3.000000e+00	2.702803e+00	2.971969e-03	
599	3.005000e+00	2.703985e+00	3.010150e-03	
600	3.010000e+00	2.705159e+00	3.048414e-03	
601	3.015000e+00	2.706324e+00	3.086762e-03	
602	3.020000e+00	2.707481e+00	3.125190e-03	
603	3.025000e+00	2.708630e+00	3.163697e-03	
604	3.030000e+00	2.709772e+00	3.202283e-03	
605	3.035000e+00	2.710905e+00	3.240946e-03	
606	3.040000e+00	2.712032e+00	3.279684e-03	
607	3.045000e+00	2.713150e+00	3.318495e-03	
608	3.050000e+00	2.714262e+00	3.357380e-03	
609	3.055000e+00	2.715366e+00	3.396336e-03	
610	3.060000e+00	2.716464e+00	3.435362e-03	
611	3.065000e+00	2.717554e+00	3.474456e-03	
612	3.070000e+00	2.718638e+00	3.513619e-03	
613	3.075000e+00	2.719715e+00	3.552848e-03	
614	3.080000e+00	2.720786e+00	3.592143e-03	
615	3.085000e+00	2.721850e+00	3.631502e-03	
616	3.090000e+00	2.722908e+00	3.670924e-03	
617	3.095000e+00	2.723959e+00	3.710408e-03	
618	3.100000e+00	2.725005e+00	3.749954e-03	
619	3.105000e+00	2.726044e+00	3.789560e-03	
620	3.110000e+00	2.727078e+00	3.829224e-03	
621	3.115000e+00	2.728105e+00	3.868948e-03	
622	3.120000e+00	2.729127e+00	3.908728e-03	
623	3.125000e+00	2.730144e+00	3.948565e-03	
624	3.130000e+00	2.731154e+00	3.988457e-03	
625	3.135000e+00	2.732160e+00	4.028404e-03	
626	3.140000e+00	2.733160e+00	4.068404e-03	
627	3.145000e+00	2.734154e+00	4.108457e-03	
628	3.150000e+00	2.735144e+00	4.148563e-03	
629	3.155000e+00	2.736128e+00	4.188719e-03	
630	3.160000e+00	2.737107e+00	4.228927e-03	
631	3.165000e+00	2.738082e+00	4.269183e-03	
632	3.170000e+00	2.739051e+00	4.309489e-03	
633	3.175000e+00	2.740016e+00	4.349843e-03	
634	3.180000e+00	2.740976e+00	4.390244e-03	

Index   v-sweep         v(8)            i(vblue)        
--------------------------------------------------------------------------------
635	3.185000e+00	2.741931e+00	4.430693e-03	
636	3.190000e+00	2.742881e+00	4.471187e-03	
637	3.195000e+00	2.743827e+00	4.511727e-03	
638	3.200000e+00	2.744769e+00	4.552311e-03	
639	3.205000e+00	2.745706e+00	4.592940e-03	
640	3.210000e+00	2.746639e+00	4.633612e-03	
641	3.215000e+00	2.747567e+00	4.674326e-03	
642	3.220000e+00	2.748492e+00	4.715084e-03	
643	3.225000e+00	2.749412e+00	4.755882e-03	
644	3.230000e+00	2.750328e+00	4.796722e-03	
645	3.235000e+00	2.751240e+00	4.837602e-03	
646	3.240000e+00	2.752148e+00	4.878522e-03	
647	3.245000e+00	2.753052e+00	4.919482e-03	
648	3.250000e+00	2.753952e+00	4.960480e-03	
649	3.255000e+00	2.754848e+00	5.001516e-03	
650	3.260000e+00	2.755741e+00	5.042591e-03	
651	3.265000e+00	2.756630e+00	5.083702e-03	
652	3.270000e+00	2.757515e+00	5.124850e-03	
653	3.275000e+00	2.758397e+00	5.166035e-03	
654	3.280000e+00	2.759274e+00	5.207255e-03	
655	3.285000e+00	2.760149e+00	5.248511e-03	
656	3.290000e+00	2.761020e+00	5.289801e-03	
657	3.295000e+00	2.761887e+00	5.331126e-03	
658	3.300000e+00	2.762752e+00	5.372485e-03	
659	3.305000e+00	2.763612e+00	5.413877e-03	
660	3.310000e+00	2.764470e+00	5.455302e-03	
661	3.315000e+00	2.765324e+00	5.496760e-03	
662	3.320000e+00	2.766175e+00	5.538250e-03	
663	3.325000e+00	2.767023e+00	5.579772e-03	
664	3.330000e+00	2.767867e+00	5.621325e-03	
665	3.335000e+00	2.768709e+00	5.662910e-03	
666	3.340000e+00	2.769548e+00	5.704525e-03	
667	3.345000e+00	2.770383e+00	5.746170e-03	
668	3.350000e+00	2.771216e+00	5.787845e-03	
669	3.355000e+00	2.772045e+00	5.829550e-03	
670	3.360000e+00	2.772872e+00	5.871283e-03	
671	3.365000e+00	2.773695e+00	5.913046e-03	
672	3.370000e+00	2.774516e+00	5.954837e-03	
673	3.375000e+00	2.775334e+00	5.996656e-03	
674	3.380000e+00	2.776150e+00	6.038503e-03	
675	3.385000e+00	2.776962e+00	6.080378e-03	
676	3.390000e+00	2.777772e+00	6.122279e-03	
677	3.395000e+00	2.778579e+00	6.164208e-03	
678	3.400000e+00	2.779384e+00	6.206163e-03	
679	3.405000e+00	2.780186e+00	6.248144e-03	
680	3.410000e+00	2.780985e+00	6.290151e-03	
681	3.415000e+00	2.781782e+00	6.332183e-03	
682	3.420000e+00	2.782576e+00	6.374241e-03	
683	3.425000e+00	2.783368e+00	6.416324e-03	
684	3.430000e+00	2.784157e+00	6.458432e-03	
685	3.435000e+00	2.784944e+00	6.500564e-03	
686	3.440000e+00	2.785728e+00	6.542720e-03	
687	3.445000e+00	2.786510e+00	6.584900e-03	
688	3.450000e+00	2.787290e+00	6.627104e-03	
689	3.455000e+00	2.788067e+00	6.669331e-03	
690	3.460000e+00	2.788842e+00	6.711581e-03	
691	3.465000e+00	2.789615e+00	6.753854e-03	
692	3.470000e+00	2.790385e+00	6.796150e-03	

Index   v-sweep         v(8)            i(vblue)        
--------------------------------------------------------------------------------
693	3.475000e+00	2.791153e+00	6.838468e-03	
694	3.480000e+00	2.791919e+00	6.880808e-03	
695	3.485000e+00	2.792683e+00	6.923171e-03	
696	3.490000e+00	2.793445e+00	6.965554e-03	
697	3.495000e+00	2.794204e+00	7.007960e-03	
698	3.500000e+00	2.794961e+00	7.050386e-03	
699	3.505000e+00	2.795717e+00	7.092834e-03	
700	3.510000e+00	2.796470e+00	7.135302e-03	
701	3.515000e+00	2.797221e+00	7.177790e-03	
702	3.520000e+00	2.797970e+00	7.220300e-03	
703	3.525000e+00	2.798717e+00	7.262829e-03	
704	3.530000e+00	2.799462e+00	7.305378e-03	
705	3.535000e+00	2.800205e+00	7.347947e-03	
706	3.540000e+00	2.800946e+00	7.390535e-03	
707	3.545000e+00	2.801686e+00	7.433143e-03	
708	3.550000e+00	2.802423e+00	7.475769e-03	
709	3.555000e+00	2.803158e+00	7.518415e-03	
710	3.560000e+00	2.803892e+00	7.561080e-03	
711	3.565000e+00	2.804624e+00	7.603763e-03	
712	3.570000e+00	2.805354e+00	7.646464e-03	
713	3.575000e+00	2.806082e+00	7.689184e-03	
714	3.580000e+00	2.806808e+00	7.731921e-03	
715	3.585000e+00	2.807532e+00	7.774676e-03	
716	3.590000e+00	2.808255e+00	7.817449e-03	
717	3.595000e+00	2.808976e+00	7.860240e-03	
718	3.600000e+00	2.809695e+00	7.903048e-03	
719	3.605000e+00	2.810413e+00	7.945873e-03	
720	3.610000e+00	2.811129e+00	7.988715e-03	
721	3.615000e+00	2.811843e+00	8.031574e-03	
722	3.620000e+00	2.812555e+00	8.074449e-03	
723	3.625000e+00	2.813266e+00	8.117341e-03	
724	3.630000e+00	2.813975e+00	8.160249e-03	
725	3.635000e+00	2.814683e+00	8.203174e-03	
726	3.640000e+00	2.815389e+00	8.246114e-03	
727	3.645000e+00	2.816093e+00	8.289071e-03	
728	3.650000e+00	2.816796e+00	8.332043e-03	
729	3.655000e+00	2.817497e+00	8.375031e-03	
730	3.660000e+00	2.818197e+00	8.418034e-03	
731	3.665000e+00	2.818895e+00	8.461053e-03	
732	3.670000e+00	2.819591e+00	8.504087e-03	
733	3.675000e+00	2.820286e+00	8.547136e-03	
734	3.680000e+00	2.820980e+00	8.590199e-03	
735	3.685000e+00	2.821672e+00	8.633278e-03	
736	3.690000e+00	2.822363e+00	8.676371e-03	
737	3.695000e+00	2.823052e+00	8.719479e-03	
738	3.700000e+00	2.823740e+00	8.762601e-03	
739	3.705000e+00	2.824426e+00	8.805737e-03	
740	3.710000e+00	2.825111e+00	8.848888e-03	
741	3.715000e+00	2.825795e+00	8.892052e-03	
742	3.720000e+00	2.826477e+00	8.935231e-03	
743	3.725000e+00	2.827158e+00	8.978423e-03	
744	3.730000e+00	2.827837e+00	9.021629e-03	
745	3.735000e+00	2.828515e+00	9.064848e-03	
746	3.740000e+00	2.829192e+00	9.108081e-03	
747	3.745000e+00	2.829867e+00	9.151327e-03	
748	3.750000e+00	2.830541e+00	9.194586e-03	
749	3.755000e+00	2.831214e+00	9.237858e-03	
750	3.760000e+00	2.831886e+00	9.281144e-03	

Index   v-sweep         v(8)            i(vblue)        
--------------------------------------------------------------------------------
751	3.765000e+00	2.832556e+00	9.324442e-03	
752	3.770000e+00	2.833225e+00	9.367752e-03	
753	3.775000e+00	2.833892e+00	9.411076e-03	
754	3.780000e+00	2.834559e+00	9.454412e-03	
755	3.785000e+00	2.835224e+00	9.497761e-03	
756	3.790000e+00	2.835888e+00	9.541121e-03	
757	3.795000e+00	2.836551e+00	9.584494e-03	
758	3.800000e+00	2.837212e+00	9.627879e-03	
759	3.805000e+00	2.837872e+00	9.671277e-03	
760	3.810000e+00	2.838531e+00	9.714686e-03	
761	3.815000e+00	2.839189e+00	9.758107e-03	
762	3.820000e+00	2.839846e+00	9.801539e-03	
763	3.825000e+00	2.840502e+00	9.844984e-03	
764	3.830000e+00	2.841156e+00	9.888440e-03	
765	3.835000e+00	2.841809e+00	9.931907e-03	
766	3.840000e+00	2.842461e+00	9.975386e-03	
767	3.845000e+00	2.843112e+00	1.001888e-02	
768	3.850000e+00	2.843762e+00	1.006238e-02	
769	3.855000e+00	2.844411e+00	1.010589e-02	
770	3.860000e+00	2.845059e+00	1.014941e-02	
771	3.865000e+00	2.845705e+00	1.019295e-02	
772	3.870000e+00	2.846351e+00	1.023649e-02	
773	3.875000e+00	2.846995e+00	1.028005e-02	
774	3.880000e+00	2.847639e+00	1.032361e-02	
775	3.885000e+00	2.848281e+00	1.036719e-02	
776	3.890000e+00	2.848922e+00	1.041078e-02	
777	3.895000e+00	2.849562e+00	1.045438e-02	
778	3.900000e+00	2.850202e+00	1.049798e-02	
779	3.905000e+00	2.850840e+00	1.054160e-02	
780	3.910000e+00	2.851477e+00	1.058523e-02	
781	3.915000e+00	2.852113e+00	1.062887e-02	
782	3.920000e+00	2.852748e+00	1.067252e-02	
783	3.925000e+00	2.853382e+00	1.071618e-02	
784	3.930000e+00	2.854015e+00	1.075985e-02	
785	3.935000e+00	2.854647e+00	1.080353e-02	
786	3.940000e+00	2.855278e+00	1.084722e-02	
787	3.945000e+00	2.855909e+00	1.089091e-02	
788	3.950000e+00	2.856538e+00	1.093462e-02	
789	3.955000e+00	2.857166e+00	1.097834e-02	
790	3.960000e+00	2.857793e+00	1.102207e-02	
791	3.965000e+00	2.858420e+00	1.106580e-02	
792	3.970000e+00	2.859045e+00	1.110955e-02	
793	3.975000e+00	2.859670e+00	1.115330e-02	
794	3.980000e+00	2.860293e+00	1.119707e-02	
795	3.985000e+00	2.860916e+00	1.124084e-02	
796	3.990000e+00	2.861538e+00	1.128462e-02	
797	3.995000e+00	2.862159e+00	1.132841e-02	
798	4.000000e+00	2.862779e+00	1.137221e-02	
799	4.005000e+00	2.863398e+00	1.141602e-02	
800	4.010000e+00	2.864016e+00	1.145984e-02	
801	4.015000e+00	2.864634e+00	1.150366e-02	
802	4.020000e+00	2.865250e+00	1.154750e-02	
803	4.025000e+00	2.865866e+00	1.159134e-02	
804	4.030000e+00	2.866480e+00	1.163520e-02	
805	4.035000e+00	2.867094e+00	1.167906e-02	
806	4.040000e+00	2.867707e+00	1.172293e-02	
807	4.045000e+00	2.868320e+00	1.176680e-02	
808	4.050000e+00	2.868931e+00	1.181069e-02	

Index   v-sweep         v(8)            i(vblue)        
--------------------------------------------------------------------------------
809	4.055000e+00	2.869542e+00	1.185458e-02	
810	4.060000e+00	2.870151e+00	1.189849e-02	
811	4.065000e+00	2.870760e+00	1.194240e-02	
812	4.070000e+00	2.871369e+00	1.198631e-02	
813	4.075000e+00	2.871976e+00	1.203024e-02	
814	4.080000e+00	2.872582e+00	1.207418e-02	
815	4.085000e+00	2.873188e+00	1.211812e-02	
816	4.090000e+00	2.873793e+00	1.216207e-02	
817	4.095000e+00	2.874397e+00	1.220603e-02	
818	4.100000e+00	2.875001e+00	1.224999e-02	
819	4.105000e+00	2.875603e+00	1.229397e-02	
820	4.110000e+00	2.876205e+00	1.233795e-02	
821	4.115000e+00	2.876806e+00	1.238194e-02	
822	4.120000e+00	2.877406e+00	1.242594e-02	
823	4.125000e+00	2.878006e+00	1.246994e-02	
824	4.130000e+00	2.878605e+00	1.251395e-02	
825	4.135000e+00	2.879203e+00	1.255797e-02	
826	4.140000e+00	2.879800e+00	1.260200e-02	
827	4.145000e+00	2.880397e+00	1.264603e-02	
828	4.150000e+00	2.880993e+00	1.269007e-02	
829	4.155000e+00	2.881588e+00	1.273412e-02	
830	4.160000e+00	2.882182e+00	1.277818e-02	
831	4.165000e+00	2.882776e+00	1.282224e-02	
832	4.170000e+00	2.883369e+00	1.286631e-02	
833	4.175000e+00	2.883961e+00	1.291039e-02	
834	4.180000e+00	2.884553e+00	1.295447e-02	
835	4.185000e+00	2.885144e+00	1.299856e-02	
836	4.190000e+00	2.885734e+00	1.304266e-02	
837	4.195000e+00	2.886324e+00	1.308676e-02	
838	4.200000e+00	2.886912e+00	1.313088e-02	
839	4.205000e+00	2.887501e+00	1.317499e-02	
840	4.210000e+00	2.888088e+00	1.321912e-02	
841	4.215000e+00	2.888675e+00	1.326325e-02	
842	4.220000e+00	2.889261e+00	1.330739e-02	
843	4.225000e+00	2.889846e+00	1.335154e-02	
844	4.230000e+00	2.890431e+00	1.339569e-02	
845	4.235000e+00	2.891015e+00	1.343985e-02	
846	4.240000e+00	2.891599e+00	1.348401e-02	
847	4.245000e+00	2.892182e+00	1.352818e-02	
848	4.250000e+00	2.892764e+00	1.357236e-02	
849	4.255000e+00	2.893346e+00	1.361654e-02	
850	4.260000e+00	2.893927e+00	1.366073e-02	
851	4.265000e+00	2.894507e+00	1.370493e-02	
852	4.270000e+00	2.895087e+00	1.374913e-02	
853	4.275000e+00	2.895666e+00	1.379334e-02	
854	4.280000e+00	2.896244e+00	1.383756e-02	
855	4.285000e+00	2.896822e+00	1.388178e-02	
856	4.290000e+00	2.897399e+00	1.392601e-02	
857	4.295000e+00	2.897976e+00	1.397024e-02	
858	4.300000e+00	2.898552e+00	1.401448e-02	
859	4.305000e+00	2.899127e+00	1.405873e-02	
860	4.310000e+00	2.899702e+00	1.410298e-02	
861	4.315000e+00	2.900276e+00	1.414724e-02	
862	4.320000e+00	2.900850e+00	1.419150e-02	
863	4.325000e+00	2.901423e+00	1.423577e-02	
864	4.330000e+00	2.901995e+00	1.428005e-02	
865	4.335000e+00	2.902567e+00	1.432433e-02	
866	4.340000e+00	2.903139e+00	1.436861e-02	

Index   v-sweep         v(8)            i(vblue)        
--------------------------------------------------------------------------------
867	4.345000e+00	2.903709e+00	1.441291e-02	
868	4.350000e+00	2.904279e+00	1.445721e-02	
869	4.355000e+00	2.904849e+00	1.450151e-02	
870	4.360000e+00	2.905418e+00	1.454582e-02	
871	4.365000e+00	2.905986e+00	1.459014e-02	
872	4.370000e+00	2.906554e+00	1.463446e-02	
873	4.375000e+00	2.907122e+00	1.467878e-02	
874	4.380000e+00	2.907688e+00	1.472312e-02	
875	4.385000e+00	2.908255e+00	1.476745e-02	
876	4.390000e+00	2.908820e+00	1.481180e-02	
877	4.395000e+00	2.909386e+00	1.485614e-02	
878	4.400000e+00	2.909950e+00	1.490050e-02	
879	4.405000e+00	2.910514e+00	1.494486e-02	
880	4.410000e+00	2.911078e+00	1.498922e-02	
881	4.415000e+00	2.911641e+00	1.503359e-02	
882	4.420000e+00	2.912203e+00	1.507797e-02	
883	4.425000e+00	2.912765e+00	1.512235e-02	
884	4.430000e+00	2.913327e+00	1.516673e-02	
885	4.435000e+00	2.913888e+00	1.521112e-02	
886	4.440000e+00	2.914448e+00	1.525552e-02	
887	4.445000e+00	2.915008e+00	1.529992e-02	
888	4.450000e+00	2.915567e+00	1.534433e-02	
889	4.455000e+00	2.916126e+00	1.538874e-02	
890	4.460000e+00	2.916685e+00	1.543315e-02	
891	4.465000e+00	2.917242e+00	1.547758e-02	
892	4.470000e+00	2.917800e+00	1.552200e-02	
893	4.475000e+00	2.918357e+00	1.556643e-02	
894	4.480000e+00	2.918913e+00	1.561087e-02	
895	4.485000e+00	2.919469e+00	1.565531e-02	
896	4.490000e+00	2.920024e+00	1.569976e-02	
897	4.495000e+00	2.920579e+00	1.574421e-02	
898	4.500000e+00	2.921134e+00	1.578866e-02	
899	4.505000e+00	2.921688e+00	1.583312e-02	
900	4.510000e+00	2.922241e+00	1.587759e-02	
901	4.515000e+00	2.922794e+00	1.592206e-02	
902	4.520000e+00	2.923347e+00	1.596653e-02	
903	4.525000e+00	2.923899e+00	1.601101e-02	
904	4.530000e+00	2.924450e+00	1.605550e-02	
905	4.535000e+00	2.925001e+00	1.609999e-02	
906	4.540000e+00	2.925552e+00	1.614448e-02	
907	4.545000e+00	2.926102e+00	1.618898e-02	
908	4.550000e+00	2.926652e+00	1.623348e-02	
909	4.555000e+00	2.927201e+00	1.627799e-02	
910	4.560000e+00	2.927750e+00	1.632250e-02	
911	4.565000e+00	2.928298e+00	1.636702e-02	
912	4.570000e+00	2.928846e+00	1.641154e-02	
913	4.575000e+00	2.929394e+00	1.645606e-02	
914	4.580000e+00	2.929941e+00	1.650059e-02	
915	4.585000e+00	2.930487e+00	1.654513e-02	
916	4.590000e+00	2.931033e+00	1.658967e-02	
917	4.595000e+00	2.931579e+00	1.663421e-02	
918	4.600000e+00	2.932124e+00	1.667876e-02	
919	4.605000e+00	2.932669e+00	1.672331e-02	
920	4.610000e+00	2.933214e+00	1.676786e-02	
921	4.615000e+00	2.933758e+00	1.681242e-02	
922	4.620000e+00	2.934301e+00	1.685699e-02	
923	4.625000e+00	2.934844e+00	1.690156e-02	
924	4.630000e+00	2.935387e+00	1.694613e-02	

Index   v-sweep         v(8)            i(vblue)        
--------------------------------------------------------------------------------
925	4.635000e+00	2.935929e+00	1.699071e-02	
926	4.640000e+00	2.936471e+00	1.703529e-02	
927	4.645000e+00	2.937012e+00	1.707988e-02	
928	4.650000e+00	2.937554e+00	1.712446e-02	
929	4.655000e+00	2.938094e+00	1.716906e-02	
930	4.660000e+00	2.938634e+00	1.721366e-02	
931	4.665000e+00	2.939174e+00	1.725826e-02	
932	4.670000e+00	2.939714e+00	1.730286e-02	
933	4.675000e+00	2.940252e+00	1.734748e-02	
934	4.680000e+00	2.940791e+00	1.739209e-02	
935	4.685000e+00	2.941329e+00	1.743671e-02	
936	4.690000e+00	2.941867e+00	1.748133e-02	
937	4.695000e+00	2.942404e+00	1.752596e-02	
938	4.700000e+00	2.942941e+00	1.757059e-02	
939	4.705000e+00	2.943478e+00	1.761522e-02	
940	4.710000e+00	2.944014e+00	1.765986e-02	
941	4.715000e+00	2.944550e+00	1.770450e-02	
942	4.720000e+00	2.945085e+00	1.774915e-02	
943	4.725000e+00	2.945620e+00	1.779380e-02	
944	4.730000e+00	2.946155e+00	1.783845e-02	
945	4.735000e+00	2.946689e+00	1.788311e-02	
946	4.740000e+00	2.947223e+00	1.792777e-02	
947	4.745000e+00	2.947757e+00	1.797243e-02	
948	4.750000e+00	2.948290e+00	1.801710e-02	
949	4.755000e+00	2.948823e+00	1.806177e-02	
950	4.760000e+00	2.949355e+00	1.810645e-02	
951	4.765000e+00	2.949887e+00	1.815113e-02	
952	4.770000e+00	2.950419e+00	1.819581e-02	
953	4.775000e+00	2.950950e+00	1.824050e-02	
954	4.780000e+00	2.951481e+00	1.828519e-02	
955	4.785000e+00	2.952012e+00	1.832988e-02	
956	4.790000e+00	2.952542e+00	1.837458e-02	
957	4.795000e+00	2.953072e+00	1.841928e-02	
958	4.800000e+00	2.953601e+00	1.846399e-02	
959	4.805000e+00	2.954130e+00	1.850870e-02	
960	4.810000e+00	2.954659e+00	1.855341e-02	
961	4.815000e+00	2.955187e+00	1.859813e-02	
962	4.820000e+00	2.955715e+00	1.864285e-02	
963	4.825000e+00	2.956243e+00	1.868757e-02	
964	4.830000e+00	2.956770e+00	1.873230e-02	
965	4.835000e+00	2.957297e+00	1.877703e-02	
966	4.840000e+00	2.957824e+00	1.882176e-02	
967	4.845000e+00	2.958350e+00	1.886650e-02	
968	4.850000e+00	2.958876e+00	1.891124e-02	
969	4.855000e+00	2.959402e+00	1.895598e-02	
970	4.860000e+00	2.959927e+00	1.900073e-02	
971	4.865000e+00	2.960452e+00	1.904548e-02	
972	4.870000e+00	2.960977e+00	1.909023e-02	
973	4.875000e+00	2.961501e+00	1.913499e-02	
974	4.880000e+00	2.962025e+00	1.917975e-02	
975	4.885000e+00	2.962549e+00	1.922451e-02	
976	4.890000e+00	2.963072e+00	1.926928e-02	
977	4.895000e+00	2.963595e+00	1.931405e-02	
978	4.900000e+00	2.964117e+00	1.935883e-02	
979	4.905000e+00	2.964640e+00	1.940360e-02	
980	4.910000e+00	2.965162e+00	1.944838e-02	
981	4.915000e+00	2.965683e+00	1.949317e-02	
982	4.920000e+00	2.966205e+00	1.953795e-02	

Index   v-sweep         v(8)            i(vblue)        
--------------------------------------------------------------------------------
983	4.925000e+00	2.966726e+00	1.958274e-02	
984	4.930000e+00	2.967246e+00	1.962754e-02	
985	4.935000e+00	2.967767e+00	1.967233e-02	
986	4.940000e+00	2.968287e+00	1.971713e-02	
987	4.945000e+00	2.968806e+00	1.976194e-02	
988	4.950000e+00	2.969326e+00	1.980674e-02	
989	4.955000e+00	2.969845e+00	1.985155e-02	
990	4.960000e+00	2.970364e+00	1.989636e-02	
991	4.965000e+00	2.970882e+00	1.994118e-02	
992	4.970000e+00	2.971400e+00	1.998600e-02	
993	4.975000e+00	2.971918e+00	2.003082e-02	
994	4.980000e+00	2.972436e+00	2.007564e-02	
995	4.985000e+00	2.972953e+00	2.012047e-02	
996	4.990000e+00	2.973470e+00	2.016530e-02	
997	4.995000e+00	2.973987e+00	2.021013e-02	
998	5.000000e+00	2.974503e+00	2.025497e-02	
