                     diode i-v characteristic and band gap
                     DC transfer characteristic  Wed Aug 10 19:45:34  2022
--------------------------------------------------------------------------------
Index   v-sweep         v(9)            i(vgreen)       
--------------------------------------------------------------------------------
0	1.000000e-02	1.000000e-02	1.001717e-14	
1	1.500000e-02	1.500000e-02	1.502680e-14	
2	2.000000e-02	2.000000e-02	2.003719e-14	
3	2.500000e-02	2.500000e-02	2.504843e-14	
4	3.000000e-02	3.000000e-02	3.006102e-14	
5	3.500000e-02	3.500000e-02	3.507459e-14	
6	4.000000e-02	4.000000e-02	4.008919e-14	
7	4.500000e-02	4.500000e-02	4.510465e-14	
8	5.000000e-02	5.000000e-02	5.012115e-14	
9	5.500000e-02	5.500000e-02	5.514068e-14	
10	6.000000e-02	6.000000e-02	6.016043e-14	
11	6.500000e-02	6.500000e-02	6.518180e-14	
12	7.000000e-02	7.000000e-02	7.020502e-14	
13	7.500000e-02	7.500000e-02	7.523181e-14	
14	8.000000e-02	8.000000e-02	8.025915e-14	
15	8.500000e-02	8.500000e-02	8.528941e-14	
16	9.000000e-02	9.000000e-02	9.032206e-14	
17	9.500000e-02	9.500000e-02	9.535721e-14	
18	1.000000e-01	1.000000e-01	1.003947e-13	
19	1.050000e-01	1.050000e-01	1.054374e-13	
20	1.100000e-01	1.100000e-01	1.104817e-13	
21	1.150000e-01	1.150000e-01	1.155311e-13	
22	1.200000e-01	1.200000e-01	1.205830e-13	
23	1.250000e-01	1.250000e-01	1.256426e-13	
24	1.300000e-01	1.300000e-01	1.307006e-13	
25	1.350000e-01	1.350000e-01	1.357710e-13	
26	1.400000e-01	1.400000e-01	1.408439e-13	
27	1.450000e-01	1.450000e-01	1.459230e-13	
28	1.500000e-01	1.500000e-01	1.510092e-13	
29	1.550000e-01	1.550000e-01	1.561019e-13	
30	1.600000e-01	1.600000e-01	1.612018e-13	
31	1.650000e-01	1.650000e-01	1.663131e-13	
32	1.700000e-01	1.700000e-01	1.714295e-13	
33	1.750000e-01	1.750000e-01	1.765593e-13	
34	1.800000e-01	1.800000e-01	1.816986e-13	
35	1.850000e-01	1.850000e-01	1.868505e-13	
36	1.900000e-01	1.900000e-01	1.920131e-13	
37	1.950000e-01	1.950000e-01	1.971899e-13	
38	2.000000e-01	2.000000e-01	2.023828e-13	
39	2.050000e-01	2.050000e-01	2.075931e-13	
40	2.100000e-01	2.100000e-01	2.128163e-13	
41	2.150000e-01	2.150000e-01	2.180612e-13	
42	2.200000e-01	2.200000e-01	2.233270e-13	
43	2.250000e-01	2.250000e-01	2.286153e-13	
44	2.300000e-01	2.300000e-01	2.339275e-13	
45	2.350000e-01	2.350000e-01	2.392669e-13	
46	2.400000e-01	2.400000e-01	2.446355e-13	
47	2.450000e-01	2.450000e-01	2.500313e-13	
48	2.500000e-01	2.500000e-01	2.554615e-13	
49	2.550000e-01	2.550000e-01	2.609306e-13	
50	2.600000e-01	2.600000e-01	2.664366e-13	
51	2.650000e-01	2.650000e-01	2.719873e-13	
52	2.700000e-01	2.700000e-01	2.775818e-13	
53	2.750000e-01	2.750000e-01	2.832257e-13	
54	2.800000e-01	2.800000e-01	2.889269e-13	

Index   v-sweep         v(9)            i(vgreen)       
--------------------------------------------------------------------------------
55	2.850000e-01	2.850000e-01	2.946857e-13	
56	2.900000e-01	2.900000e-01	3.005079e-13	
57	2.950000e-01	2.950000e-01	3.063981e-13	
58	3.000000e-01	3.000000e-01	3.123630e-13	
59	3.050000e-01	3.050000e-01	3.184120e-13	
60	3.100000e-01	3.100000e-01	3.245507e-13	
61	3.150000e-01	3.150000e-01	3.307814e-13	
62	3.200000e-01	3.200000e-01	3.371105e-13	
63	3.250000e-01	3.250000e-01	3.435581e-13	
64	3.300000e-01	3.300000e-01	3.501266e-13	
65	3.350000e-01	3.350000e-01	3.568261e-13	
66	3.400000e-01	3.400000e-01	3.636679e-13	
67	3.450000e-01	3.450000e-01	3.706649e-13	
68	3.500000e-01	3.500000e-01	3.778284e-13	
69	3.550000e-01	3.550000e-01	3.851767e-13	
70	3.600000e-01	3.600000e-01	3.927214e-13	
71	3.650000e-01	3.650000e-01	4.004765e-13	
72	3.700000e-01	3.700000e-01	4.084662e-13	
73	3.750000e-01	3.750000e-01	4.167070e-13	
74	3.800000e-01	3.800000e-01	4.252219e-13	
75	3.850000e-01	3.850000e-01	4.340304e-13	
76	3.900000e-01	3.900000e-01	4.431542e-13	
77	3.950000e-01	3.950000e-01	4.526336e-13	
78	4.000000e-01	4.000000e-01	4.624834e-13	
79	4.050000e-01	4.050000e-01	4.727390e-13	
80	4.100000e-01	4.100000e-01	4.834449e-13	
81	4.150000e-01	4.150000e-01	4.946191e-13	
82	4.200000e-01	4.200000e-01	5.063198e-13	
83	4.250000e-01	4.250000e-01	5.185800e-13	
84	4.300000e-01	4.300000e-01	5.314542e-13	
85	4.350000e-01	4.350000e-01	5.449842e-13	
86	4.400000e-01	4.400000e-01	5.592323e-13	
87	4.450000e-01	4.450000e-01	5.742594e-13	
88	4.500000e-01	4.500000e-01	5.901312e-13	
89	4.550000e-01	4.550000e-01	6.069173e-13	
90	4.600000e-01	4.600000e-01	6.246852e-13	
91	4.650000e-01	4.650000e-01	6.435330e-13	
92	4.700000e-01	4.700000e-01	6.635456e-13	
93	4.750000e-01	4.750000e-01	6.848177e-13	
94	4.800000e-01	4.800000e-01	7.074515e-13	
95	4.850000e-01	4.850000e-01	7.315728e-13	
96	4.900000e-01	4.900000e-01	7.573005e-13	
97	4.950000e-01	4.950000e-01	7.847690e-13	
98	5.000000e-01	5.000000e-01	8.141248e-13	
99	5.050000e-01	5.050000e-01	8.455311e-13	
100	5.100000e-01	5.100000e-01	8.791501e-13	
101	5.150000e-01	5.150000e-01	9.151811e-13	
102	5.200000e-01	5.200000e-01	9.538091e-13	
103	5.250000e-01	5.250000e-01	9.952698e-13	
104	5.300000e-01	5.300000e-01	1.039787e-12	
105	5.350000e-01	5.350000e-01	1.087632e-12	
106	5.400000e-01	5.400000e-01	1.139076e-12	
107	5.450000e-01	5.450000e-01	1.194427e-12	
108	5.500000e-01	5.500000e-01	1.254000e-12	
109	5.550000e-01	5.550000e-01	1.318153e-12	
110	5.600000e-01	5.600000e-01	1.387298e-12	
111	5.650000e-01	5.650000e-01	1.461819e-12	
112	5.700000e-01	5.700000e-01	1.542180e-12	

Index   v-sweep         v(9)            i(vgreen)       
--------------------------------------------------------------------------------
113	5.750000e-01	5.750000e-01	1.628880e-12	
114	5.800000e-01	5.800000e-01	1.722440e-12	
115	5.850000e-01	5.850000e-01	1.823446e-12	
116	5.900000e-01	5.900000e-01	1.932507e-12	
117	5.950000e-01	5.950000e-01	2.050326e-12	
118	6.000000e-01	6.000000e-01	2.177610e-12	
119	6.050000e-01	6.050000e-01	2.315185e-12	
120	6.100000e-01	6.100000e-01	2.463895e-12	
121	6.150000e-01	6.150000e-01	2.624678e-12	
122	6.200000e-01	6.200000e-01	2.798544e-12	
123	6.250000e-01	6.250000e-01	2.986611e-12	
124	6.300000e-01	6.300000e-01	3.190052e-12	
125	6.350000e-01	6.350000e-01	3.410167e-12	
126	6.400000e-01	6.400000e-01	3.648361e-12	
127	6.450000e-01	6.450000e-01	3.906151e-12	
128	6.500000e-01	6.500000e-01	4.185171e-12	
129	6.550000e-01	6.550000e-01	4.487224e-12	
130	6.600000e-01	6.600000e-01	4.814237e-12	
131	6.650000e-01	6.650000e-01	5.168306e-12	
132	6.700000e-01	6.700000e-01	5.551707e-12	
133	6.750000e-01	6.750000e-01	5.966908e-12	
134	6.800000e-01	6.800000e-01	6.416568e-12	
135	6.850000e-01	6.850000e-01	6.903591e-12	
136	6.900000e-01	6.900000e-01	7.431119e-12	
137	6.950000e-01	6.950000e-01	8.002549e-12	
138	7.000000e-01	7.000000e-01	8.621564e-12	
139	7.050000e-01	7.050000e-01	9.292191e-12	
140	7.100000e-01	7.100000e-01	1.001874e-11	
141	7.150000e-01	7.150000e-01	1.080592e-11	
142	7.200000e-01	7.200000e-01	1.165882e-11	
143	7.250000e-01	7.250000e-01	1.258296e-11	
144	7.300000e-01	7.300000e-01	1.358434e-11	
145	7.350000e-01	7.350000e-01	1.466944e-11	
146	7.400000e-01	7.400000e-01	1.584529e-11	
147	7.450000e-01	7.450000e-01	1.711953e-11	
148	7.500000e-01	7.500000e-01	1.850041e-11	
149	7.550000e-01	7.550000e-01	1.999690e-11	
150	7.600000e-01	7.600000e-01	2.161871e-11	
151	7.650000e-01	7.650000e-01	2.337638e-11	
152	7.700000e-01	7.700000e-01	2.528132e-11	
153	7.750000e-01	7.750000e-01	2.734589e-11	
154	7.800000e-01	7.800000e-01	2.958352e-11	
155	7.850000e-01	7.850000e-01	3.200876e-11	
156	7.900000e-01	7.900000e-01	3.463735e-11	
157	7.950000e-01	7.950000e-01	3.748638e-11	
158	8.000000e-01	8.000000e-01	4.057440e-11	
159	8.050000e-01	8.050000e-01	4.392145e-11	
160	8.100000e-01	8.100000e-01	4.754933e-11	
161	8.150000e-01	8.150000e-01	5.148162e-11	
162	8.200000e-01	8.200000e-01	5.574390e-11	
163	8.250000e-01	8.250000e-01	6.036391e-11	
164	8.300000e-01	8.300000e-01	6.537168e-11	
165	8.350000e-01	8.350000e-01	7.079982e-11	
166	8.400000e-01	8.400000e-01	7.668362e-11	
167	8.450000e-01	8.450000e-01	8.306143e-11	
168	8.500000e-01	8.500000e-01	8.997468e-11	
169	8.550000e-01	8.550000e-01	9.746841e-11	
170	8.600000e-01	8.600000e-01	1.055914e-10	

Index   v-sweep         v(9)            i(vgreen)       
--------------------------------------------------------------------------------
171	8.650000e-01	8.650000e-01	1.143964e-10	
172	8.700000e-01	8.700000e-01	1.239410e-10	
173	8.750000e-01	8.750000e-01	1.342870e-10	
174	8.800000e-01	8.800000e-01	1.455020e-10	
175	8.850000e-01	8.850000e-01	1.576589e-10	
176	8.900000e-01	8.900000e-01	1.708369e-10	
177	8.950000e-01	8.950000e-01	1.851217e-10	
178	9.000000e-01	9.000000e-01	2.006064e-10	
179	9.050000e-01	9.050000e-01	2.173918e-10	
180	9.100000e-01	9.100000e-01	2.355871e-10	
181	9.150000e-01	9.150000e-01	2.553109e-10	
182	9.200000e-01	9.200000e-01	2.766915e-10	
183	9.250000e-01	9.250000e-01	2.998683e-10	
184	9.300000e-01	9.300000e-01	3.249921e-10	
185	9.350000e-01	9.350000e-01	3.522265e-10	
186	9.400000e-01	9.400000e-01	3.817488e-10	
187	9.450000e-01	9.450000e-01	4.137513e-10	
188	9.500000e-01	9.500000e-01	4.484424e-10	
189	9.550000e-01	9.550000e-01	4.860480e-10	
190	9.600000e-01	9.599999e-01	5.268130e-10	
191	9.650000e-01	9.649999e-01	5.710029e-10	
192	9.700000e-01	9.699999e-01	6.189054e-10	
193	9.750000e-01	9.749999e-01	6.708325e-10	
194	9.800000e-01	9.799999e-01	7.271224e-10	
195	9.850000e-01	9.849999e-01	7.881416e-10	
196	9.900000e-01	9.899999e-01	8.542874e-10	
197	9.950000e-01	9.949999e-01	9.259908e-10	
198	1.000000e+00	9.999999e-01	1.003719e-09	
199	1.005000e+00	1.005000e+00	1.087977e-09	
200	1.010000e+00	1.010000e+00	1.179315e-09	
201	1.015000e+00	1.015000e+00	1.278327e-09	
202	1.020000e+00	1.020000e+00	1.385658e-09	
203	1.025000e+00	1.025000e+00	1.502007e-09	
204	1.030000e+00	1.030000e+00	1.628132e-09	
205	1.035000e+00	1.035000e+00	1.764855e-09	
206	1.040000e+00	1.040000e+00	1.913064e-09	
207	1.045000e+00	1.045000e+00	2.073727e-09	
208	1.050000e+00	1.050000e+00	2.247889e-09	
209	1.055000e+00	1.055000e+00	2.436684e-09	
210	1.060000e+00	1.060000e+00	2.641342e-09	
211	1.065000e+00	1.065000e+00	2.863197e-09	
212	1.070000e+00	1.070000e+00	3.103691e-09	
213	1.075000e+00	1.075000e+00	3.364393e-09	
214	1.080000e+00	1.080000e+00	3.647000e-09	
215	1.085000e+00	1.085000e+00	3.953352e-09	
216	1.090000e+00	1.090000e+00	4.285444e-09	
217	1.095000e+00	1.095000e+00	4.645440e-09	
218	1.100000e+00	1.099999e+00	5.035683e-09	
219	1.105000e+00	1.104999e+00	5.458716e-09	
220	1.110000e+00	1.109999e+00	5.917293e-09	
221	1.115000e+00	1.114999e+00	6.414401e-09	
222	1.120000e+00	1.119999e+00	6.953277e-09	
223	1.125000e+00	1.124999e+00	7.537430e-09	
224	1.130000e+00	1.129999e+00	8.170665e-09	
225	1.135000e+00	1.134999e+00	8.857106e-09	
226	1.140000e+00	1.139999e+00	9.601223e-09	
227	1.145000e+00	1.144999e+00	1.040786e-08	
228	1.150000e+00	1.149999e+00	1.128227e-08	

Index   v-sweep         v(9)            i(vgreen)       
--------------------------------------------------------------------------------
229	1.155000e+00	1.154999e+00	1.223016e-08	
230	1.160000e+00	1.159999e+00	1.325768e-08	
231	1.165000e+00	1.164999e+00	1.437154e-08	
232	1.170000e+00	1.169998e+00	1.557898e-08	
233	1.175000e+00	1.174998e+00	1.688788e-08	
234	1.180000e+00	1.179998e+00	1.830674e-08	
235	1.185000e+00	1.184998e+00	1.984482e-08	
236	1.190000e+00	1.189998e+00	2.151213e-08	
237	1.195000e+00	1.194998e+00	2.331952e-08	
238	1.200000e+00	1.199997e+00	2.527876e-08	
239	1.205000e+00	1.204997e+00	2.740261e-08	
240	1.210000e+00	1.209997e+00	2.970490e-08	
241	1.215000e+00	1.214997e+00	3.220061e-08	
242	1.220000e+00	1.219997e+00	3.490601e-08	
243	1.225000e+00	1.224996e+00	3.783869e-08	
244	1.230000e+00	1.229996e+00	4.101776e-08	
245	1.235000e+00	1.234996e+00	4.446391e-08	
246	1.240000e+00	1.239995e+00	4.819957e-08	
247	1.245000e+00	1.244995e+00	5.224907e-08	
248	1.250000e+00	1.249994e+00	5.663875e-08	
249	1.255000e+00	1.254994e+00	6.139720e-08	
250	1.260000e+00	1.259993e+00	6.655539e-08	
251	1.265000e+00	1.264993e+00	7.214688e-08	
252	1.270000e+00	1.269992e+00	7.820807e-08	
253	1.275000e+00	1.274992e+00	8.477840e-08	
254	1.280000e+00	1.279991e+00	9.190063e-08	
255	1.285000e+00	1.284990e+00	9.962110e-08	
256	1.290000e+00	1.289989e+00	1.079900e-07	
257	1.295000e+00	1.294988e+00	1.170619e-07	
258	1.300000e+00	1.299987e+00	1.268956e-07	
259	1.305000e+00	1.304986e+00	1.375553e-07	
260	1.310000e+00	1.309985e+00	1.491102e-07	
261	1.315000e+00	1.314984e+00	1.616354e-07	
262	1.320000e+00	1.319982e+00	1.752124e-07	
263	1.325000e+00	1.324981e+00	1.899294e-07	
264	1.330000e+00	1.329979e+00	2.058822e-07	
265	1.335000e+00	1.334978e+00	2.231744e-07	
266	1.340000e+00	1.339976e+00	2.419183e-07	
267	1.345000e+00	1.344974e+00	2.622357e-07	
268	1.350000e+00	1.349972e+00	2.842585e-07	
269	1.355000e+00	1.354969e+00	3.081299e-07	
270	1.360000e+00	1.359967e+00	3.340047e-07	
271	1.365000e+00	1.364964e+00	3.620509e-07	
272	1.370000e+00	1.369961e+00	3.924505e-07	
273	1.375000e+00	1.374957e+00	4.254005e-07	
274	1.380000e+00	1.379954e+00	4.611148e-07	
275	1.385000e+00	1.384950e+00	4.998246e-07	
276	1.390000e+00	1.389946e+00	5.417809e-07	
277	1.395000e+00	1.394941e+00	5.872554e-07	
278	1.400000e+00	1.399936e+00	6.365423e-07	
279	1.405000e+00	1.404931e+00	6.899606e-07	
280	1.410000e+00	1.409925e+00	7.478557e-07	
281	1.415000e+00	1.414919e+00	8.106015e-07	
282	1.420000e+00	1.419912e+00	8.786035e-07	
283	1.425000e+00	1.424905e+00	9.523002e-07	
284	1.430000e+00	1.429897e+00	1.032167e-06	
285	1.435000e+00	1.434888e+00	1.118718e-06	
286	1.440000e+00	1.439879e+00	1.212512e-06	

Index   v-sweep         v(9)            i(vgreen)       
--------------------------------------------------------------------------------
287	1.445000e+00	1.444869e+00	1.314149e-06	
288	1.450000e+00	1.449858e+00	1.424285e-06	
289	1.455000e+00	1.454846e+00	1.543625e-06	
290	1.460000e+00	1.459833e+00	1.672934e-06	
291	1.465000e+00	1.464819e+00	1.813039e-06	
292	1.470000e+00	1.469804e+00	1.964836e-06	
293	1.475000e+00	1.474787e+00	2.129293e-06	
294	1.480000e+00	1.479769e+00	2.307458e-06	
295	1.485000e+00	1.484750e+00	2.500462e-06	
296	1.490000e+00	1.489729e+00	2.709531e-06	
297	1.495000e+00	1.494706e+00	2.935987e-06	
298	1.500000e+00	1.499682e+00	3.181261e-06	
299	1.505000e+00	1.504655e+00	3.446898e-06	
300	1.510000e+00	1.509627e+00	3.734565e-06	
301	1.515000e+00	1.514595e+00	4.046064e-06	
302	1.520000e+00	1.519562e+00	4.383339e-06	
303	1.525000e+00	1.524525e+00	4.748488e-06	
304	1.530000e+00	1.529486e+00	5.143772e-06	
305	1.535000e+00	1.534443e+00	5.571631e-06	
306	1.540000e+00	1.539397e+00	6.034691e-06	
307	1.545000e+00	1.544346e+00	6.535784e-06	
308	1.550000e+00	1.549292e+00	7.077955e-06	
309	1.555000e+00	1.554234e+00	7.664481e-06	
310	1.560000e+00	1.559170e+00	8.298887e-06	
311	1.565000e+00	1.564102e+00	8.984957e-06	
312	1.570000e+00	1.569027e+00	9.726757e-06	
313	1.575000e+00	1.573947e+00	1.052865e-05	
314	1.580000e+00	1.578860e+00	1.139530e-05	
315	1.585000e+00	1.583767e+00	1.233172e-05	
316	1.590000e+00	1.588666e+00	1.334327e-05	
317	1.595000e+00	1.593556e+00	1.443566e-05	
318	1.600000e+00	1.598438e+00	1.561501e-05	
319	1.605000e+00	1.603311e+00	1.688783e-05	
320	1.610000e+00	1.608174e+00	1.826106e-05	
321	1.615000e+00	1.613026e+00	1.974207e-05	
322	1.620000e+00	1.617866e+00	2.133870e-05	
323	1.625000e+00	1.622694e+00	2.305924e-05	
324	1.630000e+00	1.627509e+00	2.491249e-05	
325	1.635000e+00	1.632309e+00	2.690771e-05	
326	1.640000e+00	1.637095e+00	2.905469e-05	
327	1.645000e+00	1.641864e+00	3.136371e-05	
328	1.650000e+00	1.646615e+00	3.384556e-05	
329	1.655000e+00	1.651349e+00	3.651155e-05	
330	1.660000e+00	1.656063e+00	3.937347e-05	
331	1.665000e+00	1.660756e+00	4.244360e-05	
332	1.670000e+00	1.665427e+00	4.573470e-05	
333	1.675000e+00	1.670074e+00	4.925996e-05	
334	1.680000e+00	1.674697e+00	5.303299e-05	
335	1.685000e+00	1.679293e+00	5.706777e-05	
336	1.690000e+00	1.683862e+00	6.137862e-05	
337	1.695000e+00	1.688402e+00	6.598013e-05	
338	1.700000e+00	1.692911e+00	7.088713e-05	
339	1.705000e+00	1.697389e+00	7.611458e-05	
340	1.710000e+00	1.701832e+00	8.167755e-05	
341	1.715000e+00	1.706241e+00	8.759110e-05	
342	1.720000e+00	1.710613e+00	9.387021e-05	
343	1.725000e+00	1.714947e+00	1.005297e-04	
344	1.730000e+00	1.719242e+00	1.075842e-04	

Index   v-sweep         v(9)            i(vgreen)       
--------------------------------------------------------------------------------
345	1.735000e+00	1.723495e+00	1.150478e-04	
346	1.740000e+00	1.727707e+00	1.229344e-04	
347	1.745000e+00	1.731874e+00	1.312572e-04	
348	1.750000e+00	1.735997e+00	1.400288e-04	
349	1.755000e+00	1.740074e+00	1.492612e-04	
350	1.760000e+00	1.744103e+00	1.589655e-04	
351	1.765000e+00	1.748085e+00	1.691519e-04	
352	1.770000e+00	1.752017e+00	1.798299e-04	
353	1.775000e+00	1.755899e+00	1.910078e-04	
354	1.780000e+00	1.759731e+00	2.026930e-04	
355	1.785000e+00	1.763511e+00	2.148917e-04	
356	1.790000e+00	1.767239e+00	2.276092e-04	
357	1.795000e+00	1.770915e+00	2.408496e-04	
358	1.800000e+00	1.774538e+00	2.546159e-04	
359	1.805000e+00	1.778109e+00	2.689102e-04	
360	1.810000e+00	1.781627e+00	2.837333e-04	
361	1.815000e+00	1.785091e+00	2.990851e-04	
362	1.820000e+00	1.788504e+00	3.149644e-04	
363	1.825000e+00	1.791863e+00	3.313692e-04	
364	1.830000e+00	1.795170e+00	3.482966e-04	
365	1.835000e+00	1.798426e+00	3.657426e-04	
366	1.840000e+00	1.801630e+00	3.837026e-04	
367	1.845000e+00	1.804783e+00	4.021715e-04	
368	1.850000e+00	1.807886e+00	4.211431e-04	
369	1.855000e+00	1.810939e+00	4.406109e-04	
370	1.860000e+00	1.813943e+00	4.605677e-04	
371	1.865000e+00	1.816899e+00	4.810061e-04	
372	1.870000e+00	1.819808e+00	5.019180e-04	
373	1.875000e+00	1.822670e+00	5.232951e-04	
374	1.880000e+00	1.825487e+00	5.451287e-04	
375	1.885000e+00	1.828259e+00	5.674100e-04	
376	1.890000e+00	1.830987e+00	5.901299e-04	
377	1.895000e+00	1.833672e+00	6.132792e-04	
378	1.900000e+00	1.836315e+00	6.368487e-04	
379	1.905000e+00	1.838917e+00	6.608289e-04	
380	1.910000e+00	1.841479e+00	6.852105e-04	
381	1.915000e+00	1.844002e+00	7.099841e-04	
382	1.920000e+00	1.846486e+00	7.351403e-04	
383	1.925000e+00	1.848933e+00	7.606700e-04	
384	1.930000e+00	1.851344e+00	7.865638e-04	
385	1.935000e+00	1.853719e+00	8.128127e-04	
386	1.940000e+00	1.856059e+00	8.394077e-04	
387	1.945000e+00	1.858366e+00	8.663400e-04	
388	1.950000e+00	1.860640e+00	8.936010e-04	
389	1.955000e+00	1.862882e+00	9.211820e-04	
390	1.960000e+00	1.865093e+00	9.490747e-04	
391	1.965000e+00	1.867273e+00	9.772711e-04	
392	1.970000e+00	1.869424e+00	1.005763e-03	
393	1.975000e+00	1.871546e+00	1.034543e-03	
394	1.980000e+00	1.873640e+00	1.063602e-03	
395	1.985000e+00	1.875706e+00	1.092935e-03	
396	1.990000e+00	1.877747e+00	1.122533e-03	
397	1.995000e+00	1.879761e+00	1.152390e-03	
398	2.000000e+00	1.881750e+00	1.182498e-03	
399	2.005000e+00	1.883715e+00	1.212851e-03	
400	2.010000e+00	1.885656e+00	1.243442e-03	
401	2.015000e+00	1.887573e+00	1.274266e-03	
402	2.020000e+00	1.889468e+00	1.305315e-03	

Index   v-sweep         v(9)            i(vgreen)       
--------------------------------------------------------------------------------
403	2.025000e+00	1.891341e+00	1.336585e-03	
404	2.030000e+00	1.893193e+00	1.368069e-03	
405	2.035000e+00	1.895024e+00	1.399762e-03	
406	2.040000e+00	1.896834e+00	1.431659e-03	
407	2.045000e+00	1.898625e+00	1.463753e-03	
408	2.050000e+00	1.900396e+00	1.496040e-03	
409	2.055000e+00	1.902148e+00	1.528516e-03	
410	2.060000e+00	1.903883e+00	1.561174e-03	
411	2.065000e+00	1.905599e+00	1.594012e-03	
412	2.070000e+00	1.907298e+00	1.627023e-03	
413	2.075000e+00	1.908980e+00	1.660204e-03	
414	2.080000e+00	1.910645e+00	1.693551e-03	
415	2.085000e+00	1.912294e+00	1.727059e-03	
416	2.090000e+00	1.913928e+00	1.760725e-03	
417	2.095000e+00	1.915546e+00	1.794544e-03	
418	2.100000e+00	1.917149e+00	1.828513e-03	
419	2.105000e+00	1.918737e+00	1.862628e-03	
420	2.110000e+00	1.920311e+00	1.896887e-03	
421	2.115000e+00	1.921872e+00	1.931284e-03	
422	2.120000e+00	1.923418e+00	1.965818e-03	
423	2.125000e+00	1.924952e+00	2.000484e-03	
424	2.130000e+00	1.926472e+00	2.035280e-03	
425	2.135000e+00	1.927980e+00	2.070203e-03	
426	2.140000e+00	1.929475e+00	2.105250e-03	
427	2.145000e+00	1.930958e+00	2.140418e-03	
428	2.150000e+00	1.932430e+00	2.175704e-03	
429	2.155000e+00	1.933889e+00	2.211106e-03	
430	2.160000e+00	1.935338e+00	2.246620e-03	
431	2.165000e+00	1.936775e+00	2.282246e-03	
432	2.170000e+00	1.938202e+00	2.317979e-03	
433	2.175000e+00	1.939618e+00	2.353818e-03	
434	2.180000e+00	1.941024e+00	2.389760e-03	
435	2.185000e+00	1.942420e+00	2.425804e-03	
436	2.190000e+00	1.943805e+00	2.461947e-03	
437	2.195000e+00	1.945181e+00	2.498187e-03	
438	2.200000e+00	1.946548e+00	2.534521e-03	
439	2.205000e+00	1.947905e+00	2.570949e-03	
440	2.210000e+00	1.949253e+00	2.607467e-03	
441	2.215000e+00	1.950593e+00	2.644075e-03	
442	2.220000e+00	1.951923e+00	2.680770e-03	
443	2.225000e+00	1.953245e+00	2.717550e-03	
444	2.230000e+00	1.954559e+00	2.754415e-03	
445	2.235000e+00	1.955864e+00	2.791361e-03	
446	2.240000e+00	1.957161e+00	2.828388e-03	
447	2.245000e+00	1.958451e+00	2.865493e-03	
448	2.250000e+00	1.959732e+00	2.902677e-03	
449	2.255000e+00	1.961006e+00	2.939936e-03	
450	2.260000e+00	1.962273e+00	2.977269e-03	
451	2.265000e+00	1.963532e+00	3.014675e-03	
452	2.270000e+00	1.964785e+00	3.052153e-03	
453	2.275000e+00	1.966030e+00	3.089702e-03	
454	2.280000e+00	1.967268e+00	3.127319e-03	
455	2.285000e+00	1.968500e+00	3.165003e-03	
456	2.290000e+00	1.969725e+00	3.202755e-03	
457	2.295000e+00	1.970943e+00	3.240571e-03	
458	2.300000e+00	1.972155e+00	3.278451e-03	
459	2.305000e+00	1.973361e+00	3.316394e-03	
460	2.310000e+00	1.974560e+00	3.354399e-03	

Index   v-sweep         v(9)            i(vgreen)       
--------------------------------------------------------------------------------
461	2.315000e+00	1.975754e+00	3.392465e-03	
462	2.320000e+00	1.976941e+00	3.430590e-03	
463	2.325000e+00	1.978123e+00	3.468773e-03	
464	2.330000e+00	1.979299e+00	3.507014e-03	
465	2.335000e+00	1.980469e+00	3.545312e-03	
466	2.340000e+00	1.981633e+00	3.583665e-03	
467	2.345000e+00	1.982793e+00	3.622073e-03	
468	2.350000e+00	1.983947e+00	3.660534e-03	
469	2.355000e+00	1.985095e+00	3.699048e-03	
470	2.360000e+00	1.986239e+00	3.737614e-03	
471	2.365000e+00	1.987377e+00	3.776230e-03	
472	2.370000e+00	1.988510e+00	3.814897e-03	
473	2.375000e+00	1.989639e+00	3.853614e-03	
474	2.380000e+00	1.990762e+00	3.892379e-03	
475	2.385000e+00	1.991881e+00	3.931191e-03	
476	2.390000e+00	1.992995e+00	3.970051e-03	
477	2.395000e+00	1.994104e+00	4.008957e-03	
478	2.400000e+00	1.995209e+00	4.047908e-03	
479	2.405000e+00	1.996310e+00	4.086904e-03	
480	2.410000e+00	1.997406e+00	4.125944e-03	
481	2.415000e+00	1.998497e+00	4.165028e-03	
482	2.420000e+00	1.999585e+00	4.204154e-03	
483	2.425000e+00	2.000668e+00	4.243322e-03	
484	2.430000e+00	2.001747e+00	4.282532e-03	
485	2.435000e+00	2.002822e+00	4.321783e-03	
486	2.440000e+00	2.003893e+00	4.361073e-03	
487	2.445000e+00	2.004960e+00	4.400404e-03	
488	2.450000e+00	2.006023e+00	4.439773e-03	
489	2.455000e+00	2.007082e+00	4.479181e-03	
490	2.460000e+00	2.008137e+00	4.518627e-03	
491	2.465000e+00	2.009189e+00	4.558109e-03	
492	2.470000e+00	2.010237e+00	4.597629e-03	
493	2.475000e+00	2.011281e+00	4.637185e-03	
494	2.480000e+00	2.012322e+00	4.676777e-03	
495	2.485000e+00	2.013360e+00	4.716404e-03	
496	2.490000e+00	2.014393e+00	4.756065e-03	
497	2.495000e+00	2.015424e+00	4.795761e-03	
498	2.500000e+00	2.016451e+00	4.835491e-03	
499	2.505000e+00	2.017475e+00	4.875254e-03	
500	2.510000e+00	2.018495e+00	4.915050e-03	
501	2.515000e+00	2.019512e+00	4.954878e-03	
502	2.520000e+00	2.020526e+00	4.994738e-03	
503	2.525000e+00	2.021537e+00	5.034629e-03	
504	2.530000e+00	2.022545e+00	5.074552e-03	
505	2.535000e+00	2.023549e+00	5.114505e-03	
506	2.540000e+00	2.024551e+00	5.154489e-03	
507	2.545000e+00	2.025550e+00	5.194502e-03	
508	2.550000e+00	2.026546e+00	5.234545e-03	
509	2.555000e+00	2.027538e+00	5.274617e-03	
510	2.560000e+00	2.028528e+00	5.314718e-03	
511	2.565000e+00	2.029515e+00	5.354846e-03	
512	2.570000e+00	2.030500e+00	5.395003e-03	
513	2.575000e+00	2.031481e+00	5.435188e-03	
514	2.580000e+00	2.032460e+00	5.475400e-03	
515	2.585000e+00	2.033436e+00	5.515638e-03	
516	2.590000e+00	2.034410e+00	5.555904e-03	
517	2.595000e+00	2.035380e+00	5.596195e-03	
518	2.600000e+00	2.036349e+00	5.636513e-03	

Index   v-sweep         v(9)            i(vgreen)       
--------------------------------------------------------------------------------
519	2.605000e+00	2.037314e+00	5.676856e-03	
520	2.610000e+00	2.038278e+00	5.717224e-03	
521	2.615000e+00	2.039238e+00	5.757617e-03	
522	2.620000e+00	2.040197e+00	5.798035e-03	
523	2.625000e+00	2.041152e+00	5.838477e-03	
524	2.630000e+00	2.042106e+00	5.878944e-03	
525	2.635000e+00	2.043057e+00	5.919434e-03	
526	2.640000e+00	2.044005e+00	5.959947e-03	
527	2.645000e+00	2.044952e+00	6.000484e-03	
528	2.650000e+00	2.045896e+00	6.041044e-03	
529	2.655000e+00	2.046837e+00	6.081627e-03	
530	2.660000e+00	2.047777e+00	6.122231e-03	
531	2.665000e+00	2.048714e+00	6.162858e-03	
532	2.670000e+00	2.049649e+00	6.203507e-03	
533	2.675000e+00	2.050582e+00	6.244178e-03	
534	2.680000e+00	2.051513e+00	6.284870e-03	
535	2.685000e+00	2.052442e+00	6.325583e-03	
536	2.690000e+00	2.053368e+00	6.366317e-03	
537	2.695000e+00	2.054293e+00	6.407072e-03	
538	2.700000e+00	2.055215e+00	6.447847e-03	
539	2.705000e+00	2.056136e+00	6.488643e-03	
540	2.710000e+00	2.057054e+00	6.529458e-03	
541	2.715000e+00	2.057971e+00	6.570294e-03	
542	2.720000e+00	2.058885e+00	6.611148e-03	
543	2.725000e+00	2.059798e+00	6.652023e-03	
544	2.730000e+00	2.060708e+00	6.692916e-03	
545	2.735000e+00	2.061617e+00	6.733828e-03	
546	2.740000e+00	2.062524e+00	6.774759e-03	
547	2.745000e+00	2.063429e+00	6.815709e-03	
548	2.750000e+00	2.064332e+00	6.856676e-03	
549	2.755000e+00	2.065234e+00	6.897662e-03	
550	2.760000e+00	2.066133e+00	6.938666e-03	
551	2.765000e+00	2.067031e+00	6.979688e-03	
552	2.770000e+00	2.067927e+00	7.020727e-03	
553	2.775000e+00	2.068822e+00	7.061784e-03	
554	2.780000e+00	2.069714e+00	7.102858e-03	
555	2.785000e+00	2.070605e+00	7.143949e-03	
556	2.790000e+00	2.071494e+00	7.185056e-03	
557	2.795000e+00	2.072382e+00	7.226181e-03	
558	2.800000e+00	2.073268e+00	7.267322e-03	
559	2.805000e+00	2.074152e+00	7.308479e-03	
560	2.810000e+00	2.075035e+00	7.349653e-03	
561	2.815000e+00	2.075916e+00	7.390842e-03	
562	2.820000e+00	2.076795e+00	7.432048e-03	
563	2.825000e+00	2.077673e+00	7.473269e-03	
564	2.830000e+00	2.078549e+00	7.514505e-03	
565	2.835000e+00	2.079424e+00	7.555757e-03	
566	2.840000e+00	2.080298e+00	7.597025e-03	
567	2.845000e+00	2.081169e+00	7.638307e-03	
568	2.850000e+00	2.082040e+00	7.679605e-03	
569	2.855000e+00	2.082908e+00	7.720917e-03	
570	2.860000e+00	2.083776e+00	7.762244e-03	
571	2.865000e+00	2.084642e+00	7.803585e-03	
572	2.870000e+00	2.085506e+00	7.844941e-03	
573	2.875000e+00	2.086369e+00	7.886311e-03	
574	2.880000e+00	2.087231e+00	7.927695e-03	
575	2.885000e+00	2.088091e+00	7.969093e-03	
576	2.890000e+00	2.088950e+00	8.010505e-03	

Index   v-sweep         v(9)            i(vgreen)       
--------------------------------------------------------------------------------
577	2.895000e+00	2.089807e+00	8.051931e-03	
578	2.900000e+00	2.090663e+00	8.093370e-03	
579	2.905000e+00	2.091518e+00	8.134823e-03	
580	2.910000e+00	2.092371e+00	8.176289e-03	
581	2.915000e+00	2.093223e+00	8.217768e-03	
582	2.920000e+00	2.094074e+00	8.259260e-03	
583	2.925000e+00	2.094923e+00	8.300766e-03	
584	2.930000e+00	2.095772e+00	8.342284e-03	
585	2.935000e+00	2.096618e+00	8.383815e-03	
586	2.940000e+00	2.097464e+00	8.425359e-03	
587	2.945000e+00	2.098308e+00	8.466915e-03	
588	2.950000e+00	2.099152e+00	8.508484e-03	
589	2.955000e+00	2.099994e+00	8.550065e-03	
590	2.960000e+00	2.100834e+00	8.591658e-03	
591	2.965000e+00	2.101674e+00	8.633263e-03	
592	2.970000e+00	2.102512e+00	8.674880e-03	
593	2.975000e+00	2.103349e+00	8.716509e-03	
594	2.980000e+00	2.104185e+00	8.758150e-03	
595	2.985000e+00	2.105020e+00	8.799803e-03	
596	2.990000e+00	2.105853e+00	8.841467e-03	
597	2.995000e+00	2.106686e+00	8.883142e-03	
598	3.000000e+00	2.107517e+00	8.924829e-03	
599	3.005000e+00	2.108347e+00	8.966527e-03	
600	3.010000e+00	2.109176e+00	9.008237e-03	
601	3.015000e+00	2.110004e+00	9.049957e-03	
602	3.020000e+00	2.110831e+00	9.091689e-03	
603	3.025000e+00	2.111657e+00	9.133431e-03	
604	3.030000e+00	2.112482e+00	9.175184e-03	
605	3.035000e+00	2.113305e+00	9.216948e-03	
606	3.040000e+00	2.114128e+00	9.258723e-03	
607	3.045000e+00	2.114949e+00	9.300508e-03	
608	3.050000e+00	2.115770e+00	9.342303e-03	
609	3.055000e+00	2.116589e+00	9.384109e-03	
610	3.060000e+00	2.117407e+00	9.425925e-03	
611	3.065000e+00	2.118225e+00	9.467752e-03	
612	3.070000e+00	2.119041e+00	9.509588e-03	
613	3.075000e+00	2.119857e+00	9.551435e-03	
614	3.080000e+00	2.120671e+00	9.593291e-03	
615	3.085000e+00	2.121484e+00	9.635158e-03	
616	3.090000e+00	2.122297e+00	9.677034e-03	
617	3.095000e+00	2.123108e+00	9.718920e-03	
618	3.100000e+00	2.123918e+00	9.760815e-03	
619	3.105000e+00	2.124728e+00	9.802721e-03	
620	3.110000e+00	2.125536e+00	9.844635e-03	
621	3.115000e+00	2.126344e+00	9.886559e-03	
622	3.120000e+00	2.127151e+00	9.928493e-03	
623	3.125000e+00	2.127956e+00	9.970435e-03	
624	3.130000e+00	2.128761e+00	1.001239e-02	
625	3.135000e+00	2.129565e+00	1.005435e-02	
626	3.140000e+00	2.130368e+00	1.009632e-02	
627	3.145000e+00	2.131170e+00	1.013830e-02	
628	3.150000e+00	2.131971e+00	1.018029e-02	
629	3.155000e+00	2.132772e+00	1.022228e-02	
630	3.160000e+00	2.133571e+00	1.026429e-02	
631	3.165000e+00	2.134370e+00	1.030630e-02	
632	3.170000e+00	2.135167e+00	1.034833e-02	
633	3.175000e+00	2.135964e+00	1.039036e-02	
634	3.180000e+00	2.136760e+00	1.043240e-02	

Index   v-sweep         v(9)            i(vgreen)       
--------------------------------------------------------------------------------
635	3.185000e+00	2.137555e+00	1.047445e-02	
636	3.190000e+00	2.138350e+00	1.051650e-02	
637	3.195000e+00	2.139143e+00	1.055857e-02	
638	3.200000e+00	2.139936e+00	1.060064e-02	
639	3.205000e+00	2.140728e+00	1.064272e-02	
640	3.210000e+00	2.141519e+00	1.068481e-02	
641	3.215000e+00	2.142309e+00	1.072691e-02	
642	3.220000e+00	2.143098e+00	1.076902e-02	
643	3.225000e+00	2.143887e+00	1.081113e-02	
644	3.230000e+00	2.144675e+00	1.085325e-02	
645	3.235000e+00	2.145462e+00	1.089538e-02	
646	3.240000e+00	2.146248e+00	1.093752e-02	
647	3.245000e+00	2.147033e+00	1.097967e-02	
648	3.250000e+00	2.147818e+00	1.102182e-02	
649	3.255000e+00	2.148602e+00	1.106398e-02	
650	3.260000e+00	2.149385e+00	1.110615e-02	
651	3.265000e+00	2.150167e+00	1.114833e-02	
652	3.270000e+00	2.150949e+00	1.119051e-02	
653	3.275000e+00	2.151730e+00	1.123270e-02	
654	3.280000e+00	2.152510e+00	1.127490e-02	
655	3.285000e+00	2.153290e+00	1.131710e-02	
656	3.290000e+00	2.154068e+00	1.135932e-02	
657	3.295000e+00	2.154846e+00	1.140154e-02	
658	3.300000e+00	2.155624e+00	1.144376e-02	
659	3.305000e+00	2.156400e+00	1.148600e-02	
660	3.310000e+00	2.157176e+00	1.152824e-02	
661	3.315000e+00	2.157951e+00	1.157049e-02	
662	3.320000e+00	2.158726e+00	1.161274e-02	
663	3.325000e+00	2.159499e+00	1.165501e-02	
664	3.330000e+00	2.160273e+00	1.169727e-02	
665	3.335000e+00	2.161045e+00	1.173955e-02	
666	3.340000e+00	2.161817e+00	1.178183e-02	
667	3.345000e+00	2.162588e+00	1.182412e-02	
668	3.350000e+00	2.163358e+00	1.186642e-02	
669	3.355000e+00	2.164128e+00	1.190872e-02	
670	3.360000e+00	2.164897e+00	1.195103e-02	
671	3.365000e+00	2.165665e+00	1.199335e-02	
672	3.370000e+00	2.166433e+00	1.203567e-02	
673	3.375000e+00	2.167200e+00	1.207800e-02	
674	3.380000e+00	2.167966e+00	1.212034e-02	
675	3.385000e+00	2.168732e+00	1.216268e-02	
676	3.390000e+00	2.169497e+00	1.220503e-02	
677	3.395000e+00	2.170262e+00	1.224738e-02	
678	3.400000e+00	2.171026e+00	1.228974e-02	
679	3.405000e+00	2.171789e+00	1.233211e-02	
680	3.410000e+00	2.172552e+00	1.237448e-02	
681	3.415000e+00	2.173314e+00	1.241686e-02	
682	3.420000e+00	2.174075e+00	1.245925e-02	
683	3.425000e+00	2.174836e+00	1.250164e-02	
684	3.430000e+00	2.175596e+00	1.254404e-02	
685	3.435000e+00	2.176356e+00	1.258644e-02	
686	3.440000e+00	2.177115e+00	1.262885e-02	
687	3.445000e+00	2.177873e+00	1.267127e-02	
688	3.450000e+00	2.178631e+00	1.271369e-02	
689	3.455000e+00	2.179388e+00	1.275612e-02	
690	3.460000e+00	2.180145e+00	1.279855e-02	
691	3.465000e+00	2.180901e+00	1.284099e-02	
692	3.470000e+00	2.181656e+00	1.288344e-02	

Index   v-sweep         v(9)            i(vgreen)       
--------------------------------------------------------------------------------
693	3.475000e+00	2.182411e+00	1.292589e-02	
694	3.480000e+00	2.183166e+00	1.296834e-02	
695	3.485000e+00	2.183920e+00	1.301080e-02	
696	3.490000e+00	2.184673e+00	1.305327e-02	
697	3.495000e+00	2.185426e+00	1.309574e-02	
698	3.500000e+00	2.186178e+00	1.313822e-02	
699	3.505000e+00	2.186929e+00	1.318071e-02	
700	3.510000e+00	2.187680e+00	1.322320e-02	
701	3.515000e+00	2.188431e+00	1.326569e-02	
702	3.520000e+00	2.189181e+00	1.330819e-02	
703	3.525000e+00	2.189930e+00	1.335070e-02	
704	3.530000e+00	2.190679e+00	1.339321e-02	
705	3.535000e+00	2.191427e+00	1.343573e-02	
706	3.540000e+00	2.192175e+00	1.347825e-02	
707	3.545000e+00	2.192923e+00	1.352077e-02	
708	3.550000e+00	2.193669e+00	1.356331e-02	
709	3.555000e+00	2.194416e+00	1.360584e-02	
710	3.560000e+00	2.195161e+00	1.364839e-02	
711	3.565000e+00	2.195907e+00	1.369093e-02	
712	3.570000e+00	2.196651e+00	1.373349e-02	
713	3.575000e+00	2.197395e+00	1.377605e-02	
714	3.580000e+00	2.198139e+00	1.381861e-02	
715	3.585000e+00	2.198882e+00	1.386118e-02	
716	3.590000e+00	2.199625e+00	1.390375e-02	
717	3.595000e+00	2.200367e+00	1.394633e-02	
718	3.600000e+00	2.201109e+00	1.398891e-02	
719	3.605000e+00	2.201850e+00	1.403150e-02	
720	3.610000e+00	2.202591e+00	1.407409e-02	
721	3.615000e+00	2.203331e+00	1.411669e-02	
722	3.620000e+00	2.204071e+00	1.415929e-02	
723	3.625000e+00	2.204810e+00	1.420190e-02	
724	3.630000e+00	2.205549e+00	1.424451e-02	
725	3.635000e+00	2.206288e+00	1.428712e-02	
726	3.640000e+00	2.207025e+00	1.432975e-02	
727	3.645000e+00	2.207763e+00	1.437237e-02	
728	3.650000e+00	2.208500e+00	1.441500e-02	
729	3.655000e+00	2.209236e+00	1.445764e-02	
730	3.660000e+00	2.209972e+00	1.450028e-02	
731	3.665000e+00	2.210708e+00	1.454292e-02	
732	3.670000e+00	2.211443e+00	1.458557e-02	
733	3.675000e+00	2.212178e+00	1.462822e-02	
734	3.680000e+00	2.212912e+00	1.467088e-02	
735	3.685000e+00	2.213646e+00	1.471354e-02	
736	3.690000e+00	2.214379e+00	1.475621e-02	
737	3.695000e+00	2.215112e+00	1.479888e-02	
738	3.700000e+00	2.215844e+00	1.484156e-02	
739	3.705000e+00	2.216576e+00	1.488424e-02	
740	3.710000e+00	2.217308e+00	1.492692e-02	
741	3.715000e+00	2.218039e+00	1.496961e-02	
742	3.720000e+00	2.218770e+00	1.501230e-02	
743	3.725000e+00	2.219500e+00	1.505500e-02	
744	3.730000e+00	2.220230e+00	1.509770e-02	
745	3.735000e+00	2.220959e+00	1.514041e-02	
746	3.740000e+00	2.221688e+00	1.518312e-02	
747	3.745000e+00	2.222417e+00	1.522583e-02	
748	3.750000e+00	2.223145e+00	1.526855e-02	
749	3.755000e+00	2.223873e+00	1.531127e-02	
750	3.760000e+00	2.224600e+00	1.535400e-02	

Index   v-sweep         v(9)            i(vgreen)       
--------------------------------------------------------------------------------
751	3.765000e+00	2.225327e+00	1.539673e-02	
752	3.770000e+00	2.226054e+00	1.543946e-02	
753	3.775000e+00	2.226780e+00	1.548220e-02	
754	3.780000e+00	2.227506e+00	1.552494e-02	
755	3.785000e+00	2.228231e+00	1.556769e-02	
756	3.790000e+00	2.228956e+00	1.561044e-02	
757	3.795000e+00	2.229680e+00	1.565320e-02	
758	3.800000e+00	2.230405e+00	1.569595e-02	
759	3.805000e+00	2.231128e+00	1.573872e-02	
760	3.810000e+00	2.231852e+00	1.578148e-02	
761	3.815000e+00	2.232575e+00	1.582425e-02	
762	3.820000e+00	2.233297e+00	1.586703e-02	
763	3.825000e+00	2.234019e+00	1.590981e-02	
764	3.830000e+00	2.234741e+00	1.595259e-02	
765	3.835000e+00	2.235463e+00	1.599537e-02	
766	3.840000e+00	2.236184e+00	1.603816e-02	
767	3.845000e+00	2.236904e+00	1.608096e-02	
768	3.850000e+00	2.237625e+00	1.612375e-02	
769	3.855000e+00	2.238345e+00	1.616655e-02	
770	3.860000e+00	2.239064e+00	1.620936e-02	
771	3.865000e+00	2.239783e+00	1.625217e-02	
772	3.870000e+00	2.240502e+00	1.629498e-02	
773	3.875000e+00	2.241220e+00	1.633780e-02	
774	3.880000e+00	2.241939e+00	1.638061e-02	
775	3.885000e+00	2.242656e+00	1.642344e-02	
776	3.890000e+00	2.243374e+00	1.646626e-02	
777	3.895000e+00	2.244091e+00	1.650909e-02	
778	3.900000e+00	2.244807e+00	1.655193e-02	
779	3.905000e+00	2.245523e+00	1.659477e-02	
780	3.910000e+00	2.246239e+00	1.663761e-02	
781	3.915000e+00	2.246955e+00	1.668045e-02	
782	3.920000e+00	2.247670e+00	1.672330e-02	
783	3.925000e+00	2.248385e+00	1.676615e-02	
784	3.930000e+00	2.249100e+00	1.680900e-02	
785	3.935000e+00	2.249814e+00	1.685186e-02	
786	3.940000e+00	2.250528e+00	1.689472e-02	
787	3.945000e+00	2.251241e+00	1.693759e-02	
788	3.950000e+00	2.251954e+00	1.698046e-02	
789	3.955000e+00	2.252667e+00	1.702333e-02	
790	3.960000e+00	2.253380e+00	1.706620e-02	
791	3.965000e+00	2.254092e+00	1.710908e-02	
792	3.970000e+00	2.254803e+00	1.715197e-02	
793	3.975000e+00	2.255515e+00	1.719485e-02	
794	3.980000e+00	2.256226e+00	1.723774e-02	
795	3.985000e+00	2.256937e+00	1.728063e-02	
796	3.990000e+00	2.257647e+00	1.732353e-02	
797	3.995000e+00	2.258358e+00	1.736642e-02	
798	4.000000e+00	2.259067e+00	1.740933e-02	
799	4.005000e+00	2.259777e+00	1.745223e-02	
800	4.010000e+00	2.260486e+00	1.749514e-02	
801	4.015000e+00	2.261195e+00	1.753805e-02	
802	4.020000e+00	2.261904e+00	1.758096e-02	
803	4.025000e+00	2.262612e+00	1.762388e-02	
804	4.030000e+00	2.263320e+00	1.766680e-02	
805	4.035000e+00	2.264027e+00	1.770973e-02	
806	4.040000e+00	2.264735e+00	1.775265e-02	
807	4.045000e+00	2.265442e+00	1.779558e-02	
808	4.050000e+00	2.266148e+00	1.783852e-02	

Index   v-sweep         v(9)            i(vgreen)       
--------------------------------------------------------------------------------
809	4.055000e+00	2.266855e+00	1.788145e-02	
810	4.060000e+00	2.267561e+00	1.792439e-02	
811	4.065000e+00	2.268266e+00	1.796734e-02	
812	4.070000e+00	2.268972e+00	1.801028e-02	
813	4.075000e+00	2.269677e+00	1.805323e-02	
814	4.080000e+00	2.270382e+00	1.809618e-02	
815	4.085000e+00	2.271086e+00	1.813914e-02	
816	4.090000e+00	2.271791e+00	1.818209e-02	
817	4.095000e+00	2.272495e+00	1.822505e-02	
818	4.100000e+00	2.273198e+00	1.826802e-02	
819	4.105000e+00	2.273902e+00	1.831098e-02	
820	4.110000e+00	2.274605e+00	1.835395e-02	
821	4.115000e+00	2.275308e+00	1.839692e-02	
822	4.120000e+00	2.276010e+00	1.843990e-02	
823	4.125000e+00	2.276712e+00	1.848288e-02	
824	4.130000e+00	2.277414e+00	1.852586e-02	
825	4.135000e+00	2.278116e+00	1.856884e-02	
826	4.140000e+00	2.278817e+00	1.861183e-02	
827	4.145000e+00	2.279518e+00	1.865482e-02	
828	4.150000e+00	2.280219e+00	1.869781e-02	
829	4.155000e+00	2.280919e+00	1.874081e-02	
830	4.160000e+00	2.281620e+00	1.878380e-02	
831	4.165000e+00	2.282319e+00	1.882681e-02	
832	4.170000e+00	2.283019e+00	1.886981e-02	
833	4.175000e+00	2.283719e+00	1.891281e-02	
834	4.180000e+00	2.284418e+00	1.895582e-02	
835	4.185000e+00	2.285116e+00	1.899884e-02	
836	4.190000e+00	2.285815e+00	1.904185e-02	
837	4.195000e+00	2.286513e+00	1.908487e-02	
838	4.200000e+00	2.287211e+00	1.912789e-02	
839	4.205000e+00	2.287909e+00	1.917091e-02	
840	4.210000e+00	2.288606e+00	1.921394e-02	
841	4.215000e+00	2.289304e+00	1.925696e-02	
842	4.220000e+00	2.290001e+00	1.929999e-02	
843	4.225000e+00	2.290697e+00	1.934303e-02	
844	4.230000e+00	2.291394e+00	1.938606e-02	
845	4.235000e+00	2.292090e+00	1.942910e-02	
846	4.240000e+00	2.292786e+00	1.947214e-02	
847	4.245000e+00	2.293481e+00	1.951519e-02	
848	4.250000e+00	2.294177e+00	1.955823e-02	
849	4.255000e+00	2.294872e+00	1.960128e-02	
850	4.260000e+00	2.295567e+00	1.964433e-02	
851	4.265000e+00	2.296261e+00	1.968739e-02	
852	4.270000e+00	2.296956e+00	1.973044e-02	
853	4.275000e+00	2.297650e+00	1.977350e-02	
854	4.280000e+00	2.298343e+00	1.981657e-02	
855	4.285000e+00	2.299037e+00	1.985963e-02	
856	4.290000e+00	2.299730e+00	1.990270e-02	
857	4.295000e+00	2.300423e+00	1.994577e-02	
858	4.300000e+00	2.301116e+00	1.998884e-02	
859	4.305000e+00	2.301809e+00	2.003191e-02	
860	4.310000e+00	2.302501e+00	2.007499e-02	
861	4.315000e+00	2.303193e+00	2.011807e-02	
862	4.320000e+00	2.303885e+00	2.016115e-02	
863	4.325000e+00	2.304577e+00	2.020423e-02	
864	4.330000e+00	2.305268e+00	2.024732e-02	
865	4.335000e+00	2.305959e+00	2.029041e-02	
866	4.340000e+00	2.306650e+00	2.033350e-02	

Index   v-sweep         v(9)            i(vgreen)       
--------------------------------------------------------------------------------
867	4.345000e+00	2.307341e+00	2.037659e-02	
868	4.350000e+00	2.308031e+00	2.041969e-02	
869	4.355000e+00	2.308721e+00	2.046279e-02	
870	4.360000e+00	2.309411e+00	2.050589e-02	
871	4.365000e+00	2.310101e+00	2.054899e-02	
872	4.370000e+00	2.310790e+00	2.059210e-02	
873	4.375000e+00	2.311479e+00	2.063521e-02	
874	4.380000e+00	2.312168e+00	2.067832e-02	
875	4.385000e+00	2.312857e+00	2.072143e-02	
876	4.390000e+00	2.313546e+00	2.076454e-02	
877	4.395000e+00	2.314234e+00	2.080766e-02	
878	4.400000e+00	2.314922e+00	2.085078e-02	
879	4.405000e+00	2.315610e+00	2.089390e-02	
880	4.410000e+00	2.316297e+00	2.093703e-02	
881	4.415000e+00	2.316985e+00	2.098015e-02	
882	4.420000e+00	2.317672e+00	2.102328e-02	
883	4.425000e+00	2.318359e+00	2.106641e-02	
884	4.430000e+00	2.319045e+00	2.110955e-02	
885	4.435000e+00	2.319732e+00	2.115268e-02	
886	4.440000e+00	2.320418e+00	2.119582e-02	
887	4.445000e+00	2.321104e+00	2.123896e-02	
888	4.450000e+00	2.321790e+00	2.128210e-02	
889	4.455000e+00	2.322476e+00	2.132524e-02	
890	4.460000e+00	2.323161e+00	2.136839e-02	
891	4.465000e+00	2.323846e+00	2.141154e-02	
892	4.470000e+00	2.324531e+00	2.145469e-02	
893	4.475000e+00	2.325216e+00	2.149784e-02	
894	4.480000e+00	2.325900e+00	2.154100e-02	
895	4.485000e+00	2.326585e+00	2.158415e-02	
896	4.490000e+00	2.327269e+00	2.162731e-02	
897	4.495000e+00	2.327952e+00	2.167048e-02	
898	4.500000e+00	2.328636e+00	2.171364e-02	
899	4.505000e+00	2.329320e+00	2.175680e-02	
900	4.510000e+00	2.330003e+00	2.179997e-02	
901	4.515000e+00	2.330686e+00	2.184314e-02	
902	4.520000e+00	2.331369e+00	2.188631e-02	
903	4.525000e+00	2.332051e+00	2.192949e-02	
904	4.530000e+00	2.332734e+00	2.197266e-02	
905	4.535000e+00	2.333416e+00	2.201584e-02	
906	4.540000e+00	2.334098e+00	2.205902e-02	
907	4.545000e+00	2.334780e+00	2.210220e-02	
908	4.550000e+00	2.335461e+00	2.214539e-02	
909	4.555000e+00	2.336142e+00	2.218858e-02	
910	4.560000e+00	2.336824e+00	2.223176e-02	
911	4.565000e+00	2.337505e+00	2.227495e-02	
912	4.570000e+00	2.338185e+00	2.231815e-02	
913	4.575000e+00	2.338866e+00	2.236134e-02	
914	4.580000e+00	2.339546e+00	2.240454e-02	
915	4.585000e+00	2.340226e+00	2.244774e-02	
916	4.590000e+00	2.340906e+00	2.249094e-02	
917	4.595000e+00	2.341586e+00	2.253414e-02	
918	4.600000e+00	2.342266e+00	2.257734e-02	
919	4.605000e+00	2.342945e+00	2.262055e-02	
920	4.610000e+00	2.343624e+00	2.266376e-02	
921	4.615000e+00	2.344303e+00	2.270697e-02	
922	4.620000e+00	2.344982e+00	2.275018e-02	
923	4.625000e+00	2.345661e+00	2.279339e-02	
924	4.630000e+00	2.346339e+00	2.283661e-02	

Index   v-sweep         v(9)            i(vgreen)       
--------------------------------------------------------------------------------
925	4.635000e+00	2.347017e+00	2.287983e-02	
926	4.640000e+00	2.347695e+00	2.292305e-02	
927	4.645000e+00	2.348373e+00	2.296627e-02	
928	4.650000e+00	2.349051e+00	2.300949e-02	
929	4.655000e+00	2.349728e+00	2.305272e-02	
930	4.660000e+00	2.350405e+00	2.309595e-02	
931	4.665000e+00	2.351082e+00	2.313918e-02	
932	4.670000e+00	2.351759e+00	2.318241e-02	
933	4.675000e+00	2.352436e+00	2.322564e-02	
934	4.680000e+00	2.353113e+00	2.326887e-02	
935	4.685000e+00	2.353789e+00	2.331211e-02	
936	4.690000e+00	2.354465e+00	2.335535e-02	
937	4.695000e+00	2.355141e+00	2.339859e-02	
938	4.700000e+00	2.355817e+00	2.344183e-02	
939	4.705000e+00	2.356492e+00	2.348508e-02	
940	4.710000e+00	2.357168e+00	2.352832e-02	
941	4.715000e+00	2.357843e+00	2.357157e-02	
942	4.720000e+00	2.358518e+00	2.361482e-02	
943	4.725000e+00	2.359193e+00	2.365807e-02	
944	4.730000e+00	2.359868e+00	2.370132e-02	
945	4.735000e+00	2.360542e+00	2.374458e-02	
946	4.740000e+00	2.361216e+00	2.378784e-02	
947	4.745000e+00	2.361891e+00	2.383109e-02	
948	4.750000e+00	2.362565e+00	2.387435e-02	
949	4.755000e+00	2.363238e+00	2.391762e-02	
950	4.760000e+00	2.363912e+00	2.396088e-02	
951	4.765000e+00	2.364586e+00	2.400414e-02	
952	4.770000e+00	2.365259e+00	2.404741e-02	
953	4.775000e+00	2.365932e+00	2.409068e-02	
954	4.780000e+00	2.366605e+00	2.413395e-02	
955	4.785000e+00	2.367278e+00	2.417722e-02	
956	4.790000e+00	2.367950e+00	2.422050e-02	
957	4.795000e+00	2.368623e+00	2.426377e-02	
958	4.800000e+00	2.369295e+00	2.430705e-02	
959	4.805000e+00	2.369967e+00	2.435033e-02	
960	4.810000e+00	2.370639e+00	2.439361e-02	
961	4.815000e+00	2.371311e+00	2.443689e-02	
962	4.820000e+00	2.371982e+00	2.448018e-02	
963	4.825000e+00	2.372654e+00	2.452346e-02	
964	4.830000e+00	2.373325e+00	2.456675e-02	
965	4.835000e+00	2.373996e+00	2.461004e-02	
966	4.840000e+00	2.374667e+00	2.465333e-02	
967	4.845000e+00	2.375338e+00	2.469662e-02	
968	4.850000e+00	2.376008e+00	2.473992e-02	
969	4.855000e+00	2.376678e+00	2.478322e-02	
970	4.860000e+00	2.377349e+00	2.482651e-02	
971	4.865000e+00	2.378019e+00	2.486981e-02	
972	4.870000e+00	2.378689e+00	2.491311e-02	
973	4.875000e+00	2.379358e+00	2.495642e-02	
974	4.880000e+00	2.380028e+00	2.499972e-02	
975	4.885000e+00	2.380698e+00	2.504302e-02	
976	4.890000e+00	2.381367e+00	2.508633e-02	
977	4.895000e+00	2.382036e+00	2.512964e-02	
978	4.900000e+00	2.382705e+00	2.517295e-02	
979	4.905000e+00	2.383374e+00	2.521626e-02	
980	4.910000e+00	2.384042e+00	2.525958e-02	
981	4.915000e+00	2.384711e+00	2.530289e-02	
982	4.920000e+00	2.385379e+00	2.534621e-02	

Index   v-sweep         v(9)            i(vgreen)       
--------------------------------------------------------------------------------
983	4.925000e+00	2.386047e+00	2.538953e-02	
984	4.930000e+00	2.386715e+00	2.543285e-02	
985	4.935000e+00	2.387383e+00	2.547617e-02	
986	4.940000e+00	2.388051e+00	2.551949e-02	
987	4.945000e+00	2.388718e+00	2.556282e-02	
988	4.950000e+00	2.389386e+00	2.560614e-02	
989	4.955000e+00	2.390053e+00	2.564947e-02	
990	4.960000e+00	2.390720e+00	2.569280e-02	
991	4.965000e+00	2.391387e+00	2.573613e-02	
992	4.970000e+00	2.392054e+00	2.577946e-02	
993	4.975000e+00	2.392720e+00	2.582280e-02	
994	4.980000e+00	2.393387e+00	2.586613e-02	
995	4.985000e+00	2.394053e+00	2.590947e-02	
996	4.990000e+00	2.394719e+00	2.595281e-02	
997	4.995000e+00	2.395385e+00	2.599615e-02	
998	5.000000e+00	2.396051e+00	2.603949e-02	
