                     diode i-v characteristic and band gap
                     DC transfer characteristic  Wed Aug 10 19:45:34  2022
--------------------------------------------------------------------------------
Index   v-sweep         v(10)           i(vred)         
--------------------------------------------------------------------------------
0	1.000000e-02	1.000000e-02	9.999868e-15	
1	1.500000e-02	1.500000e-02	1.499980e-14	
2	2.000000e-02	2.000000e-02	1.999974e-14	
3	2.500000e-02	2.500000e-02	2.499970e-14	
4	3.000000e-02	3.000000e-02	2.999960e-14	
5	3.500000e-02	3.500000e-02	3.499951e-14	
6	4.000000e-02	4.000000e-02	3.999947e-14	
7	4.500000e-02	4.500000e-02	4.499943e-14	
8	5.000000e-02	5.000000e-02	4.999939e-14	
9	5.500000e-02	5.500000e-02	5.499930e-14	
10	6.000000e-02	6.000000e-02	5.999921e-14	
11	6.500000e-02	6.500000e-02	6.499911e-14	
12	7.000000e-02	7.000000e-02	6.999902e-14	
13	7.500000e-02	7.500000e-02	7.499893e-14	
14	8.000000e-02	8.000000e-02	7.999894e-14	
15	8.500000e-02	8.500000e-02	8.499885e-14	
16	9.000000e-02	9.000000e-02	8.999875e-14	
17	9.500000e-02	9.500000e-02	9.499866e-14	
18	1.000000e-01	1.000000e-01	9.999857e-14	
19	1.050000e-01	1.050000e-01	1.049987e-13	
20	1.100000e-01	1.100000e-01	1.099986e-13	
21	1.150000e-01	1.150000e-01	1.149985e-13	
22	1.200000e-01	1.200000e-01	1.199984e-13	
23	1.250000e-01	1.250000e-01	1.249983e-13	
24	1.300000e-01	1.300000e-01	1.299982e-13	
25	1.350000e-01	1.350000e-01	1.349983e-13	
26	1.400000e-01	1.400000e-01	1.399980e-13	
27	1.450000e-01	1.450000e-01	1.449979e-13	
28	1.500000e-01	1.500000e-01	1.499981e-13	
29	1.550000e-01	1.550000e-01	1.549980e-13	
30	1.600000e-01	1.600000e-01	1.599979e-13	
31	1.650000e-01	1.650000e-01	1.649978e-13	
32	1.700000e-01	1.700000e-01	1.699977e-13	
33	1.750000e-01	1.750000e-01	1.749978e-13	
34	1.800000e-01	1.800000e-01	1.799975e-13	
35	1.850000e-01	1.850000e-01	1.849974e-13	
36	1.900000e-01	1.900000e-01	1.899973e-13	
37	1.950000e-01	1.950000e-01	1.949974e-13	
38	2.000000e-01	2.000000e-01	1.999971e-13	
39	2.050000e-01	2.050000e-01	2.049970e-13	
40	2.100000e-01	2.100000e-01	2.099970e-13	
41	2.150000e-01	2.150000e-01	2.149973e-13	
42	2.200000e-01	2.200000e-01	2.199968e-13	
43	2.250000e-01	2.250000e-01	2.249967e-13	
44	2.300000e-01	2.300000e-01	2.299970e-13	
45	2.350000e-01	2.350000e-01	2.349969e-13	
46	2.400000e-01	2.400000e-01	2.399968e-13	
47	2.450000e-01	2.450000e-01	2.449967e-13	
48	2.500000e-01	2.500000e-01	2.499966e-13	
49	2.550000e-01	2.550000e-01	2.549965e-13	
50	2.600000e-01	2.600000e-01	2.599965e-13	
51	2.650000e-01	2.650000e-01	2.649964e-13	
52	2.700000e-01	2.700000e-01	2.699963e-13	
53	2.750000e-01	2.750000e-01	2.749962e-13	
54	2.800000e-01	2.800000e-01	2.799965e-13	

Index   v-sweep         v(10)           i(vred)         
--------------------------------------------------------------------------------
55	2.850000e-01	2.850000e-01	2.849964e-13	
56	2.900000e-01	2.900000e-01	2.899959e-13	
57	2.950000e-01	2.950000e-01	2.949958e-13	
58	3.000000e-01	3.000000e-01	2.999957e-13	
59	3.050000e-01	3.050000e-01	3.049960e-13	
60	3.100000e-01	3.100000e-01	3.099960e-13	
61	3.150000e-01	3.150000e-01	3.149959e-13	
62	3.200000e-01	3.200000e-01	3.199958e-13	
63	3.250000e-01	3.250000e-01	3.249957e-13	
64	3.300000e-01	3.300000e-01	3.299951e-13	
65	3.350000e-01	3.350000e-01	3.349955e-13	
66	3.400000e-01	3.400000e-01	3.399954e-13	
67	3.450000e-01	3.450000e-01	3.449953e-13	
68	3.500000e-01	3.500000e-01	3.499952e-13	
69	3.550000e-01	3.550000e-01	3.549951e-13	
70	3.600000e-01	3.600000e-01	3.599955e-13	
71	3.650000e-01	3.650000e-01	3.649954e-13	
72	3.700000e-01	3.700000e-01	3.699953e-13	
73	3.750000e-01	3.750000e-01	3.749947e-13	
74	3.800000e-01	3.800000e-01	3.799946e-13	
75	3.850000e-01	3.850000e-01	3.849946e-13	
76	3.900000e-01	3.900000e-01	3.899940e-13	
77	3.950000e-01	3.950000e-01	3.949948e-13	
78	4.000000e-01	4.000000e-01	3.999943e-13	
79	4.050000e-01	4.050000e-01	4.049946e-13	
80	4.100000e-01	4.100000e-01	4.099932e-13	
81	4.150000e-01	4.150000e-01	4.149936e-13	
82	4.200000e-01	4.200000e-01	4.199939e-13	
83	4.250000e-01	4.250000e-01	4.249934e-13	
84	4.300000e-01	4.300000e-01	4.299928e-13	
85	4.350000e-01	4.350000e-01	4.349932e-13	
86	4.400000e-01	4.400000e-01	4.399927e-13	
87	4.450000e-01	4.450000e-01	4.449930e-13	
88	4.500000e-01	4.500000e-01	4.499916e-13	
89	4.550000e-01	4.550000e-01	4.549919e-13	
90	4.600000e-01	4.600000e-01	4.599914e-13	
91	4.650000e-01	4.650000e-01	4.649909e-13	
92	4.700000e-01	4.700000e-01	4.700173e-13	
93	4.750000e-01	4.750000e-01	4.750159e-13	
94	4.800000e-01	4.800000e-01	4.800162e-13	
95	4.850000e-01	4.850000e-01	4.850157e-13	
96	4.900000e-01	4.900000e-01	4.900151e-13	
97	4.950000e-01	4.950000e-01	4.950146e-13	
98	5.000000e-01	5.000000e-01	5.000141e-13	
99	5.050000e-01	5.050000e-01	5.050136e-13	
100	5.100000e-01	5.100000e-01	5.100113e-13	
101	5.150000e-01	5.150000e-01	5.150116e-13	
102	5.200000e-01	5.200000e-01	5.200094e-13	
103	5.250000e-01	5.250000e-01	5.250071e-13	
104	5.300000e-01	5.300000e-01	5.300057e-13	
105	5.350000e-01	5.350000e-01	5.350035e-13	
106	5.400000e-01	5.400000e-01	5.400003e-13	
107	5.450000e-01	5.450000e-01	5.449972e-13	
108	5.500000e-01	5.500000e-01	5.499923e-13	
109	5.550000e-01	5.550000e-01	5.550178e-13	
110	5.600000e-01	5.600000e-01	5.600138e-13	
111	5.650000e-01	5.650000e-01	5.650072e-13	
112	5.700000e-01	5.700000e-01	5.700006e-13	

Index   v-sweep         v(10)           i(vred)         
--------------------------------------------------------------------------------
113	5.750000e-01	5.750000e-01	5.749914e-13	
114	5.800000e-01	5.800000e-01	5.799814e-13	
115	5.850000e-01	5.850000e-01	5.849713e-13	
116	5.900000e-01	5.900000e-01	5.900237e-13	
117	5.950000e-01	5.950000e-01	5.950084e-13	
118	6.000000e-01	6.000000e-01	6.000226e-13	
119	6.050000e-01	6.050000e-01	6.050039e-13	
120	6.100000e-01	6.100000e-01	6.100138e-13	
121	6.150000e-01	6.150000e-01	6.150202e-13	
122	6.200000e-01	6.200000e-01	6.200223e-13	
123	6.250000e-01	6.250000e-01	6.250200e-13	
124	6.300000e-01	6.300000e-01	6.300125e-13	
125	6.350000e-01	6.350000e-01	6.350337e-13	
126	6.400000e-01	6.400000e-01	6.400470e-13	
127	6.450000e-01	6.450000e-01	6.450500e-13	
128	6.500000e-01	6.500000e-01	6.500460e-13	
129	6.550000e-01	6.550000e-01	6.550281e-13	
130	6.600000e-01	6.600000e-01	6.600345e-13	
131	6.650000e-01	6.650000e-01	6.650236e-13	
132	6.700000e-01	6.700000e-01	6.700682e-13	
133	6.750000e-01	6.750000e-01	6.750937e-13	
134	6.800000e-01	6.800000e-01	6.800931e-13	
135	6.850000e-01	6.850000e-01	6.851030e-13	
136	6.900000e-01	6.900000e-01	6.901181e-13	
137	6.950000e-01	6.950000e-01	6.951332e-13	
138	7.000000e-01	7.000000e-01	7.001422e-13	
139	7.050000e-01	7.050000e-01	7.051781e-13	
140	7.100000e-01	7.100000e-01	7.101941e-13	
141	7.150000e-01	7.150000e-01	7.152213e-13	
142	7.200000e-01	7.200000e-01	7.202468e-13	
143	7.250000e-01	7.250000e-01	7.253009e-13	
144	7.300000e-01	7.300000e-01	7.303281e-13	
145	7.350000e-01	7.350000e-01	7.353944e-13	
146	7.400000e-01	7.400000e-01	7.404398e-13	
147	7.450000e-01	7.450000e-01	7.454818e-13	
148	7.500000e-01	7.500000e-01	7.505819e-13	
149	7.550000e-01	7.550000e-01	7.556664e-13	
150	7.600000e-01	7.600000e-01	7.607031e-13	
151	7.650000e-01	7.650000e-01	7.658605e-13	
152	7.700000e-01	7.700000e-01	7.710135e-13	
153	7.750000e-01	7.750000e-01	7.761517e-13	
154	7.800000e-01	7.800000e-01	7.813429e-13	
155	7.850000e-01	7.850000e-01	7.864698e-13	
156	7.900000e-01	7.900000e-01	7.917625e-13	
157	7.950000e-01	7.950000e-01	7.969909e-13	
158	8.000000e-01	8.000000e-01	8.023113e-13	
159	8.050000e-01	8.050000e-01	8.076439e-13	
160	8.100000e-01	8.100000e-01	8.130666e-13	
161	8.150000e-01	8.150000e-01	8.184980e-13	
162	8.200000e-01	8.200000e-01	8.240179e-13	
163	8.250000e-01	8.250000e-01	8.296228e-13	
164	8.300000e-01	8.300000e-01	8.353283e-13	
165	8.350000e-01	8.350000e-01	8.411969e-13	
166	8.400000e-01	8.400000e-01	8.471140e-13	
167	8.450000e-01	8.450000e-01	8.530919e-13	
168	8.500000e-01	8.500000e-01	8.593126e-13	
169	8.550000e-01	8.550000e-01	8.658005e-13	
170	8.600000e-01	8.600000e-01	8.723595e-13	

Index   v-sweep         v(10)           i(vred)         
--------------------------------------------------------------------------------
171	8.650000e-01	8.650000e-01	8.792047e-13	
172	8.700000e-01	8.700000e-01	8.863153e-13	
173	8.750000e-01	8.750000e-01	8.937816e-13	
174	8.800000e-01	8.800000e-01	9.015826e-13	
175	8.850000e-01	8.850000e-01	9.098382e-13	
176	8.900000e-01	8.900000e-01	9.185534e-13	
177	8.950000e-01	8.950000e-01	9.278620e-13	
178	9.000000e-01	9.000000e-01	9.378262e-13	
179	9.050000e-01	9.050000e-01	9.484549e-13	
180	9.100000e-01	9.100000e-01	9.600029e-13	
181	9.150000e-01	9.150000e-01	9.725224e-13	
182	9.200000e-01	9.200000e-01	9.861539e-13	
183	9.250000e-01	9.250000e-01	1.001045e-12	
184	9.300000e-01	9.300000e-01	1.017483e-12	
185	9.350000e-01	9.350000e-01	1.035597e-12	
186	9.400000e-01	9.400000e-01	1.055751e-12	
187	9.450000e-01	9.450000e-01	1.078122e-12	
188	9.500000e-01	9.500000e-01	1.103111e-12	
189	9.550000e-01	9.550000e-01	1.131132e-12	
190	9.600000e-01	9.600000e-01	1.162567e-12	
191	9.650000e-01	9.650000e-01	1.198023e-12	
192	9.700000e-01	9.700000e-01	1.238001e-12	
193	9.750000e-01	9.750000e-01	1.283203e-12	
194	9.800000e-01	9.800000e-01	1.334479e-12	
195	9.850000e-01	9.850000e-01	1.392770e-12	
196	9.900000e-01	9.900000e-01	1.459000e-12	
197	9.950000e-01	9.950000e-01	1.534413e-12	
198	1.000000e+00	1.000000e+00	1.620440e-12	
199	1.005000e+00	1.005000e+00	1.718580e-12	
200	1.010000e+00	1.010000e+00	1.830725e-12	
201	1.015000e+00	1.015000e+00	1.958968e-12	
202	1.020000e+00	1.020000e+00	2.105767e-12	
203	1.025000e+00	1.025000e+00	2.273791e-12	
204	1.030000e+00	1.030000e+00	2.466312e-12	
205	1.035000e+00	1.035000e+00	2.686977e-12	
206	1.040000e+00	1.040000e+00	2.940145e-12	
207	1.045000e+00	1.045000e+00	3.230433e-12	
208	1.050000e+00	1.050000e+00	3.563668e-12	
209	1.055000e+00	1.055000e+00	3.946168e-12	
210	1.060000e+00	1.060000e+00	4.385284e-12	
211	1.065000e+00	1.065000e+00	4.889695e-12	
212	1.070000e+00	1.070000e+00	5.469035e-12	
213	1.075000e+00	1.075000e+00	6.134633e-12	
214	1.080000e+00	1.080000e+00	6.899483e-12	
215	1.085000e+00	1.085000e+00	7.778377e-12	
216	1.090000e+00	1.090000e+00	8.788527e-12	
217	1.095000e+00	1.095000e+00	9.949663e-12	
218	1.100000e+00	1.100000e+00	1.128440e-11	
219	1.105000e+00	1.105000e+00	1.281878e-11	
220	1.110000e+00	1.110000e+00	1.458289e-11	
221	1.115000e+00	1.115000e+00	1.661113e-11	
222	1.120000e+00	1.120000e+00	1.894323e-11	
223	1.125000e+00	1.125000e+00	2.162477e-11	
224	1.130000e+00	1.130000e+00	2.470828e-11	
225	1.135000e+00	1.135000e+00	2.825406e-11	
226	1.140000e+00	1.140000e+00	3.233162e-11	
227	1.145000e+00	1.145000e+00	3.702075e-11	
228	1.150000e+00	1.150000e+00	4.241320e-11	

Index   v-sweep         v(10)           i(vred)         
--------------------------------------------------------------------------------
229	1.155000e+00	1.155000e+00	4.861491e-11	
230	1.160000e+00	1.160000e+00	5.574708e-11	
231	1.165000e+00	1.165000e+00	6.394951e-11	
232	1.170000e+00	1.170000e+00	7.338302e-11	
233	1.175000e+00	1.175000e+00	8.423242e-11	
234	1.180000e+00	1.180000e+00	9.671033e-11	
235	1.185000e+00	1.185000e+00	1.110614e-10	
236	1.190000e+00	1.190000e+00	1.275668e-10	
237	1.195000e+00	1.195000e+00	1.465501e-10	
238	1.200000e+00	1.200000e+00	1.683834e-10	
239	1.205000e+00	1.205000e+00	1.934948e-10	
240	1.210000e+00	1.210000e+00	2.223763e-10	
241	1.215000e+00	1.215000e+00	2.555944e-10	
242	1.220000e+00	1.220000e+00	2.938001e-10	
243	1.225000e+00	1.225000e+00	3.377425e-10	
244	1.230000e+00	1.230000e+00	3.882832e-10	
245	1.235000e+00	1.235000e+00	4.464128e-10	
246	1.240000e+00	1.240000e+00	5.132712e-10	
247	1.245000e+00	1.245000e+00	5.901689e-10	
248	1.250000e+00	1.250000e+00	6.786139e-10	
249	1.255000e+00	1.255000e+00	7.803402e-10	
250	1.260000e+00	1.260000e+00	8.973419e-10	
251	1.265000e+00	1.265000e+00	1.031913e-09	
252	1.270000e+00	1.270000e+00	1.186693e-09	
253	1.275000e+00	1.275000e+00	1.364715e-09	
254	1.280000e+00	1.280000e+00	1.569470e-09	
255	1.285000e+00	1.285000e+00	1.804973e-09	
256	1.290000e+00	1.290000e+00	2.075840e-09	
257	1.295000e+00	1.295000e+00	2.387383e-09	
258	1.300000e+00	1.300000e+00	2.745710e-09	
259	1.305000e+00	1.305000e+00	3.157846e-09	
260	1.310000e+00	1.310000e+00	3.631872e-09	
261	1.315000e+00	1.315000e+00	4.177081e-09	
262	1.320000e+00	1.320000e+00	4.804162e-09	
263	1.325000e+00	1.324999e+00	5.525410e-09	
264	1.330000e+00	1.329999e+00	6.354965e-09	
265	1.335000e+00	1.334999e+00	7.309091e-09	
266	1.340000e+00	1.339999e+00	8.406493e-09	
267	1.345000e+00	1.344999e+00	9.668685e-09	
268	1.350000e+00	1.349999e+00	1.112041e-08	
269	1.355000e+00	1.354999e+00	1.279013e-08	
270	1.360000e+00	1.359999e+00	1.471058e-08	
271	1.365000e+00	1.364998e+00	1.691939e-08	
272	1.370000e+00	1.369998e+00	1.945988e-08	
273	1.375000e+00	1.374998e+00	2.238183e-08	
274	1.380000e+00	1.379997e+00	2.574251e-08	
275	1.385000e+00	1.384997e+00	2.960779e-08	
276	1.390000e+00	1.389997e+00	3.405343e-08	
277	1.395000e+00	1.394996e+00	3.916653e-08	
278	1.400000e+00	1.399995e+00	4.504730e-08	
279	1.405000e+00	1.404995e+00	5.181094e-08	
280	1.410000e+00	1.409994e+00	5.958998e-08	
281	1.415000e+00	1.414993e+00	6.853677e-08	
282	1.420000e+00	1.419992e+00	7.882656e-08	
283	1.425000e+00	1.424991e+00	9.066084e-08	
284	1.430000e+00	1.429990e+00	1.042713e-07	
285	1.435000e+00	1.434988e+00	1.199244e-07	
286	1.440000e+00	1.439986e+00	1.379263e-07	

Index   v-sweep         v(10)           i(vred)         
--------------------------------------------------------------------------------
287	1.445000e+00	1.444984e+00	1.586294e-07	
288	1.450000e+00	1.449982e+00	1.824384e-07	
289	1.455000e+00	1.454979e+00	2.098189e-07	
290	1.460000e+00	1.459976e+00	2.413058e-07	
291	1.465000e+00	1.464972e+00	2.775141e-07	
292	1.470000e+00	1.469968e+00	3.191505e-07	
293	1.475000e+00	1.474963e+00	3.670272e-07	
294	1.480000e+00	1.479958e+00	4.220774e-07	
295	1.485000e+00	1.484951e+00	4.853730e-07	
296	1.490000e+00	1.489944e+00	5.581454e-07	
297	1.495000e+00	1.494936e+00	6.418085e-07	
298	1.500000e+00	1.499926e+00	7.379856e-07	
299	1.505000e+00	1.504915e+00	8.485400e-07	
300	1.510000e+00	1.509902e+00	9.756098e-07	
301	1.515000e+00	1.514888e+00	1.121647e-06	
302	1.520000e+00	1.519871e+00	1.289463e-06	
303	1.525000e+00	1.524852e+00	1.482281e-06	
304	1.530000e+00	1.529830e+00	1.703791e-06	
305	1.535000e+00	1.534804e+00	1.958216e-06	
306	1.540000e+00	1.539775e+00	2.250390e-06	
307	1.545000e+00	1.544741e+00	2.585835e-06	
308	1.550000e+00	1.549703e+00	2.970858e-06	
309	1.555000e+00	1.554659e+00	3.412650e-06	
310	1.560000e+00	1.559608e+00	3.919407e-06	
311	1.565000e+00	1.564550e+00	4.500451e-06	
312	1.570000e+00	1.569483e+00	5.166369e-06	
313	1.575000e+00	1.574407e+00	5.929165e-06	
314	1.580000e+00	1.579320e+00	6.802420e-06	
315	1.585000e+00	1.584220e+00	7.801459e-06	
316	1.590000e+00	1.589106e+00	8.943535e-06	
317	1.595000e+00	1.593975e+00	1.024801e-05	
318	1.600000e+00	1.598826e+00	1.173651e-05	
319	1.605000e+00	1.603657e+00	1.343316e-05	
320	1.610000e+00	1.608464e+00	1.536468e-05	
321	1.615000e+00	1.613244e+00	1.756054e-05	
322	1.620000e+00	1.617995e+00	2.005307e-05	
323	1.625000e+00	1.622712e+00	2.287749e-05	
324	1.630000e+00	1.627393e+00	2.607190e-05	
325	1.635000e+00	1.632032e+00	2.967719e-05	
326	1.640000e+00	1.636626e+00	3.373682e-05	
327	1.645000e+00	1.641170e+00	3.829654e-05	
328	1.650000e+00	1.645660e+00	4.340396e-05	
329	1.655000e+00	1.650089e+00	4.910801e-05	
330	1.660000e+00	1.654454e+00	5.545829e-05	
331	1.665000e+00	1.658750e+00	6.250427e-05	
332	1.670000e+00	1.662971e+00	7.029450e-05	
333	1.675000e+00	1.667112e+00	7.887566e-05	
334	1.680000e+00	1.671171e+00	8.829165e-05	
335	1.685000e+00	1.675142e+00	9.858275e-05	
336	1.690000e+00	1.679022e+00	1.097847e-04	
337	1.695000e+00	1.682807e+00	1.219283e-04	
338	1.700000e+00	1.686496e+00	1.350384e-04	
339	1.705000e+00	1.690087e+00	1.491339e-04	
340	1.710000e+00	1.693577e+00	1.642277e-04	
341	1.715000e+00	1.696967e+00	1.803261e-04	
342	1.720000e+00	1.700257e+00	1.974297e-04	
343	1.725000e+00	1.703447e+00	2.155335e-04	
344	1.730000e+00	1.706537e+00	2.346270e-04	

Index   v-sweep         v(10)           i(vred)         
--------------------------------------------------------------------------------
345	1.735000e+00	1.709530e+00	2.546954e-04	
346	1.740000e+00	1.712428e+00	2.757196e-04	
347	1.745000e+00	1.715232e+00	2.976773e-04	
348	1.750000e+00	1.717946e+00	3.205434e-04	
349	1.755000e+00	1.720571e+00	3.442906e-04	
350	1.760000e+00	1.723111e+00	3.688899e-04	
351	1.765000e+00	1.725569e+00	3.943114e-04	
352	1.770000e+00	1.727948e+00	4.205243e-04	
353	1.775000e+00	1.730250e+00	4.474978e-04	
354	1.780000e+00	1.732480e+00	4.752010e-04	
355	1.785000e+00	1.734640e+00	5.036034e-04	
356	1.790000e+00	1.736733e+00	5.326750e-04	
357	1.795000e+00	1.738761e+00	5.623865e-04	
358	1.800000e+00	1.740729e+00	5.927095e-04	
359	1.805000e+00	1.742638e+00	6.236168e-04	
360	1.810000e+00	1.744492e+00	6.550817e-04	
361	1.815000e+00	1.746292e+00	6.870791e-04	
362	1.820000e+00	1.748042e+00	7.195847e-04	
363	1.825000e+00	1.749742e+00	7.525753e-04	
364	1.830000e+00	1.751397e+00	7.860289e-04	
365	1.835000e+00	1.753008e+00	8.199244e-04	
366	1.840000e+00	1.754576e+00	8.542420e-04	
367	1.845000e+00	1.756104e+00	8.889626e-04	
368	1.850000e+00	1.757593e+00	9.240682e-04	
369	1.855000e+00	1.759046e+00	9.595419e-04	
370	1.860000e+00	1.760463e+00	9.953675e-04	
371	1.865000e+00	1.761847e+00	1.031530e-03	
372	1.870000e+00	1.763199e+00	1.068014e-03	
373	1.875000e+00	1.764519e+00	1.104806e-03	
374	1.880000e+00	1.765811e+00	1.141894e-03	
375	1.885000e+00	1.767074e+00	1.179264e-03	
376	1.890000e+00	1.768309e+00	1.216906e-03	
377	1.895000e+00	1.769519e+00	1.254808e-03	
378	1.900000e+00	1.770704e+00	1.292960e-03	
379	1.905000e+00	1.771865e+00	1.331351e-03	
380	1.910000e+00	1.773003e+00	1.369973e-03	
381	1.915000e+00	1.774118e+00	1.408816e-03	
382	1.920000e+00	1.775213e+00	1.447872e-03	
383	1.925000e+00	1.776287e+00	1.487133e-03	
384	1.930000e+00	1.777341e+00	1.526591e-03	
385	1.935000e+00	1.778376e+00	1.566239e-03	
386	1.940000e+00	1.779393e+00	1.606069e-03	
387	1.945000e+00	1.780392e+00	1.646076e-03	
388	1.950000e+00	1.781375e+00	1.686253e-03	
389	1.955000e+00	1.782341e+00	1.726594e-03	
390	1.960000e+00	1.783291e+00	1.767093e-03	
391	1.965000e+00	1.784225e+00	1.807745e-03	
392	1.970000e+00	1.785145e+00	1.848545e-03	
393	1.975000e+00	1.786051e+00	1.889488e-03	
394	1.980000e+00	1.786943e+00	1.930569e-03	
395	1.985000e+00	1.787822e+00	1.971784e-03	
396	1.990000e+00	1.788687e+00	2.013128e-03	
397	1.995000e+00	1.789540e+00	2.054597e-03	
398	2.000000e+00	1.790381e+00	2.096187e-03	
399	2.005000e+00	1.791210e+00	2.137895e-03	
400	2.010000e+00	1.792028e+00	2.179717e-03	
401	2.015000e+00	1.792835e+00	2.221649e-03	
402	2.020000e+00	1.793631e+00	2.263689e-03	

Index   v-sweep         v(10)           i(vred)         
--------------------------------------------------------------------------------
403	2.025000e+00	1.794417e+00	2.305832e-03	
404	2.030000e+00	1.795192e+00	2.348077e-03	
405	2.035000e+00	1.795958e+00	2.390420e-03	
406	2.040000e+00	1.796714e+00	2.432858e-03	
407	2.045000e+00	1.797461e+00	2.475388e-03	
408	2.050000e+00	1.798199e+00	2.518009e-03	
409	2.055000e+00	1.798928e+00	2.560717e-03	
410	2.060000e+00	1.799649e+00	2.603511e-03	
411	2.065000e+00	1.800361e+00	2.646387e-03	
412	2.070000e+00	1.801066e+00	2.689344e-03	
413	2.075000e+00	1.801762e+00	2.732379e-03	
414	2.080000e+00	1.802451e+00	2.775491e-03	
415	2.085000e+00	1.803132e+00	2.818678e-03	
416	2.090000e+00	1.803806e+00	2.861937e-03	
417	2.095000e+00	1.804473e+00	2.905267e-03	
418	2.100000e+00	1.805133e+00	2.948666e-03	
419	2.105000e+00	1.805787e+00	2.992132e-03	
420	2.110000e+00	1.806434e+00	3.035664e-03	
421	2.115000e+00	1.807074e+00	3.079261e-03	
422	2.120000e+00	1.807708e+00	3.122920e-03	
423	2.125000e+00	1.808336e+00	3.166640e-03	
424	2.130000e+00	1.808958e+00	3.210419e-03	
425	2.135000e+00	1.809574e+00	3.254257e-03	
426	2.140000e+00	1.810185e+00	3.298152e-03	
427	2.145000e+00	1.810790e+00	3.342103e-03	
428	2.150000e+00	1.811389e+00	3.386108e-03	
429	2.155000e+00	1.811983e+00	3.430166e-03	
430	2.160000e+00	1.812572e+00	3.474277e-03	
431	2.165000e+00	1.813156e+00	3.518438e-03	
432	2.170000e+00	1.813735e+00	3.562649e-03	
433	2.175000e+00	1.814309e+00	3.606909e-03	
434	2.180000e+00	1.814878e+00	3.651216e-03	
435	2.185000e+00	1.815443e+00	3.695570e-03	
436	2.190000e+00	1.816003e+00	3.739970e-03	
437	2.195000e+00	1.816558e+00	3.784415e-03	
438	2.200000e+00	1.817110e+00	3.828904e-03	
439	2.205000e+00	1.817656e+00	3.873436e-03	
440	2.210000e+00	1.818199e+00	3.918009e-03	
441	2.215000e+00	1.818738e+00	3.962624e-03	
442	2.220000e+00	1.819272e+00	4.007280e-03	
443	2.225000e+00	1.819802e+00	4.051975e-03	
444	2.230000e+00	1.820329e+00	4.096709e-03	
445	2.235000e+00	1.820852e+00	4.141482e-03	
446	2.240000e+00	1.821371e+00	4.186291e-03	
447	2.245000e+00	1.821886e+00	4.231138e-03	
448	2.250000e+00	1.822398e+00	4.276021e-03	
449	2.255000e+00	1.822906e+00	4.320938e-03	
450	2.260000e+00	1.823411e+00	4.365891e-03	
451	2.265000e+00	1.823912e+00	4.410878e-03	
452	2.270000e+00	1.824410e+00	4.455898e-03	
453	2.275000e+00	1.824905e+00	4.500951e-03	
454	2.280000e+00	1.825396e+00	4.546037e-03	
455	2.285000e+00	1.825885e+00	4.591154e-03	
456	2.290000e+00	1.826370e+00	4.636303e-03	
457	2.295000e+00	1.826852e+00	4.681482e-03	
458	2.300000e+00	1.827331e+00	4.726691e-03	
459	2.305000e+00	1.827807e+00	4.771929e-03	
460	2.310000e+00	1.828280e+00	4.817197e-03	

Index   v-sweep         v(10)           i(vred)         
--------------------------------------------------------------------------------
461	2.315000e+00	1.828751e+00	4.862494e-03	
462	2.320000e+00	1.829218e+00	4.907818e-03	
463	2.325000e+00	1.829683e+00	4.953170e-03	
464	2.330000e+00	1.830145e+00	4.998550e-03	
465	2.335000e+00	1.830604e+00	5.043956e-03	
466	2.340000e+00	1.831061e+00	5.089388e-03	
467	2.345000e+00	1.831515e+00	5.134847e-03	
468	2.350000e+00	1.831967e+00	5.180330e-03	
469	2.355000e+00	1.832416e+00	5.225839e-03	
470	2.360000e+00	1.832863e+00	5.271373e-03	
471	2.365000e+00	1.833307e+00	5.316931e-03	
472	2.370000e+00	1.833749e+00	5.362513e-03	
473	2.375000e+00	1.834188e+00	5.408118e-03	
474	2.380000e+00	1.834625e+00	5.453747e-03	
475	2.385000e+00	1.835060e+00	5.499398e-03	
476	2.390000e+00	1.835493e+00	5.545072e-03	
477	2.395000e+00	1.835923e+00	5.590768e-03	
478	2.400000e+00	1.836351e+00	5.636486e-03	
479	2.405000e+00	1.836777e+00	5.682226e-03	
480	2.410000e+00	1.837201e+00	5.727986e-03	
481	2.415000e+00	1.837623e+00	5.773768e-03	
482	2.420000e+00	1.838043e+00	5.819570e-03	
483	2.425000e+00	1.838461e+00	5.865392e-03	
484	2.430000e+00	1.838877e+00	5.911235e-03	
485	2.435000e+00	1.839290e+00	5.957097e-03	
486	2.440000e+00	1.839702e+00	6.002978e-03	
487	2.445000e+00	1.840112e+00	6.048879e-03	
488	2.450000e+00	1.840520e+00	6.094799e-03	
489	2.455000e+00	1.840926e+00	6.140737e-03	
490	2.460000e+00	1.841331e+00	6.186694e-03	
491	2.465000e+00	1.841733e+00	6.232669e-03	
492	2.470000e+00	1.842134e+00	6.278661e-03	
493	2.475000e+00	1.842533e+00	6.324672e-03	
494	2.480000e+00	1.842930e+00	6.370700e-03	
495	2.485000e+00	1.843326e+00	6.416744e-03	
496	2.490000e+00	1.843719e+00	6.462806e-03	
497	2.495000e+00	1.844111e+00	6.508885e-03	
498	2.500000e+00	1.844502e+00	6.554980e-03	
499	2.505000e+00	1.844891e+00	6.601092e-03	
500	2.510000e+00	1.845278e+00	6.647219e-03	
501	2.515000e+00	1.845664e+00	6.693363e-03	
502	2.520000e+00	1.846048e+00	6.739522e-03	
503	2.525000e+00	1.846430e+00	6.785696e-03	
504	2.530000e+00	1.846811e+00	6.831886e-03	
505	2.535000e+00	1.847191e+00	6.878091e-03	
506	2.540000e+00	1.847569e+00	6.924311e-03	
507	2.545000e+00	1.847945e+00	6.970546e-03	
508	2.550000e+00	1.848321e+00	7.016795e-03	
509	2.555000e+00	1.848694e+00	7.063059e-03	
510	2.560000e+00	1.849066e+00	7.109336e-03	
511	2.565000e+00	1.849437e+00	7.155628e-03	
512	2.570000e+00	1.849807e+00	7.201934e-03	
513	2.575000e+00	1.850175e+00	7.248253e-03	
514	2.580000e+00	1.850541e+00	7.294586e-03	
515	2.585000e+00	1.850907e+00	7.340932e-03	
516	2.590000e+00	1.851271e+00	7.387291e-03	
517	2.595000e+00	1.851634e+00	7.433664e-03	
518	2.600000e+00	1.851995e+00	7.480049e-03	

Index   v-sweep         v(10)           i(vred)         
--------------------------------------------------------------------------------
519	2.605000e+00	1.852355e+00	7.526447e-03	
520	2.610000e+00	1.852714e+00	7.572858e-03	
521	2.615000e+00	1.853072e+00	7.619281e-03	
522	2.620000e+00	1.853428e+00	7.665717e-03	
523	2.625000e+00	1.853784e+00	7.712164e-03	
524	2.630000e+00	1.854138e+00	7.758624e-03	
525	2.635000e+00	1.854490e+00	7.805096e-03	
526	2.640000e+00	1.854842e+00	7.851579e-03	
527	2.645000e+00	1.855193e+00	7.898074e-03	
528	2.650000e+00	1.855542e+00	7.944581e-03	
529	2.655000e+00	1.855890e+00	7.991099e-03	
530	2.660000e+00	1.856237e+00	8.037628e-03	
531	2.665000e+00	1.856583e+00	8.084169e-03	
532	2.670000e+00	1.856928e+00	8.130720e-03	
533	2.675000e+00	1.857272e+00	8.177282e-03	
534	2.680000e+00	1.857614e+00	8.223856e-03	
535	2.685000e+00	1.857956e+00	8.270439e-03	
536	2.690000e+00	1.858297e+00	8.317034e-03	
537	2.695000e+00	1.858636e+00	8.363639e-03	
538	2.700000e+00	1.858975e+00	8.410254e-03	
539	2.705000e+00	1.859312e+00	8.456879e-03	
540	2.710000e+00	1.859649e+00	8.503515e-03	
541	2.715000e+00	1.859984e+00	8.550160e-03	
542	2.720000e+00	1.860318e+00	8.596816e-03	
543	2.725000e+00	1.860652e+00	8.643481e-03	
544	2.730000e+00	1.860984e+00	8.690156e-03	
545	2.735000e+00	1.861316e+00	8.736841e-03	
546	2.740000e+00	1.861646e+00	8.783535e-03	
547	2.745000e+00	1.861976e+00	8.830239e-03	
548	2.750000e+00	1.862305e+00	8.876952e-03	
549	2.755000e+00	1.862633e+00	8.923674e-03	
550	2.760000e+00	1.862959e+00	8.970406e-03	
551	2.765000e+00	1.863285e+00	9.017146e-03	
552	2.770000e+00	1.863610e+00	9.063896e-03	
553	2.775000e+00	1.863935e+00	9.110654e-03	
554	2.780000e+00	1.864258e+00	9.157421e-03	
555	2.785000e+00	1.864580e+00	9.204197e-03	
556	2.790000e+00	1.864902e+00	9.250982e-03	
557	2.795000e+00	1.865223e+00	9.297775e-03	
558	2.800000e+00	1.865542e+00	9.344576e-03	
559	2.805000e+00	1.865861e+00	9.391386e-03	
560	2.810000e+00	1.866180e+00	9.438204e-03	
561	2.815000e+00	1.866497e+00	9.485031e-03	
562	2.820000e+00	1.866813e+00	9.531865e-03	
563	2.825000e+00	1.867129e+00	9.578708e-03	
564	2.830000e+00	1.867444e+00	9.625559e-03	
565	2.835000e+00	1.867758e+00	9.672418e-03	
566	2.840000e+00	1.868072e+00	9.719284e-03	
567	2.845000e+00	1.868384e+00	9.766158e-03	
568	2.850000e+00	1.868696e+00	9.813041e-03	
569	2.855000e+00	1.869007e+00	9.859930e-03	
570	2.860000e+00	1.869317e+00	9.906828e-03	
571	2.865000e+00	1.869627e+00	9.953732e-03	
572	2.870000e+00	1.869936e+00	1.000064e-02	
573	2.875000e+00	1.870244e+00	1.004756e-02	
574	2.880000e+00	1.870551e+00	1.009449e-02	
575	2.885000e+00	1.870857e+00	1.014143e-02	
576	2.890000e+00	1.871163e+00	1.018837e-02	

Index   v-sweep         v(10)           i(vred)         
--------------------------------------------------------------------------------
577	2.895000e+00	1.871468e+00	1.023532e-02	
578	2.900000e+00	1.871773e+00	1.028227e-02	
579	2.905000e+00	1.872077e+00	1.032923e-02	
580	2.910000e+00	1.872380e+00	1.037620e-02	
581	2.915000e+00	1.872682e+00	1.042318e-02	
582	2.920000e+00	1.872984e+00	1.047016e-02	
583	2.925000e+00	1.873285e+00	1.051715e-02	
584	2.930000e+00	1.873585e+00	1.056415e-02	
585	2.935000e+00	1.873885e+00	1.061115e-02	
586	2.940000e+00	1.874184e+00	1.065816e-02	
587	2.945000e+00	1.874482e+00	1.070518e-02	
588	2.950000e+00	1.874780e+00	1.075220e-02	
589	2.955000e+00	1.875077e+00	1.079923e-02	
590	2.960000e+00	1.875373e+00	1.084627e-02	
591	2.965000e+00	1.875669e+00	1.089331e-02	
592	2.970000e+00	1.875964e+00	1.094036e-02	
593	2.975000e+00	1.876259e+00	1.098741e-02	
594	2.980000e+00	1.876553e+00	1.103447e-02	
595	2.985000e+00	1.876846e+00	1.108154e-02	
596	2.990000e+00	1.877139e+00	1.112861e-02	
597	2.995000e+00	1.877431e+00	1.117569e-02	
598	3.000000e+00	1.877722e+00	1.122278e-02	
599	3.005000e+00	1.878013e+00	1.126987e-02	
600	3.010000e+00	1.878304e+00	1.131696e-02	
601	3.015000e+00	1.878593e+00	1.136407e-02	
602	3.020000e+00	1.878883e+00	1.141117e-02	
603	3.025000e+00	1.879171e+00	1.145829e-02	
604	3.030000e+00	1.879459e+00	1.150541e-02	
605	3.035000e+00	1.879747e+00	1.155253e-02	
606	3.040000e+00	1.880034e+00	1.159966e-02	
607	3.045000e+00	1.880320e+00	1.164680e-02	
608	3.050000e+00	1.880606e+00	1.169394e-02	
609	3.055000e+00	1.880891e+00	1.174109e-02	
610	3.060000e+00	1.881176e+00	1.178824e-02	
611	3.065000e+00	1.881460e+00	1.183540e-02	
612	3.070000e+00	1.881743e+00	1.188257e-02	
613	3.075000e+00	1.882026e+00	1.192974e-02	
614	3.080000e+00	1.882309e+00	1.197691e-02	
615	3.085000e+00	1.882591e+00	1.202409e-02	
616	3.090000e+00	1.882873e+00	1.207127e-02	
617	3.095000e+00	1.883154e+00	1.211846e-02	
618	3.100000e+00	1.883434e+00	1.216566e-02	
619	3.105000e+00	1.883714e+00	1.221286e-02	
620	3.110000e+00	1.883994e+00	1.226006e-02	
621	3.115000e+00	1.884273e+00	1.230727e-02	
622	3.120000e+00	1.884551e+00	1.235449e-02	
623	3.125000e+00	1.884829e+00	1.240171e-02	
624	3.130000e+00	1.885107e+00	1.244893e-02	
625	3.135000e+00	1.885384e+00	1.249616e-02	
626	3.140000e+00	1.885660e+00	1.254340e-02	
627	3.145000e+00	1.885936e+00	1.259064e-02	
628	3.150000e+00	1.886212e+00	1.263788e-02	
629	3.155000e+00	1.886487e+00	1.268513e-02	
630	3.160000e+00	1.886762e+00	1.273238e-02	
631	3.165000e+00	1.887036e+00	1.277964e-02	
632	3.170000e+00	1.887309e+00	1.282691e-02	
633	3.175000e+00	1.887583e+00	1.287417e-02	
634	3.180000e+00	1.887856e+00	1.292144e-02	

Index   v-sweep         v(10)           i(vred)         
--------------------------------------------------------------------------------
635	3.185000e+00	1.888128e+00	1.296872e-02	
636	3.190000e+00	1.888400e+00	1.301600e-02	
637	3.195000e+00	1.888671e+00	1.306329e-02	
638	3.200000e+00	1.888942e+00	1.311058e-02	
639	3.205000e+00	1.889213e+00	1.315787e-02	
640	3.210000e+00	1.889483e+00	1.320517e-02	
641	3.215000e+00	1.889753e+00	1.325247e-02	
642	3.220000e+00	1.890022e+00	1.329978e-02	
643	3.225000e+00	1.890291e+00	1.334709e-02	
644	3.230000e+00	1.890559e+00	1.339441e-02	
645	3.235000e+00	1.890827e+00	1.344173e-02	
646	3.240000e+00	1.891095e+00	1.348905e-02	
647	3.245000e+00	1.891362e+00	1.353638e-02	
648	3.250000e+00	1.891629e+00	1.358371e-02	
649	3.255000e+00	1.891895e+00	1.363105e-02	
650	3.260000e+00	1.892161e+00	1.367839e-02	
651	3.265000e+00	1.892426e+00	1.372574e-02	
652	3.270000e+00	1.892692e+00	1.377308e-02	
653	3.275000e+00	1.892956e+00	1.382044e-02	
654	3.280000e+00	1.893221e+00	1.386779e-02	
655	3.285000e+00	1.893485e+00	1.391515e-02	
656	3.290000e+00	1.893748e+00	1.396252e-02	
657	3.295000e+00	1.894011e+00	1.400989e-02	
658	3.300000e+00	1.894274e+00	1.405726e-02	
659	3.305000e+00	1.894536e+00	1.410464e-02	
660	3.310000e+00	1.894798e+00	1.415202e-02	
661	3.315000e+00	1.895060e+00	1.419940e-02	
662	3.320000e+00	1.895321e+00	1.424679e-02	
663	3.325000e+00	1.895582e+00	1.429418e-02	
664	3.330000e+00	1.895843e+00	1.434157e-02	
665	3.335000e+00	1.896103e+00	1.438897e-02	
666	3.340000e+00	1.896362e+00	1.443638e-02	
667	3.345000e+00	1.896622e+00	1.448378e-02	
668	3.350000e+00	1.896881e+00	1.453119e-02	
669	3.355000e+00	1.897139e+00	1.457861e-02	
670	3.360000e+00	1.897398e+00	1.462602e-02	
671	3.365000e+00	1.897656e+00	1.467344e-02	
672	3.370000e+00	1.897913e+00	1.472087e-02	
673	3.375000e+00	1.898171e+00	1.476829e-02	
674	3.380000e+00	1.898427e+00	1.481573e-02	
675	3.385000e+00	1.898684e+00	1.486316e-02	
676	3.390000e+00	1.898940e+00	1.491060e-02	
677	3.395000e+00	1.899196e+00	1.495804e-02	
678	3.400000e+00	1.899452e+00	1.500548e-02	
679	3.405000e+00	1.899707e+00	1.505293e-02	
680	3.410000e+00	1.899962e+00	1.510038e-02	
681	3.415000e+00	1.900216e+00	1.514784e-02	
682	3.420000e+00	1.900470e+00	1.519530e-02	
683	3.425000e+00	1.900724e+00	1.524276e-02	
684	3.430000e+00	1.900978e+00	1.529022e-02	
685	3.435000e+00	1.901231e+00	1.533769e-02	
686	3.440000e+00	1.901484e+00	1.538516e-02	
687	3.445000e+00	1.901736e+00	1.543264e-02	
688	3.450000e+00	1.901988e+00	1.548012e-02	
689	3.455000e+00	1.902240e+00	1.552760e-02	
690	3.460000e+00	1.902492e+00	1.557508e-02	
691	3.465000e+00	1.902743e+00	1.562257e-02	
692	3.470000e+00	1.902994e+00	1.567006e-02	

Index   v-sweep         v(10)           i(vred)         
--------------------------------------------------------------------------------
693	3.475000e+00	1.903245e+00	1.571755e-02	
694	3.480000e+00	1.903495e+00	1.576505e-02	
695	3.485000e+00	1.903745e+00	1.581255e-02	
696	3.490000e+00	1.903995e+00	1.586005e-02	
697	3.495000e+00	1.904244e+00	1.590756e-02	
698	3.500000e+00	1.904493e+00	1.595507e-02	
699	3.505000e+00	1.904742e+00	1.600258e-02	
700	3.510000e+00	1.904991e+00	1.605009e-02	
701	3.515000e+00	1.905239e+00	1.609761e-02	
702	3.520000e+00	1.905487e+00	1.614513e-02	
703	3.525000e+00	1.905734e+00	1.619266e-02	
704	3.530000e+00	1.905982e+00	1.624018e-02	
705	3.535000e+00	1.906229e+00	1.628771e-02	
706	3.540000e+00	1.906475e+00	1.633525e-02	
707	3.545000e+00	1.906722e+00	1.638278e-02	
708	3.550000e+00	1.906968e+00	1.643032e-02	
709	3.555000e+00	1.907214e+00	1.647786e-02	
710	3.560000e+00	1.907460e+00	1.652540e-02	
711	3.565000e+00	1.907705e+00	1.657295e-02	
712	3.570000e+00	1.907950e+00	1.662050e-02	
713	3.575000e+00	1.908195e+00	1.666805e-02	
714	3.580000e+00	1.908439e+00	1.671561e-02	
715	3.585000e+00	1.908683e+00	1.676317e-02	
716	3.590000e+00	1.908927e+00	1.681073e-02	
717	3.595000e+00	1.909171e+00	1.685829e-02	
718	3.600000e+00	1.909414e+00	1.690586e-02	
719	3.605000e+00	1.909657e+00	1.695343e-02	
720	3.610000e+00	1.909900e+00	1.700100e-02	
721	3.615000e+00	1.910143e+00	1.704857e-02	
722	3.620000e+00	1.910385e+00	1.709615e-02	
723	3.625000e+00	1.910627e+00	1.714373e-02	
724	3.630000e+00	1.910869e+00	1.719131e-02	
725	3.635000e+00	1.911111e+00	1.723889e-02	
726	3.640000e+00	1.911352e+00	1.728648e-02	
727	3.645000e+00	1.911593e+00	1.733407e-02	
728	3.650000e+00	1.911834e+00	1.738166e-02	
729	3.655000e+00	1.912074e+00	1.742926e-02	
730	3.660000e+00	1.912314e+00	1.747686e-02	
731	3.665000e+00	1.912554e+00	1.752446e-02	
732	3.670000e+00	1.912794e+00	1.757206e-02	
733	3.675000e+00	1.913034e+00	1.761966e-02	
734	3.680000e+00	1.913273e+00	1.766727e-02	
735	3.685000e+00	1.913512e+00	1.771488e-02	
736	3.690000e+00	1.913751e+00	1.776249e-02	
737	3.695000e+00	1.913989e+00	1.781011e-02	
738	3.700000e+00	1.914228e+00	1.785772e-02	
739	3.705000e+00	1.914466e+00	1.790534e-02	
740	3.710000e+00	1.914703e+00	1.795297e-02	
741	3.715000e+00	1.914941e+00	1.800059e-02	
742	3.720000e+00	1.915178e+00	1.804822e-02	
743	3.725000e+00	1.915415e+00	1.809585e-02	
744	3.730000e+00	1.915652e+00	1.814348e-02	
745	3.735000e+00	1.915889e+00	1.819111e-02	
746	3.740000e+00	1.916125e+00	1.823875e-02	
747	3.745000e+00	1.916361e+00	1.828639e-02	
748	3.750000e+00	1.916597e+00	1.833403e-02	
749	3.755000e+00	1.916833e+00	1.838167e-02	
750	3.760000e+00	1.917068e+00	1.842932e-02	

Index   v-sweep         v(10)           i(vred)         
--------------------------------------------------------------------------------
751	3.765000e+00	1.917304e+00	1.847696e-02	
752	3.770000e+00	1.917539e+00	1.852461e-02	
753	3.775000e+00	1.917773e+00	1.857227e-02	
754	3.780000e+00	1.918008e+00	1.861992e-02	
755	3.785000e+00	1.918242e+00	1.866758e-02	
756	3.790000e+00	1.918476e+00	1.871524e-02	
757	3.795000e+00	1.918710e+00	1.876290e-02	
758	3.800000e+00	1.918944e+00	1.881056e-02	
759	3.805000e+00	1.919177e+00	1.885823e-02	
760	3.810000e+00	1.919411e+00	1.890589e-02	
761	3.815000e+00	1.919644e+00	1.895356e-02	
762	3.820000e+00	1.919876e+00	1.900124e-02	
763	3.825000e+00	1.920109e+00	1.904891e-02	
764	3.830000e+00	1.920341e+00	1.909659e-02	
765	3.835000e+00	1.920573e+00	1.914427e-02	
766	3.840000e+00	1.920805e+00	1.919195e-02	
767	3.845000e+00	1.921037e+00	1.923963e-02	
768	3.850000e+00	1.921269e+00	1.928731e-02	
769	3.855000e+00	1.921500e+00	1.933500e-02	
770	3.860000e+00	1.921731e+00	1.938269e-02	
771	3.865000e+00	1.921962e+00	1.943038e-02	
772	3.870000e+00	1.922193e+00	1.947807e-02	
773	3.875000e+00	1.922423e+00	1.952577e-02	
774	3.880000e+00	1.922653e+00	1.957347e-02	
775	3.885000e+00	1.922884e+00	1.962116e-02	
776	3.890000e+00	1.923113e+00	1.966887e-02	
777	3.895000e+00	1.923343e+00	1.971657e-02	
778	3.900000e+00	1.923573e+00	1.976427e-02	
779	3.905000e+00	1.923802e+00	1.981198e-02	
780	3.910000e+00	1.924031e+00	1.985969e-02	
781	3.915000e+00	1.924260e+00	1.990740e-02	
782	3.920000e+00	1.924489e+00	1.995511e-02	
783	3.925000e+00	1.924717e+00	2.000283e-02	
784	3.930000e+00	1.924945e+00	2.005055e-02	
785	3.935000e+00	1.925174e+00	2.009826e-02	
786	3.940000e+00	1.925401e+00	2.014599e-02	
787	3.945000e+00	1.925629e+00	2.019371e-02	
788	3.950000e+00	1.925857e+00	2.024143e-02	
789	3.955000e+00	1.926084e+00	2.028916e-02	
790	3.960000e+00	1.926311e+00	2.033689e-02	
791	3.965000e+00	1.926538e+00	2.038462e-02	
792	3.970000e+00	1.926765e+00	2.043235e-02	
793	3.975000e+00	1.926992e+00	2.048008e-02	
794	3.980000e+00	1.927218e+00	2.052782e-02	
795	3.985000e+00	1.927444e+00	2.057556e-02	
796	3.990000e+00	1.927670e+00	2.062330e-02	
797	3.995000e+00	1.927896e+00	2.067104e-02	
798	4.000000e+00	1.928122e+00	2.071878e-02	
799	4.005000e+00	1.928347e+00	2.076653e-02	
800	4.010000e+00	1.928573e+00	2.081427e-02	
801	4.015000e+00	1.928798e+00	2.086202e-02	
802	4.020000e+00	1.929023e+00	2.090977e-02	
803	4.025000e+00	1.929248e+00	2.095752e-02	
804	4.030000e+00	1.929472e+00	2.100528e-02	
805	4.035000e+00	1.929697e+00	2.105303e-02	
806	4.040000e+00	1.929921e+00	2.110079e-02	
807	4.045000e+00	1.930145e+00	2.114855e-02	
808	4.050000e+00	1.930369e+00	2.119631e-02	

Index   v-sweep         v(10)           i(vred)         
--------------------------------------------------------------------------------
809	4.055000e+00	1.930593e+00	2.124407e-02	
810	4.060000e+00	1.930816e+00	2.129184e-02	
811	4.065000e+00	1.931039e+00	2.133961e-02	
812	4.070000e+00	1.931263e+00	2.138737e-02	
813	4.075000e+00	1.931486e+00	2.143514e-02	
814	4.080000e+00	1.931709e+00	2.148291e-02	
815	4.085000e+00	1.931931e+00	2.153069e-02	
816	4.090000e+00	1.932154e+00	2.157846e-02	
817	4.095000e+00	1.932376e+00	2.162624e-02	
818	4.100000e+00	1.932598e+00	2.167402e-02	
819	4.105000e+00	1.932820e+00	2.172180e-02	
820	4.110000e+00	1.933042e+00	2.176958e-02	
821	4.115000e+00	1.933264e+00	2.181736e-02	
822	4.120000e+00	1.933486e+00	2.186514e-02	
823	4.125000e+00	1.933707e+00	2.191293e-02	
824	4.130000e+00	1.933928e+00	2.196072e-02	
825	4.135000e+00	1.934149e+00	2.200851e-02	
826	4.140000e+00	1.934370e+00	2.205630e-02	
827	4.145000e+00	1.934591e+00	2.210409e-02	
828	4.150000e+00	1.934811e+00	2.215189e-02	
829	4.155000e+00	1.935032e+00	2.219968e-02	
830	4.160000e+00	1.935252e+00	2.224748e-02	
831	4.165000e+00	1.935472e+00	2.229528e-02	
832	4.170000e+00	1.935692e+00	2.234308e-02	
833	4.175000e+00	1.935912e+00	2.239088e-02	
834	4.180000e+00	1.936132e+00	2.243868e-02	
835	4.185000e+00	1.936351e+00	2.248649e-02	
836	4.190000e+00	1.936570e+00	2.253430e-02	
837	4.195000e+00	1.936790e+00	2.258210e-02	
838	4.200000e+00	1.937009e+00	2.262991e-02	
839	4.205000e+00	1.937227e+00	2.267773e-02	
840	4.210000e+00	1.937446e+00	2.272554e-02	
841	4.215000e+00	1.937665e+00	2.277335e-02	
842	4.220000e+00	1.937883e+00	2.282117e-02	
843	4.225000e+00	1.938101e+00	2.286899e-02	
844	4.230000e+00	1.938320e+00	2.291680e-02	
845	4.235000e+00	1.938537e+00	2.296463e-02	
846	4.240000e+00	1.938755e+00	2.301245e-02	
847	4.245000e+00	1.938973e+00	2.306027e-02	
848	4.250000e+00	1.939190e+00	2.310810e-02	
849	4.255000e+00	1.939408e+00	2.315592e-02	
850	4.260000e+00	1.939625e+00	2.320375e-02	
851	4.265000e+00	1.939842e+00	2.325158e-02	
852	4.270000e+00	1.940059e+00	2.329941e-02	
853	4.275000e+00	1.940276e+00	2.334724e-02	
854	4.280000e+00	1.940493e+00	2.339507e-02	
855	4.285000e+00	1.940709e+00	2.344291e-02	
856	4.290000e+00	1.940925e+00	2.349075e-02	
857	4.295000e+00	1.941142e+00	2.353858e-02	
858	4.300000e+00	1.941358e+00	2.358642e-02	
859	4.305000e+00	1.941574e+00	2.363426e-02	
860	4.310000e+00	1.941789e+00	2.368211e-02	
861	4.315000e+00	1.942005e+00	2.372995e-02	
862	4.320000e+00	1.942221e+00	2.377779e-02	
863	4.325000e+00	1.942436e+00	2.382564e-02	
864	4.330000e+00	1.942651e+00	2.387349e-02	
865	4.335000e+00	1.942866e+00	2.392134e-02	
866	4.340000e+00	1.943081e+00	2.396919e-02	

Index   v-sweep         v(10)           i(vred)         
--------------------------------------------------------------------------------
867	4.345000e+00	1.943296e+00	2.401704e-02	
868	4.350000e+00	1.943511e+00	2.406489e-02	
869	4.355000e+00	1.943725e+00	2.411275e-02	
870	4.360000e+00	1.943940e+00	2.416060e-02	
871	4.365000e+00	1.944154e+00	2.420846e-02	
872	4.370000e+00	1.944368e+00	2.425632e-02	
873	4.375000e+00	1.944582e+00	2.430418e-02	
874	4.380000e+00	1.944796e+00	2.435204e-02	
875	4.385000e+00	1.945010e+00	2.439990e-02	
876	4.390000e+00	1.945224e+00	2.444776e-02	
877	4.395000e+00	1.945437e+00	2.449563e-02	
878	4.400000e+00	1.945651e+00	2.454349e-02	
879	4.405000e+00	1.945864e+00	2.459136e-02	
880	4.410000e+00	1.946077e+00	2.463923e-02	
881	4.415000e+00	1.946290e+00	2.468710e-02	
882	4.420000e+00	1.946503e+00	2.473497e-02	
883	4.425000e+00	1.946715e+00	2.478285e-02	
884	4.430000e+00	1.946928e+00	2.483072e-02	
885	4.435000e+00	1.947140e+00	2.487860e-02	
886	4.440000e+00	1.947353e+00	2.492647e-02	
887	4.445000e+00	1.947565e+00	2.497435e-02	
888	4.450000e+00	1.947777e+00	2.502223e-02	
889	4.455000e+00	1.947989e+00	2.507011e-02	
890	4.460000e+00	1.948201e+00	2.511799e-02	
891	4.465000e+00	1.948413e+00	2.516587e-02	
892	4.470000e+00	1.948624e+00	2.521376e-02	
893	4.475000e+00	1.948836e+00	2.526164e-02	
894	4.480000e+00	1.949047e+00	2.530953e-02	
895	4.485000e+00	1.949258e+00	2.535742e-02	
896	4.490000e+00	1.949469e+00	2.540531e-02	
897	4.495000e+00	1.949680e+00	2.545320e-02	
898	4.500000e+00	1.949891e+00	2.550109e-02	
899	4.505000e+00	1.950102e+00	2.554898e-02	
900	4.510000e+00	1.950313e+00	2.559687e-02	
901	4.515000e+00	1.950523e+00	2.564477e-02	
902	4.520000e+00	1.950733e+00	2.569267e-02	
903	4.525000e+00	1.950944e+00	2.574056e-02	
904	4.530000e+00	1.951154e+00	2.578846e-02	
905	4.535000e+00	1.951364e+00	2.583636e-02	
906	4.540000e+00	1.951574e+00	2.588426e-02	
907	4.545000e+00	1.951784e+00	2.593216e-02	
908	4.550000e+00	1.951993e+00	2.598007e-02	
909	4.555000e+00	1.952203e+00	2.602797e-02	
910	4.560000e+00	1.952412e+00	2.607588e-02	
911	4.565000e+00	1.952622e+00	2.612378e-02	
912	4.570000e+00	1.952831e+00	2.617169e-02	
913	4.575000e+00	1.953040e+00	2.621960e-02	
914	4.580000e+00	1.953249e+00	2.626751e-02	
915	4.585000e+00	1.953458e+00	2.631542e-02	
916	4.590000e+00	1.953666e+00	2.636334e-02	
917	4.595000e+00	1.953875e+00	2.641125e-02	
918	4.600000e+00	1.954084e+00	2.645916e-02	
919	4.605000e+00	1.954292e+00	2.650708e-02	
920	4.610000e+00	1.954500e+00	2.655500e-02	
921	4.615000e+00	1.954709e+00	2.660291e-02	
922	4.620000e+00	1.954917e+00	2.665083e-02	
923	4.625000e+00	1.955125e+00	2.669875e-02	
924	4.630000e+00	1.955332e+00	2.674668e-02	

Index   v-sweep         v(10)           i(vred)         
--------------------------------------------------------------------------------
925	4.635000e+00	1.955540e+00	2.679460e-02	
926	4.640000e+00	1.955748e+00	2.684252e-02	
927	4.645000e+00	1.955955e+00	2.689045e-02	
928	4.650000e+00	1.956163e+00	2.693837e-02	
929	4.655000e+00	1.956370e+00	2.698630e-02	
930	4.660000e+00	1.956577e+00	2.703423e-02	
931	4.665000e+00	1.956784e+00	2.708216e-02	
932	4.670000e+00	1.956991e+00	2.713009e-02	
933	4.675000e+00	1.957198e+00	2.717802e-02	
934	4.680000e+00	1.957405e+00	2.722595e-02	
935	4.685000e+00	1.957612e+00	2.727388e-02	
936	4.690000e+00	1.957818e+00	2.732182e-02	
937	4.695000e+00	1.958025e+00	2.736975e-02	
938	4.700000e+00	1.958231e+00	2.741769e-02	
939	4.705000e+00	1.958437e+00	2.746563e-02	
940	4.710000e+00	1.958643e+00	2.751357e-02	
941	4.715000e+00	1.958849e+00	2.756151e-02	
942	4.720000e+00	1.959055e+00	2.760945e-02	
943	4.725000e+00	1.959261e+00	2.765739e-02	
944	4.730000e+00	1.959467e+00	2.770533e-02	
945	4.735000e+00	1.959673e+00	2.775327e-02	
946	4.740000e+00	1.959878e+00	2.780122e-02	
947	4.745000e+00	1.960084e+00	2.784916e-02	
948	4.750000e+00	1.960289e+00	2.789711e-02	
949	4.755000e+00	1.960494e+00	2.794506e-02	
950	4.760000e+00	1.960699e+00	2.799301e-02	
951	4.765000e+00	1.960904e+00	2.804096e-02	
952	4.770000e+00	1.961109e+00	2.808891e-02	
953	4.775000e+00	1.961314e+00	2.813686e-02	
954	4.780000e+00	1.961519e+00	2.818481e-02	
955	4.785000e+00	1.961723e+00	2.823277e-02	
956	4.790000e+00	1.961928e+00	2.828072e-02	
957	4.795000e+00	1.962132e+00	2.832868e-02	
958	4.800000e+00	1.962337e+00	2.837663e-02	
959	4.805000e+00	1.962541e+00	2.842459e-02	
960	4.810000e+00	1.962745e+00	2.847255e-02	
961	4.815000e+00	1.962949e+00	2.852051e-02	
962	4.820000e+00	1.963153e+00	2.856847e-02	
963	4.825000e+00	1.963357e+00	2.861643e-02	
964	4.830000e+00	1.963560e+00	2.866440e-02	
965	4.835000e+00	1.963764e+00	2.871236e-02	
966	4.840000e+00	1.963968e+00	2.876032e-02	
967	4.845000e+00	1.964171e+00	2.880829e-02	
968	4.850000e+00	1.964374e+00	2.885626e-02	
969	4.855000e+00	1.964578e+00	2.890422e-02	
970	4.860000e+00	1.964781e+00	2.895219e-02	
971	4.865000e+00	1.964984e+00	2.900016e-02	
972	4.870000e+00	1.965187e+00	2.904813e-02	
973	4.875000e+00	1.965390e+00	2.909610e-02	
974	4.880000e+00	1.965593e+00	2.914407e-02	
975	4.885000e+00	1.965795e+00	2.919205e-02	
976	4.890000e+00	1.965998e+00	2.924002e-02	
977	4.895000e+00	1.966200e+00	2.928800e-02	
978	4.900000e+00	1.966403e+00	2.933597e-02	
979	4.905000e+00	1.966605e+00	2.938395e-02	
980	4.910000e+00	1.966807e+00	2.943193e-02	
981	4.915000e+00	1.967010e+00	2.947990e-02	
982	4.920000e+00	1.967212e+00	2.952788e-02	

Index   v-sweep         v(10)           i(vred)         
--------------------------------------------------------------------------------
983	4.925000e+00	1.967414e+00	2.957586e-02	
984	4.930000e+00	1.967616e+00	2.962384e-02	
985	4.935000e+00	1.967817e+00	2.967183e-02	
986	4.940000e+00	1.968019e+00	2.971981e-02	
987	4.945000e+00	1.968221e+00	2.976779e-02	
988	4.950000e+00	1.968422e+00	2.981578e-02	
989	4.955000e+00	1.968624e+00	2.986376e-02	
990	4.960000e+00	1.968825e+00	2.991175e-02	
991	4.965000e+00	1.969026e+00	2.995974e-02	
992	4.970000e+00	1.969227e+00	3.000773e-02	
993	4.975000e+00	1.969428e+00	3.005572e-02	
994	4.980000e+00	1.969629e+00	3.010371e-02	
995	4.985000e+00	1.969830e+00	3.015170e-02	
996	4.990000e+00	1.970031e+00	3.019969e-02	
997	4.995000e+00	1.970232e+00	3.024768e-02	
998	5.000000e+00	1.970433e+00	3.029567e-02	
