                     diode i-v characteristic and band gap
                     DC transfer characteristic  Wed Aug 10 19:45:34  2022
--------------------------------------------------------------------------------
Index   v-sweep         v(7)            i(vreg)         
--------------------------------------------------------------------------------
0	1.000000e-02	9.999861e-03	1.385989e-09	
1	1.500000e-02	1.499978e-02	2.190684e-09	
2	2.000000e-02	1.999969e-02	3.080443e-09	
3	2.500000e-02	2.499959e-02	4.064264e-09	
4	3.000000e-02	2.999948e-02	5.152091e-09	
5	3.500000e-02	3.499936e-02	6.354921e-09	
6	4.000000e-02	3.999923e-02	7.684911e-09	
7	4.500000e-02	4.499908e-02	9.155504e-09	
8	5.000000e-02	4.999892e-02	1.078156e-08	
9	5.500000e-02	5.499874e-02	1.257951e-08	
10	6.000000e-02	5.999854e-02	1.456753e-08	
11	6.500000e-02	6.499832e-02	1.676570e-08	
12	7.000000e-02	6.999808e-02	1.919622e-08	
13	7.500000e-02	7.499781e-02	2.188366e-08	
14	8.000000e-02	7.999751e-02	2.485515e-08	
15	8.500000e-02	8.499719e-02	2.814071e-08	
16	9.000000e-02	8.999682e-02	3.177352e-08	
17	9.500000e-02	9.499642e-02	3.579026e-08	
18	1.000000e-01	9.999598e-02	4.023149e-08	
19	1.050000e-01	1.049955e-01	4.514203e-08	
20	1.100000e-01	1.099949e-01	5.057146e-08	
21	1.150000e-01	1.149943e-01	5.657456e-08	
22	1.200000e-01	1.199937e-01	6.321190e-08	
23	1.250000e-01	1.249929e-01	7.055044e-08	
24	1.300000e-01	1.299921e-01	7.866421e-08	
25	1.350000e-01	1.349912e-01	8.763501e-08	
26	1.400000e-01	1.399902e-01	9.755328e-08	
27	1.450000e-01	1.449891e-01	1.085190e-07	
28	1.500000e-01	1.499879e-01	1.206426e-07	
29	1.550000e-01	1.549866e-01	1.340463e-07	
30	1.600000e-01	1.599851e-01	1.488651e-07	
31	1.650000e-01	1.649835e-01	1.652480e-07	
32	1.700000e-01	1.699817e-01	1.833600e-07	
33	1.750000e-01	1.749797e-01	2.033833e-07	
34	1.800000e-01	1.799774e-01	2.255191e-07	
35	1.850000e-01	1.849750e-01	2.499900e-07	
36	1.900000e-01	1.899723e-01	2.770417e-07	
37	1.950000e-01	1.949693e-01	3.069459e-07	
38	2.000000e-01	1.999660e-01	3.400026e-07	
39	2.050000e-01	2.049623e-01	3.765433e-07	
40	2.100000e-01	2.099583e-01	4.169340e-07	
41	2.150000e-01	2.149538e-01	4.615794e-07	
42	2.200000e-01	2.199489e-01	5.109259e-07	
43	2.250000e-01	2.249435e-01	5.654669e-07	
44	2.300000e-01	2.299374e-01	6.257471e-07	
45	2.350000e-01	2.349308e-01	6.923678e-07	
46	2.400000e-01	2.399234e-01	7.659928e-07	
47	2.450000e-01	2.449153e-01	8.473550e-07	
48	2.500000e-01	2.499063e-01	9.372631e-07	
49	2.550000e-01	2.548963e-01	1.036609e-06	
50	2.600000e-01	2.598854e-01	1.146378e-06	
51	2.650000e-01	2.648732e-01	1.267655e-06	
52	2.700000e-01	2.698598e-01	1.401638e-06	
53	2.750000e-01	2.748450e-01	1.549647e-06	
54	2.800000e-01	2.798287e-01	1.713137e-06	

Index   v-sweep         v(7)            i(vreg)         
--------------------------------------------------------------------------------
55	2.850000e-01	2.848106e-01	1.893712e-06	
56	2.900000e-01	2.897907e-01	2.093137e-06	
57	2.950000e-01	2.947687e-01	2.313357e-06	
58	3.000000e-01	2.997443e-01	2.556513e-06	
59	3.050000e-01	3.047175e-01	2.824962e-06	
60	3.100000e-01	3.096879e-01	3.121292e-06	
61	3.150000e-01	3.146552e-01	3.448352e-06	
62	3.200000e-01	3.196191e-01	3.809272e-06	
63	3.250000e-01	3.245793e-01	4.207485e-06	
64	3.300000e-01	3.295353e-01	4.646763e-06	
65	3.350000e-01	3.344869e-01	5.131238e-06	
66	3.400000e-01	3.394335e-01	5.665440e-06	
67	3.450000e-01	3.443746e-01	6.254329e-06	
68	3.500000e-01	3.493097e-01	6.903326e-06	
69	3.550000e-01	3.542382e-01	7.618358e-06	
70	3.600000e-01	3.591594e-01	8.405893e-06	
71	3.650000e-01	3.640727e-01	9.272982e-06	
72	3.700000e-01	3.689773e-01	1.022730e-05	
73	3.750000e-01	3.738723e-01	1.127719e-05	
74	3.800000e-01	3.787568e-01	1.243171e-05	
75	3.850000e-01	3.836299e-01	1.370068e-05	
76	3.900000e-01	3.884905e-01	1.509470e-05	
77	3.950000e-01	3.933375e-01	1.662524e-05	
78	4.000000e-01	3.981695e-01	1.830462e-05	
79	4.050000e-01	4.029854e-01	2.014611e-05	
80	4.100000e-01	4.077836e-01	2.216391e-05	
81	4.150000e-01	4.125627e-01	2.437318e-05	
82	4.200000e-01	4.173210e-01	2.679009e-05	
83	4.250000e-01	4.220568e-01	2.943179e-05	
84	4.300000e-01	4.267684e-01	3.231645e-05	
85	4.350000e-01	4.314537e-01	3.546319e-05	
86	4.400000e-01	4.361108e-01	3.889206e-05	
87	4.450000e-01	4.407376e-01	4.262404e-05	
88	4.500000e-01	4.453319e-01	4.668091e-05	
89	4.550000e-01	4.498915e-01	5.108521e-05	
90	4.600000e-01	4.544140e-01	5.586008e-05	
91	4.650000e-01	4.588971e-01	6.102921e-05	
92	4.700000e-01	4.633383e-01	6.661662e-05	
93	4.750000e-01	4.677353e-01	7.264654e-05	
94	4.800000e-01	4.720857e-01	7.914322e-05	
95	4.850000e-01	4.763869e-01	8.613071e-05	
96	4.900000e-01	4.806367e-01	9.363268e-05	
97	4.950000e-01	4.848328e-01	1.016722e-04	
98	5.000000e-01	4.889728e-01	1.102715e-04	
99	5.050000e-01	4.930548e-01	1.194519e-04	
100	5.100000e-01	4.970767e-01	1.292332e-04	
101	5.150000e-01	5.010366e-01	1.396341e-04	
102	5.200000e-01	5.049329e-01	1.506714e-04	
103	5.250000e-01	5.087640e-01	1.623603e-04	
104	5.300000e-01	5.125286e-01	1.747141e-04	
105	5.350000e-01	5.162256e-01	1.877442e-04	
106	5.400000e-01	5.198540e-01	2.014597e-04	
107	5.450000e-01	5.234132e-01	2.158678e-04	
108	5.500000e-01	5.269026e-01	2.309736e-04	
109	5.550000e-01	5.303220e-01	2.467801e-04	
110	5.600000e-01	5.336712e-01	2.632882e-04	
111	5.650000e-01	5.369503e-01	2.804970e-04	
112	5.700000e-01	5.401596e-01	2.984036e-04	

Index   v-sweep         v(7)            i(vreg)         
--------------------------------------------------------------------------------
113	5.750000e-01	5.432996e-01	3.170036e-04	
114	5.800000e-01	5.463709e-01	3.362908e-04	
115	5.850000e-01	5.493742e-01	3.562576e-04	
116	5.900000e-01	5.523105e-01	3.768951e-04	
117	5.950000e-01	5.551807e-01	3.981931e-04	
118	6.000000e-01	5.579859e-01	4.201405e-04	
119	6.050000e-01	5.607275e-01	4.427254e-04	
120	6.100000e-01	5.634065e-01	4.659349e-04	
121	6.150000e-01	5.660244e-01	4.897558e-04	
122	6.200000e-01	5.685826e-01	5.141741e-04	
123	6.250000e-01	5.710824e-01	5.391756e-04	
124	6.300000e-01	5.735254e-01	5.647459e-04	
125	6.350000e-01	5.759130e-01	5.908701e-04	
126	6.400000e-01	5.782466e-01	6.175337e-04	
127	6.450000e-01	5.805278e-01	6.447217e-04	
128	6.500000e-01	5.827580e-01	6.724196e-04	
129	6.550000e-01	5.849387e-01	7.006126e-04	
130	6.600000e-01	5.870714e-01	7.292864e-04	
131	6.650000e-01	5.891573e-01	7.584268e-04	
132	6.700000e-01	5.911980e-01	7.880197e-04	
133	6.750000e-01	5.931949e-01	8.180514e-04	
134	6.800000e-01	5.951491e-01	8.485087e-04	
135	6.850000e-01	5.970622e-01	8.793783e-04	
136	6.900000e-01	5.989352e-01	9.106475e-04	
137	6.950000e-01	6.007696e-01	9.423040e-04	
138	7.000000e-01	6.025664e-01	9.743357e-04	
139	7.050000e-01	6.043269e-01	1.006731e-03	
140	7.100000e-01	6.060522e-01	1.039478e-03	
141	7.150000e-01	6.077433e-01	1.072567e-03	
142	7.200000e-01	6.094014e-01	1.105986e-03	
143	7.250000e-01	6.110275e-01	1.139725e-03	
144	7.300000e-01	6.126225e-01	1.173775e-03	
145	7.350000e-01	6.141874e-01	1.208126e-03	
146	7.400000e-01	6.157232e-01	1.242768e-03	
147	7.450000e-01	6.172308e-01	1.277692e-03	
148	7.500000e-01	6.187109e-01	1.312891e-03	
149	7.550000e-01	6.201645e-01	1.348355e-03	
150	7.600000e-01	6.215922e-01	1.384078e-03	
151	7.650000e-01	6.229950e-01	1.420050e-03	
152	7.700000e-01	6.243736e-01	1.456264e-03	
153	7.750000e-01	6.257286e-01	1.492714e-03	
154	7.800000e-01	6.270608e-01	1.529392e-03	
155	7.850000e-01	6.283708e-01	1.566292e-03	
156	7.900000e-01	6.296592e-01	1.603408e-03	
157	7.950000e-01	6.309267e-01	1.640733e-03	
158	8.000000e-01	6.321740e-01	1.678260e-03	
159	8.050000e-01	6.334014e-01	1.715986e-03	
160	8.100000e-01	6.346097e-01	1.753903e-03	
161	8.150000e-01	6.357993e-01	1.792007e-03	
162	8.200000e-01	6.369708e-01	1.830292e-03	
163	8.250000e-01	6.381246e-01	1.868754e-03	
164	8.300000e-01	6.392613e-01	1.907387e-03	
165	8.350000e-01	6.403812e-01	1.946188e-03	
166	8.400000e-01	6.414849e-01	1.985151e-03	
167	8.450000e-01	6.425728e-01	2.024272e-03	
168	8.500000e-01	6.436452e-01	2.063548e-03	
169	8.550000e-01	6.447026e-01	2.102974e-03	
170	8.600000e-01	6.457454e-01	2.142546e-03	

Index   v-sweep         v(7)            i(vreg)         
--------------------------------------------------------------------------------
171	8.650000e-01	6.467739e-01	2.182261e-03	
172	8.700000e-01	6.477886e-01	2.222114e-03	
173	8.750000e-01	6.487897e-01	2.262103e-03	
174	8.800000e-01	6.497775e-01	2.302225e-03	
175	8.850000e-01	6.507525e-01	2.342475e-03	
176	8.900000e-01	6.517149e-01	2.382851e-03	
177	8.950000e-01	6.526651e-01	2.423349e-03	
178	9.000000e-01	6.536032e-01	2.463968e-03	
179	9.050000e-01	6.545297e-01	2.504703e-03	
180	9.100000e-01	6.554448e-01	2.545552e-03	
181	9.150000e-01	6.563487e-01	2.586513e-03	
182	9.200000e-01	6.572417e-01	2.627583e-03	
183	9.250000e-01	6.581241e-01	2.668759e-03	
184	9.300000e-01	6.589960e-01	2.710040e-03	
185	9.350000e-01	6.598578e-01	2.751422e-03	
186	9.400000e-01	6.607097e-01	2.792903e-03	
187	9.450000e-01	6.615519e-01	2.834481e-03	
188	9.500000e-01	6.623845e-01	2.876155e-03	
189	9.550000e-01	6.632078e-01	2.917922e-03	
190	9.600000e-01	6.640221e-01	2.959779e-03	
191	9.650000e-01	6.648274e-01	3.001726e-03	
192	9.700000e-01	6.656240e-01	3.043760e-03	
193	9.750000e-01	6.664121e-01	3.085879e-03	
194	9.800000e-01	6.671918e-01	3.128082e-03	
195	9.850000e-01	6.679634e-01	3.170366e-03	
196	9.900000e-01	6.687269e-01	3.212731e-03	
197	9.950000e-01	6.694826e-01	3.255174e-03	
198	1.000000e+00	6.702305e-01	3.297695e-03	
199	1.005000e+00	6.709710e-01	3.340290e-03	
200	1.010000e+00	6.717040e-01	3.382960e-03	
201	1.015000e+00	6.724298e-01	3.425702e-03	
202	1.020000e+00	6.731485e-01	3.468515e-03	
203	1.025000e+00	6.738602e-01	3.511398e-03	
204	1.030000e+00	6.745651e-01	3.554349e-03	
205	1.035000e+00	6.752632e-01	3.597368e-03	
206	1.040000e+00	6.759548e-01	3.640452e-03	
207	1.045000e+00	6.766400e-01	3.683600e-03	
208	1.050000e+00	6.773188e-01	3.726812e-03	
209	1.055000e+00	6.779913e-01	3.770087e-03	
210	1.060000e+00	6.786578e-01	3.813422e-03	
211	1.065000e+00	6.793183e-01	3.856817e-03	
212	1.070000e+00	6.799728e-01	3.900272e-03	
213	1.075000e+00	6.806216e-01	3.943784e-03	
214	1.080000e+00	6.812647e-01	3.987353e-03	
215	1.085000e+00	6.819023e-01	4.030977e-03	
216	1.090000e+00	6.825343e-01	4.074657e-03	
217	1.095000e+00	6.831610e-01	4.118390e-03	
218	1.100000e+00	6.837823e-01	4.162177e-03	
219	1.105000e+00	6.843985e-01	4.206015e-03	
220	1.110000e+00	6.850095e-01	4.249905e-03	
221	1.115000e+00	6.856155e-01	4.293845e-03	
222	1.120000e+00	6.862165e-01	4.337835e-03	
223	1.125000e+00	6.868127e-01	4.381873e-03	
224	1.130000e+00	6.874041e-01	4.425959e-03	
225	1.135000e+00	6.879907e-01	4.470093e-03	
226	1.140000e+00	6.885728e-01	4.514272e-03	
227	1.145000e+00	6.891502e-01	4.558498e-03	
228	1.150000e+00	6.897232e-01	4.602768e-03	

Index   v-sweep         v(7)            i(vreg)         
--------------------------------------------------------------------------------
229	1.155000e+00	6.902918e-01	4.647082e-03	
230	1.160000e+00	6.908560e-01	4.691440e-03	
231	1.165000e+00	6.914159e-01	4.735841e-03	
232	1.170000e+00	6.919716e-01	4.780284e-03	
233	1.175000e+00	6.925232e-01	4.824768e-03	
234	1.180000e+00	6.930707e-01	4.869293e-03	
235	1.185000e+00	6.936142e-01	4.913858e-03	
236	1.190000e+00	6.941537e-01	4.958463e-03	
237	1.195000e+00	6.946893e-01	5.003107e-03	
238	1.200000e+00	6.952210e-01	5.047790e-03	
239	1.205000e+00	6.957490e-01	5.092510e-03	
240	1.210000e+00	6.962732e-01	5.137268e-03	
241	1.215000e+00	6.967938e-01	5.182062e-03	
242	1.220000e+00	6.973107e-01	5.226893e-03	
243	1.225000e+00	6.978240e-01	5.271760e-03	
244	1.230000e+00	6.983338e-01	5.316662e-03	
245	1.235000e+00	6.988402e-01	5.361598e-03	
246	1.240000e+00	6.993431e-01	5.406569e-03	
247	1.245000e+00	6.998427e-01	5.451573e-03	
248	1.250000e+00	7.003389e-01	5.496611e-03	
249	1.255000e+00	7.008318e-01	5.541682e-03	
250	1.260000e+00	7.013215e-01	5.586785e-03	
251	1.265000e+00	7.018080e-01	5.631920e-03	
252	1.270000e+00	7.022913e-01	5.677087e-03	
253	1.275000e+00	7.027716e-01	5.722284e-03	
254	1.280000e+00	7.032488e-01	5.767512e-03	
255	1.285000e+00	7.037229e-01	5.812771e-03	
256	1.290000e+00	7.041941e-01	5.858059e-03	
257	1.295000e+00	7.046623e-01	5.903377e-03	
258	1.300000e+00	7.051276e-01	5.948724e-03	
259	1.305000e+00	7.055900e-01	5.994100e-03	
260	1.310000e+00	7.060496e-01	6.039504e-03	
261	1.315000e+00	7.065064e-01	6.084936e-03	
262	1.320000e+00	7.069604e-01	6.130396e-03	
263	1.325000e+00	7.074117e-01	6.175883e-03	
264	1.330000e+00	7.078604e-01	6.221396e-03	
265	1.335000e+00	7.083063e-01	6.266937e-03	
266	1.340000e+00	7.087496e-01	6.312504e-03	
267	1.345000e+00	7.091904e-01	6.358096e-03	
268	1.350000e+00	7.096285e-01	6.403715e-03	
269	1.355000e+00	7.100642e-01	6.449358e-03	
270	1.360000e+00	7.104973e-01	6.495027e-03	
271	1.365000e+00	7.109280e-01	6.540720e-03	
272	1.370000e+00	7.113562e-01	6.586438e-03	
273	1.375000e+00	7.117821e-01	6.632179e-03	
274	1.380000e+00	7.122055e-01	6.677945e-03	
275	1.385000e+00	7.126266e-01	6.723734e-03	
276	1.390000e+00	7.130453e-01	6.769547e-03	
277	1.395000e+00	7.134618e-01	6.815382e-03	
278	1.400000e+00	7.138760e-01	6.861240e-03	
279	1.405000e+00	7.142879e-01	6.907121e-03	
280	1.410000e+00	7.146977e-01	6.953023e-03	
281	1.415000e+00	7.151052e-01	6.998948e-03	
282	1.420000e+00	7.155105e-01	7.044895e-03	
283	1.425000e+00	7.159137e-01	7.090863e-03	
284	1.430000e+00	7.163148e-01	7.136852e-03	
285	1.435000e+00	7.167138e-01	7.182862e-03	
286	1.440000e+00	7.171107e-01	7.228893e-03	

Index   v-sweep         v(7)            i(vreg)         
--------------------------------------------------------------------------------
287	1.445000e+00	7.175056e-01	7.274944e-03	
288	1.450000e+00	7.178984e-01	7.321016e-03	
289	1.455000e+00	7.182893e-01	7.367107e-03	
290	1.460000e+00	7.186781e-01	7.413219e-03	
291	1.465000e+00	7.190650e-01	7.459350e-03	
292	1.470000e+00	7.194499e-01	7.505501e-03	
293	1.475000e+00	7.198329e-01	7.551671e-03	
294	1.480000e+00	7.202140e-01	7.597860e-03	
295	1.485000e+00	7.205933e-01	7.644067e-03	
296	1.490000e+00	7.209706e-01	7.690294e-03	
297	1.495000e+00	7.213462e-01	7.736538e-03	
298	1.500000e+00	7.217199e-01	7.782801e-03	
299	1.505000e+00	7.220918e-01	7.829082e-03	
300	1.510000e+00	7.224619e-01	7.875381e-03	
301	1.515000e+00	7.228302e-01	7.921698e-03	
302	1.520000e+00	7.231968e-01	7.968032e-03	
303	1.525000e+00	7.235617e-01	8.014383e-03	
304	1.530000e+00	7.239249e-01	8.060751e-03	
305	1.535000e+00	7.242863e-01	8.107137e-03	
306	1.540000e+00	7.246461e-01	8.153539e-03	
307	1.545000e+00	7.250043e-01	8.199957e-03	
308	1.550000e+00	7.253607e-01	8.246393e-03	
309	1.555000e+00	7.257156e-01	8.292844e-03	
310	1.560000e+00	7.260688e-01	8.339312e-03	
311	1.565000e+00	7.264205e-01	8.385795e-03	
312	1.570000e+00	7.267705e-01	8.432295e-03	
313	1.575000e+00	7.271190e-01	8.478810e-03	
314	1.580000e+00	7.274659e-01	8.525341e-03	
315	1.585000e+00	7.278113e-01	8.571887e-03	
316	1.590000e+00	7.281552e-01	8.618448e-03	
317	1.595000e+00	7.284976e-01	8.665024e-03	
318	1.600000e+00	7.288385e-01	8.711615e-03	
319	1.605000e+00	7.291779e-01	8.758221e-03	
320	1.610000e+00	7.295158e-01	8.804842e-03	
321	1.615000e+00	7.298523e-01	8.851477e-03	
322	1.620000e+00	7.301874e-01	8.898126e-03	
323	1.625000e+00	7.305210e-01	8.944790e-03	
324	1.630000e+00	7.308532e-01	8.991468e-03	
325	1.635000e+00	7.311840e-01	9.038160e-03	
326	1.640000e+00	7.315134e-01	9.084866e-03	
327	1.645000e+00	7.318415e-01	9.131585e-03	
328	1.650000e+00	7.321682e-01	9.178318e-03	
329	1.655000e+00	7.324935e-01	9.225065e-03	
330	1.660000e+00	7.328176e-01	9.271824e-03	
331	1.665000e+00	7.331402e-01	9.318598e-03	
332	1.670000e+00	7.334616e-01	9.365384e-03	
333	1.675000e+00	7.337817e-01	9.412183e-03	
334	1.680000e+00	7.341005e-01	9.458995e-03	
335	1.685000e+00	7.344180e-01	9.505820e-03	
336	1.690000e+00	7.347342e-01	9.552658e-03	
337	1.695000e+00	7.350492e-01	9.599508e-03	
338	1.700000e+00	7.353630e-01	9.646370e-03	
339	1.705000e+00	7.356755e-01	9.693245e-03	
340	1.710000e+00	7.359867e-01	9.740133e-03	
341	1.715000e+00	7.362968e-01	9.787032e-03	
342	1.720000e+00	7.366057e-01	9.833943e-03	
343	1.725000e+00	7.369134e-01	9.880866e-03	
344	1.730000e+00	7.372198e-01	9.927802e-03	

Index   v-sweep         v(7)            i(vreg)         
--------------------------------------------------------------------------------
345	1.735000e+00	7.375252e-01	9.974748e-03	
346	1.740000e+00	7.378293e-01	1.002171e-02	
347	1.745000e+00	7.381323e-01	1.006868e-02	
348	1.750000e+00	7.384342e-01	1.011566e-02	
349	1.755000e+00	7.387349e-01	1.016265e-02	
350	1.760000e+00	7.390345e-01	1.020965e-02	
351	1.765000e+00	7.393330e-01	1.025667e-02	
352	1.770000e+00	7.396304e-01	1.030370e-02	
353	1.775000e+00	7.399267e-01	1.035073e-02	
354	1.780000e+00	7.402219e-01	1.039778e-02	
355	1.785000e+00	7.405160e-01	1.044484e-02	
356	1.790000e+00	7.408090e-01	1.049191e-02	
357	1.795000e+00	7.411010e-01	1.053899e-02	
358	1.800000e+00	7.413919e-01	1.058608e-02	
359	1.805000e+00	7.416818e-01	1.063318e-02	
360	1.810000e+00	7.419707e-01	1.068029e-02	
361	1.815000e+00	7.422585e-01	1.072742e-02	
362	1.820000e+00	7.425453e-01	1.077455e-02	
363	1.825000e+00	7.428311e-01	1.082169e-02	
364	1.830000e+00	7.431159e-01	1.086884e-02	
365	1.835000e+00	7.433996e-01	1.091600e-02	
366	1.840000e+00	7.436824e-01	1.096318e-02	
367	1.845000e+00	7.439643e-01	1.101036e-02	
368	1.850000e+00	7.442451e-01	1.105755e-02	
369	1.855000e+00	7.445250e-01	1.110475e-02	
370	1.860000e+00	7.448039e-01	1.115196e-02	
371	1.865000e+00	7.450818e-01	1.119918e-02	
372	1.870000e+00	7.453589e-01	1.124641e-02	
373	1.875000e+00	7.456349e-01	1.129365e-02	
374	1.880000e+00	7.459101e-01	1.134090e-02	
375	1.885000e+00	7.461843e-01	1.138816e-02	
376	1.890000e+00	7.464576e-01	1.143542e-02	
377	1.895000e+00	7.467300e-01	1.148270e-02	
378	1.900000e+00	7.470015e-01	1.152998e-02	
379	1.905000e+00	7.472721e-01	1.157728e-02	
380	1.910000e+00	7.475418e-01	1.162458e-02	
381	1.915000e+00	7.478106e-01	1.167189e-02	
382	1.920000e+00	7.480786e-01	1.171921e-02	
383	1.925000e+00	7.483457e-01	1.176654e-02	
384	1.930000e+00	7.486119e-01	1.181388e-02	
385	1.935000e+00	7.488772e-01	1.186123e-02	
386	1.940000e+00	7.491417e-01	1.190858e-02	
387	1.945000e+00	7.494054e-01	1.195595e-02	
388	1.950000e+00	7.496682e-01	1.200332e-02	
389	1.955000e+00	7.499302e-01	1.205070e-02	
390	1.960000e+00	7.501913e-01	1.209809e-02	
391	1.965000e+00	7.504517e-01	1.214548e-02	
392	1.970000e+00	7.507112e-01	1.219289e-02	
393	1.975000e+00	7.509699e-01	1.224030e-02	
394	1.980000e+00	7.512278e-01	1.228772e-02	
395	1.985000e+00	7.514849e-01	1.233515e-02	
396	1.990000e+00	7.517412e-01	1.238259e-02	
397	1.995000e+00	7.519967e-01	1.243003e-02	
398	2.000000e+00	7.522514e-01	1.247749e-02	
399	2.005000e+00	7.525054e-01	1.252495e-02	
400	2.010000e+00	7.527586e-01	1.257241e-02	
401	2.015000e+00	7.530110e-01	1.261989e-02	
402	2.020000e+00	7.532626e-01	1.266737e-02	

Index   v-sweep         v(7)            i(vreg)         
--------------------------------------------------------------------------------
403	2.025000e+00	7.535135e-01	1.271486e-02	
404	2.030000e+00	7.537637e-01	1.276236e-02	
405	2.035000e+00	7.540131e-01	1.280987e-02	
406	2.040000e+00	7.542617e-01	1.285738e-02	
407	2.045000e+00	7.545097e-01	1.290490e-02	
408	2.050000e+00	7.547568e-01	1.295243e-02	
409	2.055000e+00	7.550033e-01	1.299997e-02	
410	2.060000e+00	7.552490e-01	1.304751e-02	
411	2.065000e+00	7.554941e-01	1.309506e-02	
412	2.070000e+00	7.557384e-01	1.314262e-02	
413	2.075000e+00	7.559820e-01	1.319018e-02	
414	2.080000e+00	7.562249e-01	1.323775e-02	
415	2.085000e+00	7.564671e-01	1.328533e-02	
416	2.090000e+00	7.567086e-01	1.333291e-02	
417	2.095000e+00	7.569494e-01	1.338051e-02	
418	2.100000e+00	7.571895e-01	1.342810e-02	
419	2.105000e+00	7.574290e-01	1.347571e-02	
420	2.110000e+00	7.576678e-01	1.352332e-02	
421	2.115000e+00	7.579059e-01	1.357094e-02	
422	2.120000e+00	7.581433e-01	1.361857e-02	
423	2.125000e+00	7.583801e-01	1.366620e-02	
424	2.130000e+00	7.586162e-01	1.371384e-02	
425	2.135000e+00	7.588516e-01	1.376148e-02	
426	2.140000e+00	7.590864e-01	1.380914e-02	
427	2.145000e+00	7.593206e-01	1.385679e-02	
428	2.150000e+00	7.595541e-01	1.390446e-02	
429	2.155000e+00	7.597870e-01	1.395213e-02	
430	2.160000e+00	7.600192e-01	1.399981e-02	
431	2.165000e+00	7.602508e-01	1.404749e-02	
432	2.170000e+00	7.604818e-01	1.409518e-02	
433	2.175000e+00	7.607122e-01	1.414288e-02	
434	2.180000e+00	7.609419e-01	1.419058e-02	
435	2.185000e+00	7.611710e-01	1.423829e-02	
436	2.190000e+00	7.613995e-01	1.428600e-02	
437	2.195000e+00	7.616274e-01	1.433373e-02	
438	2.200000e+00	7.618547e-01	1.438145e-02	
439	2.205000e+00	7.620814e-01	1.442919e-02	
440	2.210000e+00	7.623075e-01	1.447692e-02	
441	2.215000e+00	7.625330e-01	1.452467e-02	
442	2.220000e+00	7.627579e-01	1.457242e-02	
443	2.225000e+00	7.629823e-01	1.462018e-02	
444	2.230000e+00	7.632060e-01	1.466794e-02	
445	2.235000e+00	7.634292e-01	1.471571e-02	
446	2.240000e+00	7.636518e-01	1.476348e-02	
447	2.245000e+00	7.638738e-01	1.481126e-02	
448	2.250000e+00	7.640952e-01	1.485905e-02	
449	2.255000e+00	7.643161e-01	1.490684e-02	
450	2.260000e+00	7.645364e-01	1.495464e-02	
451	2.265000e+00	7.647562e-01	1.500244e-02	
452	2.270000e+00	7.649754e-01	1.505025e-02	
453	2.275000e+00	7.651940e-01	1.509806e-02	
454	2.280000e+00	7.654121e-01	1.514588e-02	
455	2.285000e+00	7.656296e-01	1.519370e-02	
456	2.290000e+00	7.658466e-01	1.524153e-02	
457	2.295000e+00	7.660631e-01	1.528937e-02	
458	2.300000e+00	7.662790e-01	1.533721e-02	
459	2.305000e+00	7.664944e-01	1.538506e-02	
460	2.310000e+00	7.667093e-01	1.543291e-02	

Index   v-sweep         v(7)            i(vreg)         
--------------------------------------------------------------------------------
461	2.315000e+00	7.669236e-01	1.548076e-02	
462	2.320000e+00	7.671374e-01	1.552863e-02	
463	2.325000e+00	7.673507e-01	1.557649e-02	
464	2.330000e+00	7.675634e-01	1.562437e-02	
465	2.335000e+00	7.677757e-01	1.567224e-02	
466	2.340000e+00	7.679874e-01	1.572013e-02	
467	2.345000e+00	7.681986e-01	1.576801e-02	
468	2.350000e+00	7.684093e-01	1.581591e-02	
469	2.355000e+00	7.686195e-01	1.586380e-02	
470	2.360000e+00	7.688292e-01	1.591171e-02	
471	2.365000e+00	7.690384e-01	1.595962e-02	
472	2.370000e+00	7.692471e-01	1.600753e-02	
473	2.375000e+00	7.694553e-01	1.605545e-02	
474	2.380000e+00	7.696630e-01	1.610337e-02	
475	2.385000e+00	7.698703e-01	1.615130e-02	
476	2.390000e+00	7.700770e-01	1.619923e-02	
477	2.395000e+00	7.702833e-01	1.624717e-02	
478	2.400000e+00	7.704890e-01	1.629511e-02	
479	2.405000e+00	7.706943e-01	1.634306e-02	
480	2.410000e+00	7.708991e-01	1.639101e-02	
481	2.415000e+00	7.711035e-01	1.643897e-02	
482	2.420000e+00	7.713074e-01	1.648693e-02	
483	2.425000e+00	7.715108e-01	1.653489e-02	
484	2.430000e+00	7.717137e-01	1.658286e-02	
485	2.435000e+00	7.719162e-01	1.663084e-02	
486	2.440000e+00	7.721182e-01	1.667882e-02	
487	2.445000e+00	7.723198e-01	1.672680e-02	
488	2.450000e+00	7.725209e-01	1.677479e-02	
489	2.455000e+00	7.727215e-01	1.682279e-02	
490	2.460000e+00	7.729217e-01	1.687078e-02	
491	2.465000e+00	7.731214e-01	1.691879e-02	
492	2.470000e+00	7.733207e-01	1.696679e-02	
493	2.475000e+00	7.735196e-01	1.701480e-02	
494	2.480000e+00	7.737180e-01	1.706282e-02	
495	2.485000e+00	7.739160e-01	1.711084e-02	
496	2.490000e+00	7.741135e-01	1.715887e-02	
497	2.495000e+00	7.743106e-01	1.720689e-02	
498	2.500000e+00	7.745072e-01	1.725493e-02	
499	2.505000e+00	7.747035e-01	1.730297e-02	
500	2.510000e+00	7.748993e-01	1.735101e-02	
501	2.515000e+00	7.750946e-01	1.739905e-02	
502	2.520000e+00	7.752896e-01	1.744710e-02	
503	2.525000e+00	7.754841e-01	1.749516e-02	
504	2.530000e+00	7.756782e-01	1.754322e-02	
505	2.535000e+00	7.758719e-01	1.759128e-02	
506	2.540000e+00	7.760652e-01	1.763935e-02	
507	2.545000e+00	7.762580e-01	1.768742e-02	
508	2.550000e+00	7.764505e-01	1.773550e-02	
509	2.555000e+00	7.766425e-01	1.778357e-02	
510	2.560000e+00	7.768341e-01	1.783166e-02	
511	2.565000e+00	7.770254e-01	1.787975e-02	
512	2.570000e+00	7.772162e-01	1.792784e-02	
513	2.575000e+00	7.774066e-01	1.797593e-02	
514	2.580000e+00	7.775966e-01	1.802403e-02	
515	2.585000e+00	7.777862e-01	1.807214e-02	
516	2.590000e+00	7.779754e-01	1.812025e-02	
517	2.595000e+00	7.781643e-01	1.816836e-02	
518	2.600000e+00	7.783527e-01	1.821647e-02	

Index   v-sweep         v(7)            i(vreg)         
--------------------------------------------------------------------------------
519	2.605000e+00	7.785407e-01	1.826459e-02	
520	2.610000e+00	7.787284e-01	1.831272e-02	
521	2.615000e+00	7.789156e-01	1.836084e-02	
522	2.620000e+00	7.791025e-01	1.840897e-02	
523	2.625000e+00	7.792890e-01	1.845711e-02	
524	2.630000e+00	7.794751e-01	1.850525e-02	
525	2.635000e+00	7.796609e-01	1.855339e-02	
526	2.640000e+00	7.798462e-01	1.860154e-02	
527	2.645000e+00	7.800312e-01	1.864969e-02	
528	2.650000e+00	7.802158e-01	1.869784e-02	
529	2.655000e+00	7.804001e-01	1.874600e-02	
530	2.660000e+00	7.805839e-01	1.879416e-02	
531	2.665000e+00	7.807674e-01	1.884233e-02	
532	2.670000e+00	7.809506e-01	1.889049e-02	
533	2.675000e+00	7.811333e-01	1.893867e-02	
534	2.680000e+00	7.813157e-01	1.898684e-02	
535	2.685000e+00	7.814978e-01	1.903502e-02	
536	2.690000e+00	7.816794e-01	1.908321e-02	
537	2.695000e+00	7.818608e-01	1.913139e-02	
538	2.700000e+00	7.820417e-01	1.917958e-02	
539	2.705000e+00	7.822223e-01	1.922778e-02	
540	2.710000e+00	7.824026e-01	1.927597e-02	
541	2.715000e+00	7.825825e-01	1.932418e-02	
542	2.720000e+00	7.827620e-01	1.937238e-02	
543	2.725000e+00	7.829412e-01	1.942059e-02	
544	2.730000e+00	7.831201e-01	1.946880e-02	
545	2.735000e+00	7.832986e-01	1.951701e-02	
546	2.740000e+00	7.834768e-01	1.956523e-02	
547	2.745000e+00	7.836546e-01	1.961345e-02	
548	2.750000e+00	7.838321e-01	1.966168e-02	
549	2.755000e+00	7.840092e-01	1.970991e-02	
550	2.760000e+00	7.841860e-01	1.975814e-02	
551	2.765000e+00	7.843625e-01	1.980638e-02	
552	2.770000e+00	7.845386e-01	1.985461e-02	
553	2.775000e+00	7.847144e-01	1.990286e-02	
554	2.780000e+00	7.848899e-01	1.995110e-02	
555	2.785000e+00	7.850650e-01	1.999935e-02	
556	2.790000e+00	7.852398e-01	2.004760e-02	
557	2.795000e+00	7.854143e-01	2.009586e-02	
558	2.800000e+00	7.855884e-01	2.014412e-02	
559	2.805000e+00	7.857623e-01	2.019238e-02	
560	2.810000e+00	7.859358e-01	2.024064e-02	
561	2.815000e+00	7.861090e-01	2.028891e-02	
562	2.820000e+00	7.862818e-01	2.033718e-02	
563	2.825000e+00	7.864544e-01	2.038546e-02	
564	2.830000e+00	7.866266e-01	2.043373e-02	
565	2.835000e+00	7.867985e-01	2.048202e-02	
566	2.840000e+00	7.869701e-01	2.053030e-02	
567	2.845000e+00	7.871414e-01	2.057859e-02	
568	2.850000e+00	7.873123e-01	2.062688e-02	
569	2.855000e+00	7.874830e-01	2.067517e-02	
570	2.860000e+00	7.876533e-01	2.072347e-02	
571	2.865000e+00	7.878234e-01	2.077177e-02	
572	2.870000e+00	7.879931e-01	2.082007e-02	
573	2.875000e+00	7.881625e-01	2.086837e-02	
574	2.880000e+00	7.883316e-01	2.091668e-02	
575	2.885000e+00	7.885005e-01	2.096500e-02	
576	2.890000e+00	7.886690e-01	2.101331e-02	

Index   v-sweep         v(7)            i(vreg)         
--------------------------------------------------------------------------------
577	2.895000e+00	7.888372e-01	2.106163e-02	
578	2.900000e+00	7.890051e-01	2.110995e-02	
579	2.905000e+00	7.891727e-01	2.115827e-02	
580	2.910000e+00	7.893400e-01	2.120660e-02	
581	2.915000e+00	7.895071e-01	2.125493e-02	
582	2.920000e+00	7.896738e-01	2.130326e-02	
583	2.925000e+00	7.898402e-01	2.135160e-02	
584	2.930000e+00	7.900064e-01	2.139994e-02	
585	2.935000e+00	7.901722e-01	2.144828e-02	
586	2.940000e+00	7.903378e-01	2.149662e-02	
587	2.945000e+00	7.905031e-01	2.154497e-02	
588	2.950000e+00	7.906681e-01	2.159332e-02	
589	2.955000e+00	7.908328e-01	2.164167e-02	
590	2.960000e+00	7.909972e-01	2.169003e-02	
591	2.965000e+00	7.911613e-01	2.173839e-02	
592	2.970000e+00	7.913252e-01	2.178675e-02	
593	2.975000e+00	7.914888e-01	2.183511e-02	
594	2.980000e+00	7.916520e-01	2.188348e-02	
595	2.985000e+00	7.918151e-01	2.193185e-02	
596	2.990000e+00	7.919778e-01	2.198022e-02	
597	2.995000e+00	7.921403e-01	2.202860e-02	
598	3.000000e+00	7.923024e-01	2.207698e-02	
599	3.005000e+00	7.924643e-01	2.212536e-02	
600	3.010000e+00	7.926260e-01	2.217374e-02	
601	3.015000e+00	7.927873e-01	2.222213e-02	
602	3.020000e+00	7.929484e-01	2.227052e-02	
603	3.025000e+00	7.931093e-01	2.231891e-02	
604	3.030000e+00	7.932698e-01	2.236730e-02	
605	3.035000e+00	7.934301e-01	2.241570e-02	
606	3.040000e+00	7.935901e-01	2.246410e-02	
607	3.045000e+00	7.937499e-01	2.251250e-02	
608	3.050000e+00	7.939093e-01	2.256091e-02	
609	3.055000e+00	7.940686e-01	2.260931e-02	
610	3.060000e+00	7.942275e-01	2.265772e-02	
611	3.065000e+00	7.943862e-01	2.270614e-02	
612	3.070000e+00	7.945447e-01	2.275455e-02	
613	3.075000e+00	7.947028e-01	2.280297e-02	
614	3.080000e+00	7.948608e-01	2.285139e-02	
615	3.085000e+00	7.950184e-01	2.289982e-02	
616	3.090000e+00	7.951758e-01	2.294824e-02	
617	3.095000e+00	7.953330e-01	2.299667e-02	
618	3.100000e+00	7.954899e-01	2.304510e-02	
619	3.105000e+00	7.956465e-01	2.309353e-02	
620	3.110000e+00	7.958029e-01	2.314197e-02	
621	3.115000e+00	7.959590e-01	2.319041e-02	
622	3.120000e+00	7.961149e-01	2.323885e-02	
623	3.125000e+00	7.962706e-01	2.328729e-02	
624	3.130000e+00	7.964259e-01	2.333574e-02	
625	3.135000e+00	7.965811e-01	2.338419e-02	
626	3.140000e+00	7.967360e-01	2.343264e-02	
627	3.145000e+00	7.968906e-01	2.348109e-02	
628	3.150000e+00	7.970450e-01	2.352955e-02	
629	3.155000e+00	7.971992e-01	2.357801e-02	
630	3.160000e+00	7.973531e-01	2.362647e-02	
631	3.165000e+00	7.975068e-01	2.367493e-02	
632	3.170000e+00	7.976602e-01	2.372340e-02	
633	3.175000e+00	7.978134e-01	2.377187e-02	
634	3.180000e+00	7.979663e-01	2.382034e-02	

Index   v-sweep         v(7)            i(vreg)         
--------------------------------------------------------------------------------
635	3.185000e+00	7.981190e-01	2.386881e-02	
636	3.190000e+00	7.982715e-01	2.391728e-02	
637	3.195000e+00	7.984237e-01	2.396576e-02	
638	3.200000e+00	7.985757e-01	2.401424e-02	
639	3.205000e+00	7.987275e-01	2.406272e-02	
640	3.210000e+00	7.988790e-01	2.411121e-02	
641	3.215000e+00	7.990303e-01	2.415970e-02	
642	3.220000e+00	7.991814e-01	2.420819e-02	
643	3.225000e+00	7.993322e-01	2.425668e-02	
644	3.230000e+00	7.994828e-01	2.430517e-02	
645	3.235000e+00	7.996332e-01	2.435367e-02	
646	3.240000e+00	7.997833e-01	2.440217e-02	
647	3.245000e+00	7.999333e-01	2.445067e-02	
648	3.250000e+00	8.000829e-01	2.449917e-02	
649	3.255000e+00	8.002324e-01	2.454768e-02	
650	3.260000e+00	8.003816e-01	2.459618e-02	
651	3.265000e+00	8.005307e-01	2.464469e-02	
652	3.270000e+00	8.006794e-01	2.469321e-02	
653	3.275000e+00	8.008280e-01	2.474172e-02	
654	3.280000e+00	8.009763e-01	2.479024e-02	
655	3.285000e+00	8.011245e-01	2.483876e-02	
656	3.290000e+00	8.012724e-01	2.488728e-02	
657	3.295000e+00	8.014200e-01	2.493580e-02	
658	3.300000e+00	8.015675e-01	2.498433e-02	
659	3.305000e+00	8.017147e-01	2.503285e-02	
660	3.310000e+00	8.018617e-01	2.508138e-02	
661	3.315000e+00	8.020085e-01	2.512991e-02	
662	3.320000e+00	8.021551e-01	2.517845e-02	
663	3.325000e+00	8.023015e-01	2.522698e-02	
664	3.330000e+00	8.024477e-01	2.527552e-02	
665	3.335000e+00	8.025936e-01	2.532406e-02	
666	3.340000e+00	8.027393e-01	2.537261e-02	
667	3.345000e+00	8.028848e-01	2.542115e-02	
668	3.350000e+00	8.030301e-01	2.546970e-02	
669	3.355000e+00	8.031752e-01	2.551825e-02	
670	3.360000e+00	8.033201e-01	2.556680e-02	
671	3.365000e+00	8.034648e-01	2.561535e-02	
672	3.370000e+00	8.036093e-01	2.566391e-02	
673	3.375000e+00	8.037535e-01	2.571246e-02	
674	3.380000e+00	8.038976e-01	2.576102e-02	
675	3.385000e+00	8.040414e-01	2.580959e-02	
676	3.390000e+00	8.041850e-01	2.585815e-02	
677	3.395000e+00	8.043285e-01	2.590672e-02	
678	3.400000e+00	8.044717e-01	2.595528e-02	
679	3.405000e+00	8.046147e-01	2.600385e-02	
680	3.410000e+00	8.047575e-01	2.605242e-02	
681	3.415000e+00	8.049002e-01	2.610100e-02	
682	3.420000e+00	8.050426e-01	2.614957e-02	
683	3.425000e+00	8.051848e-01	2.619815e-02	
684	3.430000e+00	8.053268e-01	2.624673e-02	
685	3.435000e+00	8.054686e-01	2.629531e-02	
686	3.440000e+00	8.056102e-01	2.634390e-02	
687	3.445000e+00	8.057517e-01	2.639248e-02	
688	3.450000e+00	8.058929e-01	2.644107e-02	
689	3.455000e+00	8.060339e-01	2.648966e-02	
690	3.460000e+00	8.061747e-01	2.653825e-02	
691	3.465000e+00	8.063154e-01	2.658685e-02	
692	3.470000e+00	8.064558e-01	2.663544e-02	

Index   v-sweep         v(7)            i(vreg)         
--------------------------------------------------------------------------------
693	3.475000e+00	8.065960e-01	2.668404e-02	
694	3.480000e+00	8.067361e-01	2.673264e-02	
695	3.485000e+00	8.068759e-01	2.678124e-02	
696	3.490000e+00	8.070156e-01	2.682984e-02	
697	3.495000e+00	8.071551e-01	2.687845e-02	
698	3.500000e+00	8.072943e-01	2.692706e-02	
699	3.505000e+00	8.074334e-01	2.697567e-02	
700	3.510000e+00	8.075723e-01	2.702428e-02	
701	3.515000e+00	8.077110e-01	2.707289e-02	
702	3.520000e+00	8.078496e-01	2.712150e-02	
703	3.525000e+00	8.079879e-01	2.717012e-02	
704	3.530000e+00	8.081260e-01	2.721874e-02	
705	3.535000e+00	8.082640e-01	2.726736e-02	
706	3.540000e+00	8.084018e-01	2.731598e-02	
707	3.545000e+00	8.085394e-01	2.736461e-02	
708	3.550000e+00	8.086768e-01	2.741323e-02	
709	3.555000e+00	8.088140e-01	2.746186e-02	
710	3.560000e+00	8.089510e-01	2.751049e-02	
711	3.565000e+00	8.090879e-01	2.755912e-02	
712	3.570000e+00	8.092245e-01	2.760775e-02	
713	3.575000e+00	8.093610e-01	2.765639e-02	
714	3.580000e+00	8.094973e-01	2.770503e-02	
715	3.585000e+00	8.096335e-01	2.775367e-02	
716	3.590000e+00	8.097694e-01	2.780231e-02	
717	3.595000e+00	8.099052e-01	2.785095e-02	
718	3.600000e+00	8.100408e-01	2.789959e-02	
719	3.605000e+00	8.101762e-01	2.794824e-02	
720	3.610000e+00	8.103114e-01	2.799689e-02	
721	3.615000e+00	8.104464e-01	2.804554e-02	
722	3.620000e+00	8.105813e-01	2.809419e-02	
723	3.625000e+00	8.107160e-01	2.814284e-02	
724	3.630000e+00	8.108505e-01	2.819149e-02	
725	3.635000e+00	8.109849e-01	2.824015e-02	
726	3.640000e+00	8.111191e-01	2.828881e-02	
727	3.645000e+00	8.112531e-01	2.833747e-02	
728	3.650000e+00	8.113869e-01	2.838613e-02	
729	3.655000e+00	8.115205e-01	2.843479e-02	
730	3.660000e+00	8.116540e-01	2.848346e-02	
731	3.665000e+00	8.117873e-01	2.853213e-02	
732	3.670000e+00	8.119205e-01	2.858080e-02	
733	3.675000e+00	8.120534e-01	2.862947e-02	
734	3.680000e+00	8.121862e-01	2.867814e-02	
735	3.685000e+00	8.123189e-01	2.872681e-02	
736	3.690000e+00	8.124513e-01	2.877549e-02	
737	3.695000e+00	8.125836e-01	2.882416e-02	
738	3.700000e+00	8.127158e-01	2.887284e-02	
739	3.705000e+00	8.128477e-01	2.892152e-02	
740	3.710000e+00	8.129795e-01	2.897021e-02	
741	3.715000e+00	8.131111e-01	2.901889e-02	
742	3.720000e+00	8.132426e-01	2.906757e-02	
743	3.725000e+00	8.133739e-01	2.911626e-02	
744	3.730000e+00	8.135050e-01	2.916495e-02	
745	3.735000e+00	8.136360e-01	2.921364e-02	
746	3.740000e+00	8.137667e-01	2.926233e-02	
747	3.745000e+00	8.138974e-01	2.931103e-02	
748	3.750000e+00	8.140279e-01	2.935972e-02	
749	3.755000e+00	8.141582e-01	2.940842e-02	
750	3.760000e+00	8.142883e-01	2.945712e-02	

Index   v-sweep         v(7)            i(vreg)         
--------------------------------------------------------------------------------
751	3.765000e+00	8.144183e-01	2.950582e-02	
752	3.770000e+00	8.145481e-01	2.955452e-02	
753	3.775000e+00	8.146778e-01	2.960322e-02	
754	3.780000e+00	8.148073e-01	2.965193e-02	
755	3.785000e+00	8.149366e-01	2.970063e-02	
756	3.790000e+00	8.150658e-01	2.974934e-02	
757	3.795000e+00	8.151948e-01	2.979805e-02	
758	3.800000e+00	8.153237e-01	2.984676e-02	
759	3.805000e+00	8.154524e-01	2.989548e-02	
760	3.810000e+00	8.155810e-01	2.994419e-02	
761	3.815000e+00	8.157094e-01	2.999291e-02	
762	3.820000e+00	8.158376e-01	3.004162e-02	
763	3.825000e+00	8.159657e-01	3.009034e-02	
764	3.830000e+00	8.160936e-01	3.013906e-02	
765	3.835000e+00	8.162214e-01	3.018779e-02	
766	3.840000e+00	8.163490e-01	3.023651e-02	
767	3.845000e+00	8.164765e-01	3.028524e-02	
768	3.850000e+00	8.166038e-01	3.033396e-02	
769	3.855000e+00	8.167310e-01	3.038269e-02	
770	3.860000e+00	8.168580e-01	3.043142e-02	
771	3.865000e+00	8.169848e-01	3.048015e-02	
772	3.870000e+00	8.171115e-01	3.052888e-02	
773	3.875000e+00	8.172381e-01	3.057762e-02	
774	3.880000e+00	8.173645e-01	3.062635e-02	
775	3.885000e+00	8.174908e-01	3.067509e-02	
776	3.890000e+00	8.176169e-01	3.072383e-02	
777	3.895000e+00	8.177428e-01	3.077257e-02	
778	3.900000e+00	8.178686e-01	3.082131e-02	
779	3.905000e+00	8.179943e-01	3.087006e-02	
780	3.910000e+00	8.181198e-01	3.091880e-02	
781	3.915000e+00	8.182451e-01	3.096755e-02	
782	3.920000e+00	8.183704e-01	3.101630e-02	
783	3.925000e+00	8.184954e-01	3.106505e-02	
784	3.930000e+00	8.186203e-01	3.111380e-02	
785	3.935000e+00	8.187451e-01	3.116255e-02	
786	3.940000e+00	8.188698e-01	3.121130e-02	
787	3.945000e+00	8.189942e-01	3.126006e-02	
788	3.950000e+00	8.191186e-01	3.130881e-02	
789	3.955000e+00	8.192428e-01	3.135757e-02	
790	3.960000e+00	8.193668e-01	3.140633e-02	
791	3.965000e+00	8.194907e-01	3.145509e-02	
792	3.970000e+00	8.196145e-01	3.150386e-02	
793	3.975000e+00	8.197381e-01	3.155262e-02	
794	3.980000e+00	8.198616e-01	3.160138e-02	
795	3.985000e+00	8.199849e-01	3.165015e-02	
796	3.990000e+00	8.201081e-01	3.169892e-02	
797	3.995000e+00	8.202312e-01	3.174769e-02	
798	4.000000e+00	8.203541e-01	3.179646e-02	
799	4.005000e+00	8.204769e-01	3.184523e-02	
800	4.010000e+00	8.205995e-01	3.189400e-02	
801	4.015000e+00	8.207220e-01	3.194278e-02	
802	4.020000e+00	8.208444e-01	3.199156e-02	
803	4.025000e+00	8.209666e-01	3.204033e-02	
804	4.030000e+00	8.210887e-01	3.208911e-02	
805	4.035000e+00	8.212106e-01	3.213789e-02	
806	4.040000e+00	8.213324e-01	3.218668e-02	
807	4.045000e+00	8.214541e-01	3.223546e-02	
808	4.050000e+00	8.215756e-01	3.228424e-02	

Index   v-sweep         v(7)            i(vreg)         
--------------------------------------------------------------------------------
809	4.055000e+00	8.216970e-01	3.233303e-02	
810	4.060000e+00	8.218183e-01	3.238182e-02	
811	4.065000e+00	8.219394e-01	3.243061e-02	
812	4.070000e+00	8.220604e-01	3.247940e-02	
813	4.075000e+00	8.221812e-01	3.252819e-02	
814	4.080000e+00	8.223019e-01	3.257698e-02	
815	4.085000e+00	8.224225e-01	3.262577e-02	
816	4.090000e+00	8.225430e-01	3.267457e-02	
817	4.095000e+00	8.226633e-01	3.272337e-02	
818	4.100000e+00	8.227835e-01	3.277217e-02	
819	4.105000e+00	8.229035e-01	3.282096e-02	
820	4.110000e+00	8.230234e-01	3.286977e-02	
821	4.115000e+00	8.231432e-01	3.291857e-02	
822	4.120000e+00	8.232629e-01	3.296737e-02	
823	4.125000e+00	8.233824e-01	3.301618e-02	
824	4.130000e+00	8.235018e-01	3.306498e-02	
825	4.135000e+00	8.236211e-01	3.311379e-02	
826	4.140000e+00	8.237402e-01	3.316260e-02	
827	4.145000e+00	8.238592e-01	3.321141e-02	
828	4.150000e+00	8.239781e-01	3.326022e-02	
829	4.155000e+00	8.240968e-01	3.330903e-02	
830	4.160000e+00	8.242154e-01	3.335785e-02	
831	4.165000e+00	8.243339e-01	3.340666e-02	
832	4.170000e+00	8.244523e-01	3.345548e-02	
833	4.175000e+00	8.245705e-01	3.350429e-02	
834	4.180000e+00	8.246886e-01	3.355311e-02	
835	4.185000e+00	8.248066e-01	3.360193e-02	
836	4.190000e+00	8.249245e-01	3.365076e-02	
837	4.195000e+00	8.250422e-01	3.369958e-02	
838	4.200000e+00	8.251598e-01	3.374840e-02	
839	4.205000e+00	8.252773e-01	3.379723e-02	
840	4.210000e+00	8.253946e-01	3.384605e-02	
841	4.215000e+00	8.255118e-01	3.389488e-02	
842	4.220000e+00	8.256289e-01	3.394371e-02	
843	4.225000e+00	8.257459e-01	3.399254e-02	
844	4.230000e+00	8.258627e-01	3.404137e-02	
845	4.235000e+00	8.259795e-01	3.409021e-02	
846	4.240000e+00	8.260961e-01	3.413904e-02	
847	4.245000e+00	8.262126e-01	3.418787e-02	
848	4.250000e+00	8.263289e-01	3.423671e-02	
849	4.255000e+00	8.264451e-01	3.428555e-02	
850	4.260000e+00	8.265613e-01	3.433439e-02	
851	4.265000e+00	8.266773e-01	3.438323e-02	
852	4.270000e+00	8.267931e-01	3.443207e-02	
853	4.275000e+00	8.269089e-01	3.448091e-02	
854	4.280000e+00	8.270245e-01	3.452975e-02	
855	4.285000e+00	8.271400e-01	3.457860e-02	
856	4.290000e+00	8.272554e-01	3.462745e-02	
857	4.295000e+00	8.273707e-01	3.467629e-02	
858	4.300000e+00	8.274858e-01	3.472514e-02	
859	4.305000e+00	8.276008e-01	3.477399e-02	
860	4.310000e+00	8.277158e-01	3.482284e-02	
861	4.315000e+00	8.278305e-01	3.487169e-02	
862	4.320000e+00	8.279452e-01	3.492055e-02	
863	4.325000e+00	8.280598e-01	3.496940e-02	
864	4.330000e+00	8.281742e-01	3.501826e-02	
865	4.335000e+00	8.282885e-01	3.506711e-02	
866	4.340000e+00	8.284027e-01	3.511597e-02	

Index   v-sweep         v(7)            i(vreg)         
--------------------------------------------------------------------------------
867	4.345000e+00	8.285168e-01	3.516483e-02	
868	4.350000e+00	8.286308e-01	3.521369e-02	
869	4.355000e+00	8.287447e-01	3.526255e-02	
870	4.360000e+00	8.288584e-01	3.531142e-02	
871	4.365000e+00	8.289720e-01	3.536028e-02	
872	4.370000e+00	8.290855e-01	3.540914e-02	
873	4.375000e+00	8.291989e-01	3.545801e-02	
874	4.380000e+00	8.293122e-01	3.550688e-02	
875	4.385000e+00	8.294254e-01	3.555575e-02	
876	4.390000e+00	8.295384e-01	3.560462e-02	
877	4.395000e+00	8.296513e-01	3.565349e-02	
878	4.400000e+00	8.297642e-01	3.570236e-02	
879	4.405000e+00	8.298769e-01	3.575123e-02	
880	4.410000e+00	8.299895e-01	3.580011e-02	
881	4.415000e+00	8.301019e-01	3.584898e-02	
882	4.420000e+00	8.302143e-01	3.589786e-02	
883	4.425000e+00	8.303266e-01	3.594673e-02	
884	4.430000e+00	8.304387e-01	3.599561e-02	
885	4.435000e+00	8.305508e-01	3.604449e-02	
886	4.440000e+00	8.306627e-01	3.609337e-02	
887	4.445000e+00	8.307745e-01	3.614226e-02	
888	4.450000e+00	8.308862e-01	3.619114e-02	
889	4.455000e+00	8.309978e-01	3.624002e-02	
890	4.460000e+00	8.311093e-01	3.628891e-02	
891	4.465000e+00	8.312206e-01	3.633779e-02	
892	4.470000e+00	8.313319e-01	3.638668e-02	
893	4.475000e+00	8.314431e-01	3.643557e-02	
894	4.480000e+00	8.315541e-01	3.648446e-02	
895	4.485000e+00	8.316650e-01	3.653335e-02	
896	4.490000e+00	8.317759e-01	3.658224e-02	
897	4.495000e+00	8.318866e-01	3.663113e-02	
898	4.500000e+00	8.319972e-01	3.668003e-02	
899	4.505000e+00	8.321077e-01	3.672892e-02	
900	4.510000e+00	8.322181e-01	3.677782e-02	
901	4.515000e+00	8.323284e-01	3.682672e-02	
902	4.520000e+00	8.324386e-01	3.687561e-02	
903	4.525000e+00	8.325486e-01	3.692451e-02	
904	4.530000e+00	8.326586e-01	3.697341e-02	
905	4.535000e+00	8.327685e-01	3.702232e-02	
906	4.540000e+00	8.328782e-01	3.707122e-02	
907	4.545000e+00	8.329879e-01	3.712012e-02	
908	4.550000e+00	8.330974e-01	3.716903e-02	
909	4.555000e+00	8.332069e-01	3.721793e-02	
910	4.560000e+00	8.333162e-01	3.726684e-02	
911	4.565000e+00	8.334254e-01	3.731575e-02	
912	4.570000e+00	8.335345e-01	3.736465e-02	
913	4.575000e+00	8.336436e-01	3.741356e-02	
914	4.580000e+00	8.337525e-01	3.746248e-02	
915	4.585000e+00	8.338613e-01	3.751139e-02	
916	4.590000e+00	8.339700e-01	3.756030e-02	
917	4.595000e+00	8.340786e-01	3.760921e-02	
918	4.600000e+00	8.341871e-01	3.765813e-02	
919	4.605000e+00	8.342955e-01	3.770704e-02	
920	4.610000e+00	8.344038e-01	3.775596e-02	
921	4.615000e+00	8.345120e-01	3.780488e-02	
922	4.620000e+00	8.346201e-01	3.785380e-02	
923	4.625000e+00	8.347281e-01	3.790272e-02	
924	4.630000e+00	8.348360e-01	3.795164e-02	

Index   v-sweep         v(7)            i(vreg)         
--------------------------------------------------------------------------------
925	4.635000e+00	8.349438e-01	3.800056e-02	
926	4.640000e+00	8.350515e-01	3.804949e-02	
927	4.645000e+00	8.351591e-01	3.809841e-02	
928	4.650000e+00	8.352666e-01	3.814733e-02	
929	4.655000e+00	8.353740e-01	3.819626e-02	
930	4.660000e+00	8.354812e-01	3.824519e-02	
931	4.665000e+00	8.355884e-01	3.829412e-02	
932	4.670000e+00	8.356955e-01	3.834304e-02	
933	4.675000e+00	8.358025e-01	3.839197e-02	
934	4.680000e+00	8.359094e-01	3.844091e-02	
935	4.685000e+00	8.360162e-01	3.848984e-02	
936	4.690000e+00	8.361229e-01	3.853877e-02	
937	4.695000e+00	8.362295e-01	3.858771e-02	
938	4.700000e+00	8.363360e-01	3.863664e-02	
939	4.705000e+00	8.364424e-01	3.868558e-02	
940	4.710000e+00	8.365487e-01	3.873451e-02	
941	4.715000e+00	8.366549e-01	3.878345e-02	
942	4.720000e+00	8.367610e-01	3.883239e-02	
943	4.725000e+00	8.368670e-01	3.888133e-02	
944	4.730000e+00	8.369729e-01	3.893027e-02	
945	4.735000e+00	8.370787e-01	3.897921e-02	
946	4.740000e+00	8.371845e-01	3.902816e-02	
947	4.745000e+00	8.372901e-01	3.907710e-02	
948	4.750000e+00	8.373956e-01	3.912604e-02	
949	4.755000e+00	8.375011e-01	3.917499e-02	
950	4.760000e+00	8.376064e-01	3.922394e-02	
951	4.765000e+00	8.377116e-01	3.927288e-02	
952	4.770000e+00	8.378168e-01	3.932183e-02	
953	4.775000e+00	8.379218e-01	3.937078e-02	
954	4.780000e+00	8.380268e-01	3.941973e-02	
955	4.785000e+00	8.381317e-01	3.946868e-02	
956	4.790000e+00	8.382364e-01	3.951764e-02	
957	4.795000e+00	8.383411e-01	3.956659e-02	
958	4.800000e+00	8.384457e-01	3.961554e-02	
959	4.805000e+00	8.385502e-01	3.966450e-02	
960	4.810000e+00	8.386546e-01	3.971345e-02	
961	4.815000e+00	8.387589e-01	3.976241e-02	
962	4.820000e+00	8.388631e-01	3.981137e-02	
963	4.825000e+00	8.389672e-01	3.986033e-02	
964	4.830000e+00	8.390712e-01	3.990929e-02	
965	4.835000e+00	8.391752e-01	3.995825e-02	
966	4.840000e+00	8.392790e-01	4.000721e-02	
967	4.845000e+00	8.393828e-01	4.005617e-02	
968	4.850000e+00	8.394864e-01	4.010514e-02	
969	4.855000e+00	8.395900e-01	4.015410e-02	
970	4.860000e+00	8.396934e-01	4.020307e-02	
971	4.865000e+00	8.397968e-01	4.025203e-02	
972	4.870000e+00	8.399001e-01	4.030100e-02	
973	4.875000e+00	8.400033e-01	4.034997e-02	
974	4.880000e+00	8.401064e-01	4.039894e-02	
975	4.885000e+00	8.402095e-01	4.044791e-02	
976	4.890000e+00	8.403124e-01	4.049688e-02	
977	4.895000e+00	8.404152e-01	4.054585e-02	
978	4.900000e+00	8.405180e-01	4.059482e-02	
979	4.905000e+00	8.406207e-01	4.064379e-02	
980	4.910000e+00	8.407232e-01	4.069277e-02	
981	4.915000e+00	8.408257e-01	4.074174e-02	
982	4.920000e+00	8.409281e-01	4.079072e-02	

Index   v-sweep         v(7)            i(vreg)         
--------------------------------------------------------------------------------
983	4.925000e+00	8.410304e-01	4.083970e-02	
984	4.930000e+00	8.411326e-01	4.088867e-02	
985	4.935000e+00	8.412348e-01	4.093765e-02	
986	4.940000e+00	8.413368e-01	4.098663e-02	
987	4.945000e+00	8.414388e-01	4.103561e-02	
988	4.950000e+00	8.415406e-01	4.108459e-02	
989	4.955000e+00	8.416424e-01	4.113358e-02	
990	4.960000e+00	8.417441e-01	4.118256e-02	
991	4.965000e+00	8.418457e-01	4.123154e-02	
992	4.970000e+00	8.419472e-01	4.128053e-02	
993	4.975000e+00	8.420487e-01	4.132951e-02	
994	4.980000e+00	8.421500e-01	4.137850e-02	
995	4.985000e+00	8.422513e-01	4.142749e-02	
996	4.990000e+00	8.423524e-01	4.147648e-02	
997	4.995000e+00	8.424535e-01	4.152546e-02	
998	5.000000e+00	8.425545e-01	4.157445e-02	
