                     diode i-v characteristic and band gap
                     DC transfer characteristic  Wed Aug 10 19:45:34  2022
--------------------------------------------------------------------------------
Index   v-sweep         v(11)           i(vwhite)       
--------------------------------------------------------------------------------
0	1.000000e-02	1.000000e-02	1.013068e-14	
1	1.500000e-02	1.500000e-02	1.520114e-14	
2	2.000000e-02	2.000000e-02	2.027504e-14	
3	2.500000e-02	2.500000e-02	2.535250e-14	
4	3.000000e-02	3.000000e-02	3.043355e-14	
5	3.500000e-02	3.500000e-02	3.551911e-14	
6	4.000000e-02	4.000000e-02	4.060836e-14	
7	4.500000e-02	4.500000e-02	4.570259e-14	
8	5.000000e-02	5.000000e-02	5.080062e-14	
9	5.500000e-02	5.500000e-02	5.590548e-14	
10	6.000000e-02	6.000000e-02	6.101424e-14	
11	6.500000e-02	6.500000e-02	6.612874e-14	
12	7.000000e-02	7.000000e-02	7.124704e-14	
13	7.500000e-02	7.500000e-02	7.637489e-14	
14	8.000000e-02	8.000000e-02	8.150577e-14	
15	8.500000e-02	8.500000e-02	8.664488e-14	
16	9.000000e-02	9.000000e-02	9.178834e-14	
17	9.500000e-02	9.500000e-02	9.694274e-14	
18	1.000000e-01	1.000000e-01	1.021032e-13	
19	1.050000e-01	1.050000e-01	1.072694e-13	
20	1.100000e-01	1.100000e-01	1.124472e-13	
21	1.150000e-01	1.150000e-01	1.176336e-13	
22	1.200000e-01	1.200000e-01	1.228249e-13	
23	1.250000e-01	1.250000e-01	1.280315e-13	
24	1.300000e-01	1.300000e-01	1.332452e-13	
25	1.350000e-01	1.350000e-01	1.384697e-13	
26	1.400000e-01	1.400000e-01	1.437062e-13	
27	1.450000e-01	1.450000e-01	1.489540e-13	
28	1.500000e-01	1.500000e-01	1.542150e-13	
29	1.550000e-01	1.550000e-01	1.594887e-13	
30	1.600000e-01	1.600000e-01	1.647729e-13	
31	1.650000e-01	1.650000e-01	1.700740e-13	
32	1.700000e-01	1.700000e-01	1.753910e-13	
33	1.750000e-01	1.750000e-01	1.807192e-13	
34	1.800000e-01	1.800000e-01	1.860697e-13	
35	1.850000e-01	1.850000e-01	1.914376e-13	
36	1.900000e-01	1.900000e-01	1.968172e-13	
37	1.950000e-01	1.950000e-01	2.022169e-13	
38	2.000000e-01	2.000000e-01	2.076425e-13	
39	2.050000e-01	2.050000e-01	2.130874e-13	
40	2.100000e-01	2.100000e-01	2.185504e-13	
41	2.150000e-01	2.150000e-01	2.240395e-13	
42	2.200000e-01	2.200000e-01	2.295551e-13	
43	2.250000e-01	2.250000e-01	2.350884e-13	
44	2.300000e-01	2.300000e-01	2.406521e-13	
45	2.350000e-01	2.350000e-01	2.462427e-13	
46	2.400000e-01	2.400000e-01	2.518671e-13	
47	2.450000e-01	2.450000e-01	2.575171e-13	
48	2.500000e-01	2.500000e-01	2.632070e-13	
49	2.550000e-01	2.550000e-01	2.689264e-13	
50	2.600000e-01	2.600000e-01	2.746774e-13	
51	2.650000e-01	2.650000e-01	2.804753e-13	
52	2.700000e-01	2.700000e-01	2.863044e-13	
53	2.750000e-01	2.750000e-01	2.921756e-13	
54	2.800000e-01	2.800000e-01	2.980957e-13	

Index   v-sweep         v(11)           i(vwhite)       
--------------------------------------------------------------------------------
55	2.850000e-01	2.850000e-01	3.040589e-13	
56	2.900000e-01	2.900000e-01	3.100649e-13	
57	2.950000e-01	2.950000e-01	3.161330e-13	
58	3.000000e-01	3.000000e-01	3.222422e-13	
59	3.050000e-01	3.050000e-01	3.284087e-13	
60	3.100000e-01	3.100000e-01	3.346269e-13	
61	3.150000e-01	3.150000e-01	3.409252e-13	
62	3.200000e-01	3.200000e-01	3.472760e-13	
63	3.250000e-01	3.250000e-01	3.536824e-13	
64	3.300000e-01	3.300000e-01	3.601750e-13	
65	3.350000e-01	3.350000e-01	3.667349e-13	
66	3.400000e-01	3.400000e-01	3.733767e-13	
67	3.450000e-01	3.450000e-01	3.800909e-13	
68	3.500000e-01	3.500000e-01	3.869023e-13	
69	3.550000e-01	3.550000e-01	3.938000e-13	
70	3.600000e-01	3.600000e-01	4.007888e-13	
71	3.650000e-01	3.650000e-01	4.078760e-13	
72	3.700000e-01	3.700000e-01	4.150751e-13	
73	3.750000e-01	3.750000e-01	4.223627e-13	
74	3.800000e-01	3.800000e-01	4.297821e-13	
75	3.850000e-01	3.850000e-01	4.373168e-13	
76	3.900000e-01	3.900000e-01	4.449835e-13	
77	3.950000e-01	3.950000e-01	4.527706e-13	
78	4.000000e-01	4.000000e-01	4.606975e-13	
79	4.050000e-01	4.050000e-01	4.687830e-13	
80	4.100000e-01	4.100000e-01	4.770117e-13	
81	4.150000e-01	4.150000e-01	4.854069e-13	
82	4.200000e-01	4.200000e-01	4.939660e-13	
83	4.250000e-01	4.250000e-01	5.026960e-13	
84	4.300000e-01	4.300000e-01	5.116203e-13	
85	4.350000e-01	4.350000e-01	5.207336e-13	
86	4.400000e-01	4.400000e-01	5.300526e-13	
87	4.450000e-01	4.450000e-01	5.395883e-13	
88	4.500000e-01	4.500000e-01	5.493479e-13	
89	4.550000e-01	4.550000e-01	5.593442e-13	
90	4.600000e-01	4.600000e-01	5.695878e-13	
91	4.650000e-01	4.650000e-01	5.800933e-13	
92	4.700000e-01	4.700000e-01	5.908668e-13	
93	4.750000e-01	4.750000e-01	6.019256e-13	
94	4.800000e-01	4.800000e-01	6.132846e-13	
95	4.850000e-01	4.850000e-01	6.249818e-13	
96	4.900000e-01	4.900000e-01	6.369861e-13	
97	4.950000e-01	4.950000e-01	6.493478e-13	
98	5.000000e-01	5.000000e-01	6.620642e-13	
99	5.050000e-01	5.050000e-01	6.751735e-13	
100	5.100000e-01	5.100000e-01	6.886982e-13	
101	5.150000e-01	5.150000e-01	7.026177e-13	
102	5.200000e-01	5.200000e-01	7.170124e-13	
103	5.250000e-01	5.250000e-01	7.318573e-13	
104	5.300000e-01	5.300000e-01	7.471758e-13	
105	5.350000e-01	5.350000e-01	7.630346e-13	
106	5.400000e-01	5.400000e-01	7.794095e-13	
107	5.450000e-01	5.450000e-01	7.963534e-13	
108	5.500000e-01	5.500000e-01	8.138976e-13	
109	5.550000e-01	5.550000e-01	8.320584e-13	
110	5.600000e-01	5.600000e-01	8.508706e-13	
111	5.650000e-01	5.650000e-01	8.703689e-13	
112	5.700000e-01	5.700000e-01	8.906062e-13	

Index   v-sweep         v(11)           i(vwhite)       
--------------------------------------------------------------------------------
113	5.750000e-01	5.750000e-01	9.115850e-13	
114	5.800000e-01	5.800000e-01	9.333428e-13	
115	5.850000e-01	5.850000e-01	9.559636e-13	
116	5.900000e-01	5.900000e-01	9.794309e-13	
117	5.950000e-01	5.950000e-01	1.003829e-12	
118	6.000000e-01	6.000000e-01	1.029195e-12	
119	6.050000e-01	6.050000e-01	1.055566e-12	
120	6.100000e-01	6.100000e-01	1.083001e-12	
121	6.150000e-01	6.150000e-01	1.111536e-12	
122	6.200000e-01	6.200000e-01	1.141256e-12	
123	6.250000e-01	6.250000e-01	1.172184e-12	
124	6.300000e-01	6.300000e-01	1.204422e-12	
125	6.350000e-01	6.350000e-01	1.237997e-12	
126	6.400000e-01	6.400000e-01	1.272994e-12	
127	6.450000e-01	6.450000e-01	1.309482e-12	
128	6.500000e-01	6.500000e-01	1.347522e-12	
129	6.550000e-01	6.550000e-01	1.387233e-12	
130	6.600000e-01	6.600000e-01	1.428626e-12	
131	6.650000e-01	6.650000e-01	1.471863e-12	
132	6.700000e-01	6.700000e-01	1.516971e-12	
133	6.750000e-01	6.750000e-01	1.564078e-12	
134	6.800000e-01	6.800000e-01	1.613266e-12	
135	6.850000e-01	6.850000e-01	1.664679e-12	
136	6.900000e-01	6.900000e-01	1.718375e-12	
137	6.950000e-01	6.950000e-01	1.774479e-12	
138	7.000000e-01	7.000000e-01	1.833133e-12	
139	7.050000e-01	7.050000e-01	1.894455e-12	
140	7.100000e-01	7.100000e-01	1.958564e-12	
141	7.150000e-01	7.150000e-01	2.025598e-12	
142	7.200000e-01	7.200000e-01	2.095738e-12	
143	7.250000e-01	7.250000e-01	2.169077e-12	
144	7.300000e-01	7.300000e-01	2.245824e-12	
145	7.350000e-01	7.350000e-01	2.326146e-12	
146	7.400000e-01	7.400000e-01	2.410202e-12	
147	7.450000e-01	7.450000e-01	2.498170e-12	
148	7.500000e-01	7.500000e-01	2.590269e-12	
149	7.550000e-01	7.550000e-01	2.686692e-12	
150	7.600000e-01	7.600000e-01	2.787647e-12	
151	7.650000e-01	7.650000e-01	2.893377e-12	
152	7.700000e-01	7.700000e-01	3.004083e-12	
153	7.750000e-01	7.750000e-01	3.120067e-12	
154	7.800000e-01	7.800000e-01	3.241534e-12	
155	7.850000e-01	7.850000e-01	3.368790e-12	
156	7.900000e-01	7.900000e-01	3.502110e-12	
157	7.950000e-01	7.950000e-01	3.641823e-12	
158	8.000000e-01	8.000000e-01	3.788192e-12	
159	8.050000e-01	8.050000e-01	3.941614e-12	
160	8.100000e-01	8.100000e-01	4.102385e-12	
161	8.150000e-01	8.150000e-01	4.270875e-12	
162	8.200000e-01	8.200000e-01	4.447501e-12	
163	8.250000e-01	8.250000e-01	4.632641e-12	
164	8.300000e-01	8.300000e-01	4.826710e-12	
165	8.350000e-01	8.350000e-01	5.030172e-12	
166	8.400000e-01	8.400000e-01	5.243517e-12	
167	8.450000e-01	8.450000e-01	5.467172e-12	
168	8.500000e-01	8.500000e-01	5.701682e-12	
169	8.550000e-01	8.550000e-01	5.947604e-12	
170	8.600000e-01	8.600000e-01	6.205482e-12	

Index   v-sweep         v(11)           i(vwhite)       
--------------------------------------------------------------------------------
171	8.650000e-01	8.650000e-01	6.475879e-12	
172	8.700000e-01	8.700000e-01	6.759489e-12	
173	8.750000e-01	8.750000e-01	7.056923e-12	
174	8.800000e-01	8.800000e-01	7.368862e-12	
175	8.850000e-01	8.850000e-01	7.696049e-12	
176	8.900000e-01	8.900000e-01	8.039226e-12	
177	8.950000e-01	8.950000e-01	8.399181e-12	
178	9.000000e-01	9.000000e-01	8.776764e-12	
179	9.050000e-01	9.050000e-01	9.172850e-12	
180	9.100000e-01	9.100000e-01	9.588358e-12	
181	9.150000e-01	9.150000e-01	1.002423e-11	
182	9.200000e-01	9.200000e-01	1.048148e-11	
183	9.250000e-01	9.250000e-01	1.096122e-11	
184	9.300000e-01	9.300000e-01	1.146450e-11	
185	9.350000e-01	9.350000e-01	1.199251e-11	
186	9.400000e-01	9.400000e-01	1.254649e-11	
187	9.450000e-01	9.450000e-01	1.312773e-11	
188	9.500000e-01	9.500000e-01	1.373755e-11	
189	9.550000e-01	9.550000e-01	1.437741e-11	
190	9.600000e-01	9.600000e-01	1.504881e-11	
191	9.650000e-01	9.650000e-01	1.575325e-11	
192	9.700000e-01	9.700000e-01	1.649244e-11	
193	9.750000e-01	9.750000e-01	1.726808e-11	
194	9.800000e-01	9.800000e-01	1.808196e-11	
195	9.850000e-01	9.850000e-01	1.893598e-11	
196	9.900000e-01	9.900000e-01	1.983217e-11	
197	9.950000e-01	9.950000e-01	2.077262e-11	
198	1.000000e+00	1.000000e+00	2.175946e-11	
199	1.005000e+00	1.005000e+00	2.279509e-11	
200	1.010000e+00	1.010000e+00	2.388183e-11	
201	1.015000e+00	1.015000e+00	2.502229e-11	
202	1.020000e+00	1.020000e+00	2.621913e-11	
203	1.025000e+00	1.025000e+00	2.747512e-11	
204	1.030000e+00	1.030000e+00	2.879322e-11	
205	1.035000e+00	1.035000e+00	3.017650e-11	
206	1.040000e+00	1.040000e+00	3.162822e-11	
207	1.045000e+00	1.045000e+00	3.315173e-11	
208	1.050000e+00	1.050000e+00	3.475066e-11	
209	1.055000e+00	1.055000e+00	3.642868e-11	
210	1.060000e+00	1.060000e+00	3.818975e-11	
211	1.065000e+00	1.065000e+00	4.003803e-11	
212	1.070000e+00	1.070000e+00	4.197780e-11	
213	1.075000e+00	1.075000e+00	4.401360e-11	
214	1.080000e+00	1.080000e+00	4.615022e-11	
215	1.085000e+00	1.085000e+00	4.839263e-11	
216	1.090000e+00	1.090000e+00	5.074615e-11	
217	1.095000e+00	1.095000e+00	5.321627e-11	
218	1.100000e+00	1.100000e+00	5.580872e-11	
219	1.105000e+00	1.105000e+00	5.852962e-11	
220	1.110000e+00	1.110000e+00	6.138537e-11	
221	1.115000e+00	1.115000e+00	6.438261e-11	
222	1.120000e+00	1.120000e+00	6.752841e-11	
223	1.125000e+00	1.125000e+00	7.083012e-11	
224	1.130000e+00	1.130000e+00	7.429548e-11	
225	1.135000e+00	1.135000e+00	7.793262e-11	
226	1.140000e+00	1.140000e+00	8.175006e-11	
227	1.145000e+00	1.145000e+00	8.575679e-11	
228	1.150000e+00	1.150000e+00	8.996213e-11	

Index   v-sweep         v(11)           i(vwhite)       
--------------------------------------------------------------------------------
229	1.155000e+00	1.155000e+00	9.437602e-11	
230	1.160000e+00	1.160000e+00	9.900874e-11	
231	1.165000e+00	1.165000e+00	1.038712e-10	
232	1.170000e+00	1.170000e+00	1.089748e-10	
233	1.175000e+00	1.175000e+00	1.143315e-10	
234	1.180000e+00	1.180000e+00	1.199539e-10	
235	1.185000e+00	1.185000e+00	1.258551e-10	
236	1.190000e+00	1.190000e+00	1.320490e-10	
237	1.195000e+00	1.195000e+00	1.385502e-10	
238	1.200000e+00	1.200000e+00	1.453739e-10	
239	1.205000e+00	1.205000e+00	1.525360e-10	
240	1.210000e+00	1.210000e+00	1.600534e-10	
241	1.215000e+00	1.215000e+00	1.679438e-10	
242	1.220000e+00	1.220000e+00	1.762256e-10	
243	1.225000e+00	1.225000e+00	1.849183e-10	
244	1.230000e+00	1.230000e+00	1.940423e-10	
245	1.235000e+00	1.235000e+00	2.036189e-10	
246	1.240000e+00	1.240000e+00	2.136707e-10	
247	1.245000e+00	1.245000e+00	2.242212e-10	
248	1.250000e+00	1.250000e+00	2.352953e-10	
249	1.255000e+00	1.255000e+00	2.469188e-10	
250	1.260000e+00	1.260000e+00	2.591191e-10	
251	1.265000e+00	1.265000e+00	2.719248e-10	
252	1.270000e+00	1.270000e+00	2.853660e-10	
253	1.275000e+00	1.275000e+00	2.994741e-10	
254	1.280000e+00	1.280000e+00	3.142824e-10	
255	1.285000e+00	1.285000e+00	3.298255e-10	
256	1.290000e+00	1.290000e+00	3.461399e-10	
257	1.295000e+00	1.295000e+00	3.632640e-10	
258	1.300000e+00	1.300000e+00	3.812380e-10	
259	1.305000e+00	1.305000e+00	4.001039e-10	
260	1.310000e+00	1.310000e+00	4.199061e-10	
261	1.315000e+00	1.315000e+00	4.406911e-10	
262	1.320000e+00	1.320000e+00	4.625076e-10	
263	1.325000e+00	1.325000e+00	4.854070e-10	
264	1.330000e+00	1.330000e+00	5.094428e-10	
265	1.335000e+00	1.335000e+00	5.346716e-10	
266	1.340000e+00	1.340000e+00	5.611526e-10	
267	1.345000e+00	1.345000e+00	5.889477e-10	
268	1.350000e+00	1.350000e+00	6.181226e-10	
269	1.355000e+00	1.355000e+00	6.487454e-10	
270	1.360000e+00	1.360000e+00	6.808882e-10	
271	1.365000e+00	1.365000e+00	7.146264e-10	
272	1.370000e+00	1.370000e+00	7.500391e-10	
273	1.375000e+00	1.375000e+00	7.872096e-10	
274	1.380000e+00	1.380000e+00	8.262250e-10	
275	1.385000e+00	1.385000e+00	8.671769e-10	
276	1.390000e+00	1.390000e+00	9.101616e-10	
277	1.395000e+00	1.395000e+00	9.552798e-10	
278	1.400000e+00	1.400000e+00	1.002638e-09	
279	1.405000e+00	1.405000e+00	1.052346e-09	
280	1.410000e+00	1.410000e+00	1.104522e-09	
281	1.415000e+00	1.415000e+00	1.159287e-09	
282	1.420000e+00	1.420000e+00	1.216772e-09	
283	1.425000e+00	1.425000e+00	1.277109e-09	
284	1.430000e+00	1.430000e+00	1.340441e-09	
285	1.435000e+00	1.435000e+00	1.406918e-09	
286	1.440000e+00	1.440000e+00	1.476693e-09	

Index   v-sweep         v(11)           i(vwhite)       
--------------------------------------------------------------------------------
287	1.445000e+00	1.445000e+00	1.549933e-09	
288	1.450000e+00	1.450000e+00	1.626808e-09	
289	1.455000e+00	1.455000e+00	1.707499e-09	
290	1.460000e+00	1.460000e+00	1.792195e-09	
291	1.465000e+00	1.465000e+00	1.881096e-09	
292	1.470000e+00	1.470000e+00	1.974409e-09	
293	1.475000e+00	1.475000e+00	2.072354e-09	
294	1.480000e+00	1.480000e+00	2.175162e-09	
295	1.485000e+00	1.485000e+00	2.283072e-09	
296	1.490000e+00	1.490000e+00	2.396340e-09	
297	1.495000e+00	1.495000e+00	2.515230e-09	
298	1.500000e+00	1.500000e+00	2.640021e-09	
299	1.505000e+00	1.505000e+00	2.771007e-09	
300	1.510000e+00	1.510000e+00	2.908495e-09	
301	1.515000e+00	1.515000e+00	3.052809e-09	
302	1.520000e+00	1.520000e+00	3.204285e-09	
303	1.525000e+00	1.525000e+00	3.363281e-09	
304	1.530000e+00	1.530000e+00	3.530170e-09	
305	1.535000e+00	1.535000e+00	3.705343e-09	
306	1.540000e+00	1.540000e+00	3.889212e-09	
307	1.545000e+00	1.545000e+00	4.082208e-09	
308	1.550000e+00	1.550000e+00	4.284784e-09	
309	1.555000e+00	1.555000e+00	4.497416e-09	
310	1.560000e+00	1.560000e+00	4.720604e-09	
311	1.565000e+00	1.565000e+00	4.954870e-09	
312	1.570000e+00	1.569999e+00	5.200766e-09	
313	1.575000e+00	1.574999e+00	5.458868e-09	
314	1.580000e+00	1.579999e+00	5.729782e-09	
315	1.585000e+00	1.584999e+00	6.014145e-09	
316	1.590000e+00	1.589999e+00	6.312623e-09	
317	1.595000e+00	1.594999e+00	6.625918e-09	
318	1.600000e+00	1.599999e+00	6.954766e-09	
319	1.605000e+00	1.604999e+00	7.299937e-09	
320	1.610000e+00	1.609999e+00	7.662243e-09	
321	1.615000e+00	1.614999e+00	8.042534e-09	
322	1.620000e+00	1.619999e+00	8.441702e-09	
323	1.625000e+00	1.624999e+00	8.860686e-09	
324	1.630000e+00	1.629999e+00	9.300468e-09	
325	1.635000e+00	1.634999e+00	9.762081e-09	
326	1.640000e+00	1.639999e+00	1.024661e-08	
327	1.645000e+00	1.644999e+00	1.075519e-08	
328	1.650000e+00	1.649999e+00	1.128901e-08	
329	1.655000e+00	1.654999e+00	1.184934e-08	
330	1.660000e+00	1.659999e+00	1.243748e-08	
331	1.665000e+00	1.664999e+00	1.305481e-08	
332	1.670000e+00	1.669999e+00	1.370279e-08	
333	1.675000e+00	1.674999e+00	1.438294e-08	
334	1.680000e+00	1.679998e+00	1.509685e-08	
335	1.685000e+00	1.684998e+00	1.584620e-08	
336	1.690000e+00	1.689998e+00	1.663274e-08	
337	1.695000e+00	1.694998e+00	1.745833e-08	
338	1.700000e+00	1.699998e+00	1.832490e-08	
339	1.705000e+00	1.704998e+00	1.923448e-08	
340	1.710000e+00	1.709998e+00	2.018922e-08	
341	1.715000e+00	1.714998e+00	2.119135e-08	
342	1.720000e+00	1.719998e+00	2.224323e-08	
343	1.725000e+00	1.724998e+00	2.334732e-08	
344	1.730000e+00	1.729998e+00	2.450622e-08	

Index   v-sweep         v(11)           i(vwhite)       
--------------------------------------------------------------------------------
345	1.735000e+00	1.734997e+00	2.572264e-08	
346	1.740000e+00	1.739997e+00	2.699945e-08	
347	1.745000e+00	1.744997e+00	2.833963e-08	
348	1.750000e+00	1.749997e+00	2.974634e-08	
349	1.755000e+00	1.754997e+00	3.122288e-08	
350	1.760000e+00	1.759997e+00	3.277271e-08	
351	1.765000e+00	1.764997e+00	3.439947e-08	
352	1.770000e+00	1.769996e+00	3.610698e-08	
353	1.775000e+00	1.774996e+00	3.789925e-08	
354	1.780000e+00	1.779996e+00	3.978048e-08	
355	1.785000e+00	1.784996e+00	4.175509e-08	
356	1.790000e+00	1.789996e+00	4.382772e-08	
357	1.795000e+00	1.794995e+00	4.600323e-08	
358	1.800000e+00	1.799995e+00	4.828672e-08	
359	1.805000e+00	1.804995e+00	5.068355e-08	
360	1.810000e+00	1.809995e+00	5.319936e-08	
361	1.815000e+00	1.814994e+00	5.584004e-08	
362	1.820000e+00	1.819994e+00	5.861180e-08	
363	1.825000e+00	1.824994e+00	6.152113e-08	
364	1.830000e+00	1.829994e+00	6.457487e-08	
365	1.835000e+00	1.834993e+00	6.778018e-08	
366	1.840000e+00	1.839993e+00	7.114459e-08	
367	1.845000e+00	1.844993e+00	7.467598e-08	
368	1.850000e+00	1.849992e+00	7.838266e-08	
369	1.855000e+00	1.854992e+00	8.227330e-08	
370	1.860000e+00	1.859991e+00	8.635706e-08	
371	1.865000e+00	1.864991e+00	9.064350e-08	
372	1.870000e+00	1.869990e+00	9.514268e-08	
373	1.875000e+00	1.874990e+00	9.986517e-08	
374	1.880000e+00	1.879990e+00	1.048220e-07	
375	1.885000e+00	1.884989e+00	1.100249e-07	
376	1.890000e+00	1.889988e+00	1.154860e-07	
377	1.895000e+00	1.894988e+00	1.212182e-07	
378	1.900000e+00	1.899987e+00	1.272348e-07	
379	1.905000e+00	1.904987e+00	1.335500e-07	
380	1.910000e+00	1.909986e+00	1.401786e-07	
381	1.915000e+00	1.914985e+00	1.471362e-07	
382	1.920000e+00	1.919985e+00	1.544391e-07	
383	1.925000e+00	1.924984e+00	1.621043e-07	
384	1.930000e+00	1.929983e+00	1.701500e-07	
385	1.935000e+00	1.934982e+00	1.785949e-07	
386	1.940000e+00	1.939981e+00	1.874589e-07	
387	1.945000e+00	1.944980e+00	1.967627e-07	
388	1.950000e+00	1.949979e+00	2.065282e-07	
389	1.955000e+00	1.954978e+00	2.167782e-07	
390	1.960000e+00	1.959977e+00	2.275369e-07	
391	1.965000e+00	1.964976e+00	2.388294e-07	
392	1.970000e+00	1.969975e+00	2.506821e-07	
393	1.975000e+00	1.974974e+00	2.631229e-07	
394	1.980000e+00	1.979972e+00	2.761810e-07	
395	1.985000e+00	1.984971e+00	2.898869e-07	
396	1.990000e+00	1.989970e+00	3.042728e-07	
397	1.995000e+00	1.994968e+00	3.193724e-07	
398	2.000000e+00	1.999966e+00	3.352210e-07	
399	2.005000e+00	2.004965e+00	3.518558e-07	
400	2.010000e+00	2.009963e+00	3.693158e-07	
401	2.015000e+00	2.014961e+00	3.876418e-07	
402	2.020000e+00	2.019959e+00	4.068768e-07	

Index   v-sweep         v(11)           i(vwhite)       
--------------------------------------------------------------------------------
403	2.025000e+00	2.024957e+00	4.270658e-07	
404	2.030000e+00	2.029955e+00	4.482562e-07	
405	2.035000e+00	2.034953e+00	4.704975e-07	
406	2.040000e+00	2.039951e+00	4.938417e-07	
407	2.045000e+00	2.044948e+00	5.183436e-07	
408	2.050000e+00	2.049946e+00	5.440604e-07	
409	2.055000e+00	2.054943e+00	5.710524e-07	
410	2.060000e+00	2.059940e+00	5.993827e-07	
411	2.065000e+00	2.064937e+00	6.291176e-07	
412	2.070000e+00	2.069934e+00	6.603265e-07	
413	2.075000e+00	2.074931e+00	6.930825e-07	
414	2.080000e+00	2.079927e+00	7.274622e-07	
415	2.085000e+00	2.084924e+00	7.635459e-07	
416	2.090000e+00	2.089920e+00	8.014180e-07	
417	2.095000e+00	2.094916e+00	8.411668e-07	
418	2.100000e+00	2.099912e+00	8.828853e-07	
419	2.105000e+00	2.104907e+00	9.266709e-07	
420	2.110000e+00	2.109903e+00	9.726257e-07	
421	2.115000e+00	2.114898e+00	1.020857e-06	
422	2.120000e+00	2.119893e+00	1.071478e-06	
423	2.125000e+00	2.124888e+00	1.124605e-06	
424	2.130000e+00	2.129882e+00	1.180364e-06	
425	2.135000e+00	2.134876e+00	1.238883e-06	
426	2.140000e+00	2.139870e+00	1.300300e-06	
427	2.145000e+00	2.144864e+00	1.364757e-06	
428	2.150000e+00	2.149857e+00	1.432405e-06	
429	2.155000e+00	2.154850e+00	1.503400e-06	
430	2.160000e+00	2.159842e+00	1.577909e-06	
431	2.165000e+00	2.164834e+00	1.656104e-06	
432	2.170000e+00	2.169826e+00	1.738166e-06	
433	2.175000e+00	2.174818e+00	1.824288e-06	
434	2.180000e+00	2.179809e+00	1.914667e-06	
435	2.185000e+00	2.184799e+00	2.009515e-06	
436	2.190000e+00	2.189789e+00	2.109052e-06	
437	2.195000e+00	2.194779e+00	2.213507e-06	
438	2.200000e+00	2.199768e+00	2.323123e-06	
439	2.205000e+00	2.204756e+00	2.438153e-06	
440	2.210000e+00	2.209744e+00	2.558864e-06	
441	2.215000e+00	2.214731e+00	2.685535e-06	
442	2.220000e+00	2.219718e+00	2.818458e-06	
443	2.225000e+00	2.224704e+00	2.957939e-06	
444	2.230000e+00	2.229690e+00	3.104301e-06	
445	2.235000e+00	2.234674e+00	3.257880e-06	
446	2.240000e+00	2.239658e+00	3.419030e-06	
447	2.245000e+00	2.244641e+00	3.588122e-06	
448	2.250000e+00	2.249623e+00	3.765543e-06	
449	2.255000e+00	2.254605e+00	3.951701e-06	
450	2.260000e+00	2.259585e+00	4.147023e-06	
451	2.265000e+00	2.264565e+00	4.351955e-06	
452	2.270000e+00	2.269543e+00	4.566965e-06	
453	2.275000e+00	2.274521e+00	4.792545e-06	
454	2.280000e+00	2.279497e+00	5.029210e-06	
455	2.285000e+00	2.284472e+00	5.277496e-06	
456	2.290000e+00	2.289446e+00	5.537970e-06	
457	2.295000e+00	2.294419e+00	5.811222e-06	
458	2.300000e+00	2.299390e+00	6.097871e-06	
459	2.305000e+00	2.304360e+00	6.398565e-06	
460	2.310000e+00	2.309329e+00	6.713983e-06	

Index   v-sweep         v(11)           i(vwhite)       
--------------------------------------------------------------------------------
461	2.315000e+00	2.314296e+00	7.044836e-06	
462	2.320000e+00	2.319261e+00	7.391868e-06	
463	2.325000e+00	2.324224e+00	7.755856e-06	
464	2.330000e+00	2.329186e+00	8.137617e-06	
465	2.335000e+00	2.334146e+00	8.538002e-06	
466	2.340000e+00	2.339104e+00	8.957903e-06	
467	2.345000e+00	2.344060e+00	9.398254e-06	
468	2.350000e+00	2.349014e+00	9.860031e-06	
469	2.355000e+00	2.353966e+00	1.034425e-05	
470	2.360000e+00	2.358915e+00	1.085199e-05	
471	2.365000e+00	2.363862e+00	1.138435e-05	
472	2.370000e+00	2.368806e+00	1.194251e-05	
473	2.375000e+00	2.373747e+00	1.252767e-05	
474	2.380000e+00	2.378686e+00	1.314112e-05	
475	2.385000e+00	2.383622e+00	1.378418e-05	
476	2.390000e+00	2.388554e+00	1.445824e-05	
477	2.395000e+00	2.393484e+00	1.516475e-05	
478	2.400000e+00	2.398409e+00	1.590522e-05	
479	2.405000e+00	2.403332e+00	1.668121e-05	
480	2.410000e+00	2.408251e+00	1.749439e-05	
481	2.415000e+00	2.413165e+00	1.834646e-05	
482	2.420000e+00	2.418076e+00	1.923921e-05	
483	2.425000e+00	2.422983e+00	2.017451e-05	
484	2.430000e+00	2.427885e+00	2.115428e-05	
485	2.435000e+00	2.432782e+00	2.218056e-05	
486	2.440000e+00	2.437674e+00	2.325544e-05	
487	2.445000e+00	2.442562e+00	2.438112e-05	
488	2.450000e+00	2.447444e+00	2.555986e-05	
489	2.455000e+00	2.452321e+00	2.679404e-05	
490	2.460000e+00	2.457191e+00	2.808610e-05	
491	2.465000e+00	2.462056e+00	2.943860e-05	
492	2.470000e+00	2.466915e+00	3.085420e-05	
493	2.475000e+00	2.471766e+00	3.233564e-05	
494	2.480000e+00	2.476611e+00	3.388577e-05	
495	2.485000e+00	2.481449e+00	3.550754e-05	
496	2.490000e+00	2.486280e+00	3.720402e-05	
497	2.495000e+00	2.491102e+00	3.897837e-05	
498	2.500000e+00	2.495917e+00	4.083388e-05	
499	2.505000e+00	2.500723e+00	4.277392e-05	
500	2.510000e+00	2.505520e+00	4.480201e-05	
501	2.515000e+00	2.510308e+00	4.692175e-05	
502	2.520000e+00	2.515086e+00	4.913687e-05	
503	2.525000e+00	2.519855e+00	5.145121e-05	
504	2.530000e+00	2.524613e+00	5.386874e-05	
505	2.535000e+00	2.529361e+00	5.639352e-05	
506	2.540000e+00	2.534097e+00	5.902974e-05	
507	2.545000e+00	2.538822e+00	6.178171e-05	
508	2.550000e+00	2.543535e+00	6.465383e-05	
509	2.555000e+00	2.548235e+00	6.765064e-05	
510	2.560000e+00	2.552922e+00	7.077676e-05	
511	2.565000e+00	2.557596e+00	7.403694e-05	
512	2.570000e+00	2.562256e+00	7.743602e-05	
513	2.575000e+00	2.566902e+00	8.097896e-05	
514	2.580000e+00	2.571533e+00	8.467078e-05	
515	2.585000e+00	2.576148e+00	8.851663e-05	
516	2.590000e+00	2.580748e+00	9.252172e-05	
517	2.595000e+00	2.585331e+00	9.669136e-05	
518	2.600000e+00	2.589897e+00	1.010309e-04	

Index   v-sweep         v(11)           i(vwhite)       
--------------------------------------------------------------------------------
519	2.605000e+00	2.594445e+00	1.055459e-04	
520	2.610000e+00	2.598976e+00	1.102417e-04	
521	2.615000e+00	2.603488e+00	1.151239e-04	
522	2.620000e+00	2.607980e+00	1.201982e-04	
523	2.625000e+00	2.612453e+00	1.254701e-04	
524	2.630000e+00	2.616905e+00	1.309454e-04	
525	2.635000e+00	2.621337e+00	1.366297e-04	
526	2.640000e+00	2.625747e+00	1.425286e-04	
527	2.645000e+00	2.630135e+00	1.486480e-04	
528	2.650000e+00	2.634501e+00	1.549933e-04	
529	2.655000e+00	2.638843e+00	1.615703e-04	
530	2.660000e+00	2.643162e+00	1.683846e-04	
531	2.665000e+00	2.647456e+00	1.754415e-04	
532	2.670000e+00	2.651725e+00	1.827468e-04	
533	2.675000e+00	2.655969e+00	1.903056e-04	
534	2.680000e+00	2.660188e+00	1.981233e-04	
535	2.685000e+00	2.664379e+00	2.062052e-04	
536	2.690000e+00	2.668544e+00	2.145562e-04	
537	2.695000e+00	2.672682e+00	2.231812e-04	
538	2.700000e+00	2.676791e+00	2.320852e-04	
539	2.705000e+00	2.680873e+00	2.412728e-04	
540	2.710000e+00	2.684925e+00	2.507483e-04	
541	2.715000e+00	2.688948e+00	2.605162e-04	
542	2.720000e+00	2.692942e+00	2.705806e-04	
543	2.725000e+00	2.696905e+00	2.809453e-04	
544	2.730000e+00	2.700839e+00	2.916141e-04	
545	2.735000e+00	2.704741e+00	3.025906e-04	
546	2.740000e+00	2.708612e+00	3.138779e-04	
547	2.745000e+00	2.712452e+00	3.254792e-04	
548	2.750000e+00	2.716260e+00	3.373973e-04	
549	2.755000e+00	2.720037e+00	3.496348e-04	
550	2.760000e+00	2.723781e+00	3.621941e-04	
551	2.765000e+00	2.727492e+00	3.750772e-04	
552	2.770000e+00	2.731171e+00	3.882860e-04	
553	2.775000e+00	2.734818e+00	4.018221e-04	
554	2.780000e+00	2.738431e+00	4.156870e-04	
555	2.785000e+00	2.742012e+00	4.298817e-04	
556	2.790000e+00	2.745559e+00	4.444071e-04	
557	2.795000e+00	2.749074e+00	4.592638e-04	
558	2.800000e+00	2.752555e+00	4.744523e-04	
559	2.805000e+00	2.756003e+00	4.899727e-04	
560	2.810000e+00	2.759418e+00	5.058249e-04	
561	2.815000e+00	2.762799e+00	5.220086e-04	
562	2.820000e+00	2.766148e+00	5.385234e-04	
563	2.825000e+00	2.769463e+00	5.553684e-04	
564	2.830000e+00	2.772746e+00	5.725427e-04	
565	2.835000e+00	2.775995e+00	5.900452e-04	
566	2.840000e+00	2.779213e+00	6.078746e-04	
567	2.845000e+00	2.782397e+00	6.260293e-04	
568	2.850000e+00	2.785549e+00	6.445077e-04	
569	2.855000e+00	2.788669e+00	6.633078e-04	
570	2.860000e+00	2.791757e+00	6.824276e-04	
571	2.865000e+00	2.794813e+00	7.018651e-04	
572	2.870000e+00	2.797838e+00	7.216177e-04	
573	2.875000e+00	2.800832e+00	7.416832e-04	
574	2.880000e+00	2.803794e+00	7.620589e-04	
575	2.885000e+00	2.806726e+00	7.827422e-04	
576	2.890000e+00	2.809627e+00	8.037301e-04	

Index   v-sweep         v(11)           i(vwhite)       
--------------------------------------------------------------------------------
577	2.895000e+00	2.812498e+00	8.250199e-04	
578	2.900000e+00	2.815339e+00	8.466085e-04	
579	2.905000e+00	2.818151e+00	8.684929e-04	
580	2.910000e+00	2.820933e+00	8.906699e-04	
581	2.915000e+00	2.823686e+00	9.131363e-04	
582	2.920000e+00	2.826411e+00	9.358888e-04	
583	2.925000e+00	2.829108e+00	9.589241e-04	
584	2.930000e+00	2.831776e+00	9.822388e-04	
585	2.935000e+00	2.834417e+00	1.005829e-03	
586	2.940000e+00	2.837031e+00	1.029693e-03	
587	2.945000e+00	2.839618e+00	1.053825e-03	
588	2.950000e+00	2.842178e+00	1.078223e-03	
589	2.955000e+00	2.844712e+00	1.102883e-03	
590	2.960000e+00	2.847220e+00	1.127801e-03	
591	2.965000e+00	2.849703e+00	1.152974e-03	
592	2.970000e+00	2.852160e+00	1.178399e-03	
593	2.975000e+00	2.854593e+00	1.204072e-03	
594	2.980000e+00	2.857001e+00	1.229989e-03	
595	2.985000e+00	2.859385e+00	1.256146e-03	
596	2.990000e+00	2.861746e+00	1.282542e-03	
597	2.995000e+00	2.864083e+00	1.309171e-03	
598	3.000000e+00	2.866397e+00	1.336030e-03	
599	3.005000e+00	2.868688e+00	1.363116e-03	
600	3.010000e+00	2.870957e+00	1.390426e-03	
601	3.015000e+00	2.873204e+00	1.417956e-03	
602	3.020000e+00	2.875430e+00	1.445703e-03	
603	3.025000e+00	2.877634e+00	1.473663e-03	
604	3.030000e+00	2.879817e+00	1.501833e-03	
605	3.035000e+00	2.881979e+00	1.530210e-03	
606	3.040000e+00	2.884121e+00	1.558791e-03	
607	3.045000e+00	2.886243e+00	1.587572e-03	
608	3.050000e+00	2.888345e+00	1.616550e-03	
609	3.055000e+00	2.890428e+00	1.645723e-03	
610	3.060000e+00	2.892491e+00	1.675087e-03	
611	3.065000e+00	2.894536e+00	1.704638e-03	
612	3.070000e+00	2.896562e+00	1.734375e-03	
613	3.075000e+00	2.898571e+00	1.764294e-03	
614	3.080000e+00	2.900561e+00	1.794392e-03	
615	3.085000e+00	2.902533e+00	1.824666e-03	
616	3.090000e+00	2.904489e+00	1.855114e-03	
617	3.095000e+00	2.906427e+00	1.885733e-03	
618	3.100000e+00	2.908348e+00	1.916519e-03	
619	3.105000e+00	2.910253e+00	1.947471e-03	
620	3.110000e+00	2.912141e+00	1.978586e-03	
621	3.115000e+00	2.914014e+00	2.009860e-03	
622	3.120000e+00	2.915871e+00	2.041293e-03	
623	3.125000e+00	2.917712e+00	2.072880e-03	
624	3.130000e+00	2.919538e+00	2.104619e-03	
625	3.135000e+00	2.921349e+00	2.136509e-03	
626	3.140000e+00	2.923145e+00	2.168546e-03	
627	3.145000e+00	2.924927e+00	2.200729e-03	
628	3.150000e+00	2.926695e+00	2.233055e-03	
629	3.155000e+00	2.928448e+00	2.265521e-03	
630	3.160000e+00	2.930187e+00	2.298126e-03	
631	3.165000e+00	2.931913e+00	2.330867e-03	
632	3.170000e+00	2.933626e+00	2.363742e-03	
633	3.175000e+00	2.935325e+00	2.396750e-03	
634	3.180000e+00	2.937011e+00	2.429887e-03	

Index   v-sweep         v(11)           i(vwhite)       
--------------------------------------------------------------------------------
635	3.185000e+00	2.938685e+00	2.463153e-03	
636	3.190000e+00	2.940346e+00	2.496544e-03	
637	3.195000e+00	2.941994e+00	2.530059e-03	
638	3.200000e+00	2.943630e+00	2.563697e-03	
639	3.205000e+00	2.945255e+00	2.597454e-03	
640	3.210000e+00	2.946867e+00	2.631330e-03	
641	3.215000e+00	2.948468e+00	2.665323e-03	
642	3.220000e+00	2.950057e+00	2.699430e-03	
643	3.225000e+00	2.951635e+00	2.733650e-03	
644	3.230000e+00	2.953202e+00	2.767981e-03	
645	3.235000e+00	2.954758e+00	2.802422e-03	
646	3.240000e+00	2.956303e+00	2.836970e-03	
647	3.245000e+00	2.957837e+00	2.871625e-03	
648	3.250000e+00	2.959362e+00	2.906385e-03	
649	3.255000e+00	2.960875e+00	2.941247e-03	
650	3.260000e+00	2.962379e+00	2.976212e-03	
651	3.265000e+00	2.963872e+00	3.011276e-03	
652	3.270000e+00	2.965356e+00	3.046438e-03	
653	3.275000e+00	2.966830e+00	3.081698e-03	
654	3.280000e+00	2.968295e+00	3.117054e-03	
655	3.285000e+00	2.969750e+00	3.152504e-03	
656	3.290000e+00	2.971195e+00	3.188046e-03	
657	3.295000e+00	2.972632e+00	3.223680e-03	
658	3.300000e+00	2.974060e+00	3.259405e-03	
659	3.305000e+00	2.975478e+00	3.295218e-03	
660	3.310000e+00	2.976888e+00	3.331119e-03	
661	3.315000e+00	2.978289e+00	3.367107e-03	
662	3.320000e+00	2.979682e+00	3.403179e-03	
663	3.325000e+00	2.981066e+00	3.439336e-03	
664	3.330000e+00	2.982443e+00	3.475575e-03	
665	3.335000e+00	2.983810e+00	3.511896e-03	
666	3.340000e+00	2.985170e+00	3.548297e-03	
667	3.345000e+00	2.986522e+00	3.584777e-03	
668	3.350000e+00	2.987866e+00	3.621336e-03	
669	3.355000e+00	2.989203e+00	3.657972e-03	
670	3.360000e+00	2.990532e+00	3.694684e-03	
671	3.365000e+00	2.991853e+00	3.731471e-03	
672	3.370000e+00	2.993167e+00	3.768333e-03	
673	3.375000e+00	2.994473e+00	3.805267e-03	
674	3.380000e+00	2.995773e+00	3.842273e-03	
675	3.385000e+00	2.997065e+00	3.879350e-03	
676	3.390000e+00	2.998350e+00	3.916498e-03	
677	3.395000e+00	2.999629e+00	3.953714e-03	
678	3.400000e+00	3.000900e+00	3.990999e-03	
679	3.405000e+00	3.002165e+00	4.028351e-03	
680	3.410000e+00	3.003423e+00	4.065770e-03	
681	3.415000e+00	3.004675e+00	4.103254e-03	
682	3.420000e+00	3.005920e+00	4.140803e-03	
683	3.425000e+00	3.007158e+00	4.178416e-03	
684	3.430000e+00	3.008391e+00	4.216091e-03	
685	3.435000e+00	3.009617e+00	4.253830e-03	
686	3.440000e+00	3.010837e+00	4.291629e-03	
687	3.445000e+00	3.012051e+00	4.329489e-03	
688	3.450000e+00	3.013259e+00	4.367410e-03	
689	3.455000e+00	3.014461e+00	4.405389e-03	
690	3.460000e+00	3.015657e+00	4.443427e-03	
691	3.465000e+00	3.016848e+00	4.481522e-03	
692	3.470000e+00	3.018033e+00	4.519674e-03	

Index   v-sweep         v(11)           i(vwhite)       
--------------------------------------------------------------------------------
693	3.475000e+00	3.019212e+00	4.557883e-03	
694	3.480000e+00	3.020385e+00	4.596147e-03	
695	3.485000e+00	3.021553e+00	4.634466e-03	
696	3.490000e+00	3.022716e+00	4.672839e-03	
697	3.495000e+00	3.023873e+00	4.711266e-03	
698	3.500000e+00	3.025025e+00	4.749745e-03	
699	3.505000e+00	3.026172e+00	4.788277e-03	
700	3.510000e+00	3.027314e+00	4.826861e-03	
701	3.515000e+00	3.028451e+00	4.865495e-03	
702	3.520000e+00	3.029582e+00	4.904180e-03	
703	3.525000e+00	3.030709e+00	4.942914e-03	
704	3.530000e+00	3.031830e+00	4.981698e-03	
705	3.535000e+00	3.032947e+00	5.020530e-03	
706	3.540000e+00	3.034059e+00	5.059411e-03	
707	3.545000e+00	3.035166e+00	5.098339e-03	
708	3.550000e+00	3.036269e+00	5.137313e-03	
709	3.555000e+00	3.037367e+00	5.176335e-03	
710	3.560000e+00	3.038460e+00	5.215402e-03	
711	3.565000e+00	3.039549e+00	5.254514e-03	
712	3.570000e+00	3.040633e+00	5.293671e-03	
713	3.575000e+00	3.041713e+00	5.332872e-03	
714	3.580000e+00	3.042788e+00	5.372118e-03	
715	3.585000e+00	3.043859e+00	5.411406e-03	
716	3.590000e+00	3.044926e+00	5.450738e-03	
717	3.595000e+00	3.045989e+00	5.490111e-03	
718	3.600000e+00	3.047047e+00	5.529527e-03	
719	3.605000e+00	3.048102e+00	5.568984e-03	
720	3.610000e+00	3.049152e+00	5.608482e-03	
721	3.615000e+00	3.050198e+00	5.648020e-03	
722	3.620000e+00	3.051240e+00	5.687599e-03	
723	3.625000e+00	3.052278e+00	5.727217e-03	
724	3.630000e+00	3.053313e+00	5.766874e-03	
725	3.635000e+00	3.054343e+00	5.806570e-03	
726	3.640000e+00	3.055370e+00	5.846305e-03	
727	3.645000e+00	3.056392e+00	5.886077e-03	
728	3.650000e+00	3.057411e+00	5.925887e-03	
729	3.655000e+00	3.058427e+00	5.965734e-03	
730	3.660000e+00	3.059438e+00	6.005617e-03	
731	3.665000e+00	3.060446e+00	6.045538e-03	
732	3.670000e+00	3.061451e+00	6.085494e-03	
733	3.675000e+00	3.062451e+00	6.125485e-03	
734	3.680000e+00	3.063449e+00	6.165512e-03	
735	3.685000e+00	3.064443e+00	6.205574e-03	
736	3.690000e+00	3.065433e+00	6.245670e-03	
737	3.695000e+00	3.066420e+00	6.285801e-03	
738	3.700000e+00	3.067404e+00	6.325965e-03	
739	3.705000e+00	3.068384e+00	6.366163e-03	
740	3.710000e+00	3.069361e+00	6.406393e-03	
741	3.715000e+00	3.070334e+00	6.446657e-03	
742	3.720000e+00	3.071305e+00	6.486953e-03	
743	3.725000e+00	3.072272e+00	6.527281e-03	
744	3.730000e+00	3.073236e+00	6.567641e-03	
745	3.735000e+00	3.074197e+00	6.608033e-03	
746	3.740000e+00	3.075154e+00	6.648456e-03	
747	3.745000e+00	3.076109e+00	6.688909e-03	
748	3.750000e+00	3.077061e+00	6.729393e-03	
749	3.755000e+00	3.078009e+00	6.769908e-03	
750	3.760000e+00	3.078955e+00	6.810452e-03	

Index   v-sweep         v(11)           i(vwhite)       
--------------------------------------------------------------------------------
751	3.765000e+00	3.079897e+00	6.851026e-03	
752	3.770000e+00	3.080837e+00	6.891630e-03	
753	3.775000e+00	3.081774e+00	6.932262e-03	
754	3.780000e+00	3.082708e+00	6.972924e-03	
755	3.785000e+00	3.083639e+00	7.013614e-03	
756	3.790000e+00	3.084567e+00	7.054332e-03	
757	3.795000e+00	3.085492e+00	7.095079e-03	
758	3.800000e+00	3.086415e+00	7.135853e-03	
759	3.805000e+00	3.087335e+00	7.176654e-03	
760	3.810000e+00	3.088252e+00	7.217483e-03	
761	3.815000e+00	3.089166e+00	7.258339e-03	
762	3.820000e+00	3.090078e+00	7.299222e-03	
763	3.825000e+00	3.090987e+00	7.340131e-03	
764	3.830000e+00	3.091893e+00	7.381066e-03	
765	3.835000e+00	3.092797e+00	7.422028e-03	
766	3.840000e+00	3.093699e+00	7.463015e-03	
767	3.845000e+00	3.094597e+00	7.504028e-03	
768	3.850000e+00	3.095493e+00	7.545066e-03	
769	3.855000e+00	3.096387e+00	7.586129e-03	
770	3.860000e+00	3.097278e+00	7.627217e-03	
771	3.865000e+00	3.098167e+00	7.668329e-03	
772	3.870000e+00	3.099053e+00	7.709466e-03	
773	3.875000e+00	3.099937e+00	7.750627e-03	
774	3.880000e+00	3.100819e+00	7.791813e-03	
775	3.885000e+00	3.101698e+00	7.833022e-03	
776	3.890000e+00	3.102575e+00	7.874254e-03	
777	3.895000e+00	3.103449e+00	7.915510e-03	
778	3.900000e+00	3.104321e+00	7.956789e-03	
779	3.905000e+00	3.105191e+00	7.998091e-03	
780	3.910000e+00	3.106058e+00	8.039416e-03	
781	3.915000e+00	3.106924e+00	8.080763e-03	
782	3.920000e+00	3.107787e+00	8.122133e-03	
783	3.925000e+00	3.108648e+00	8.163524e-03	
784	3.930000e+00	3.109506e+00	8.204938e-03	
785	3.935000e+00	3.110363e+00	8.246374e-03	
786	3.940000e+00	3.111217e+00	8.287831e-03	
787	3.945000e+00	3.112069e+00	8.329310e-03	
788	3.950000e+00	3.112919e+00	8.370809e-03	
789	3.955000e+00	3.113767e+00	8.412330e-03	
790	3.960000e+00	3.114613e+00	8.453872e-03	
791	3.965000e+00	3.115457e+00	8.495435e-03	
792	3.970000e+00	3.116298e+00	8.537018e-03	
793	3.975000e+00	3.117138e+00	8.578621e-03	
794	3.980000e+00	3.117975e+00	8.620245e-03	
795	3.985000e+00	3.118811e+00	8.661889e-03	
796	3.990000e+00	3.119645e+00	8.703552e-03	
797	3.995000e+00	3.120476e+00	8.745236e-03	
798	4.000000e+00	3.121306e+00	8.786939e-03	
799	4.005000e+00	3.122134e+00	8.828661e-03	
800	4.010000e+00	3.122960e+00	8.870402e-03	
801	4.015000e+00	3.123784e+00	8.912163e-03	
802	4.020000e+00	3.124606e+00	8.953943e-03	
803	4.025000e+00	3.125426e+00	8.995741e-03	
804	4.030000e+00	3.126244e+00	9.037558e-03	
805	4.035000e+00	3.127061e+00	9.079394e-03	
806	4.040000e+00	3.127875e+00	9.121247e-03	
807	4.045000e+00	3.128688e+00	9.163119e-03	
808	4.050000e+00	3.129499e+00	9.205010e-03	

Index   v-sweep         v(11)           i(vwhite)       
--------------------------------------------------------------------------------
809	4.055000e+00	3.130308e+00	9.246918e-03	
810	4.060000e+00	3.131116e+00	9.288843e-03	
811	4.065000e+00	3.131921e+00	9.330787e-03	
812	4.070000e+00	3.132725e+00	9.372748e-03	
813	4.075000e+00	3.133527e+00	9.414726e-03	
814	4.080000e+00	3.134328e+00	9.456722e-03	
815	4.085000e+00	3.135127e+00	9.498734e-03	
816	4.090000e+00	3.135924e+00	9.540764e-03	
817	4.095000e+00	3.136719e+00	9.582810e-03	
818	4.100000e+00	3.137513e+00	9.624873e-03	
819	4.105000e+00	3.138305e+00	9.666953e-03	
820	4.110000e+00	3.139095e+00	9.709050e-03	
821	4.115000e+00	3.139884e+00	9.751162e-03	
822	4.120000e+00	3.140671e+00	9.793291e-03	
823	4.125000e+00	3.141456e+00	9.835436e-03	
824	4.130000e+00	3.142240e+00	9.877597e-03	
825	4.135000e+00	3.143023e+00	9.919773e-03	
826	4.140000e+00	3.143803e+00	9.961966e-03	
827	4.145000e+00	3.144583e+00	1.000417e-02	
828	4.150000e+00	3.145360e+00	1.004640e-02	
829	4.155000e+00	3.146136e+00	1.008864e-02	
830	4.160000e+00	3.146911e+00	1.013089e-02	
831	4.165000e+00	3.147684e+00	1.017316e-02	
832	4.170000e+00	3.148455e+00	1.021545e-02	
833	4.175000e+00	3.149226e+00	1.025774e-02	
834	4.180000e+00	3.149994e+00	1.030006e-02	
835	4.185000e+00	3.150761e+00	1.034239e-02	
836	4.190000e+00	3.151527e+00	1.038473e-02	
837	4.195000e+00	3.152291e+00	1.042709e-02	
838	4.200000e+00	3.153054e+00	1.046946e-02	
839	4.205000e+00	3.153815e+00	1.051185e-02	
840	4.210000e+00	3.154575e+00	1.055425e-02	
841	4.215000e+00	3.155333e+00	1.059667e-02	
842	4.220000e+00	3.156090e+00	1.063910e-02	
843	4.225000e+00	3.156846e+00	1.068154e-02	
844	4.230000e+00	3.157600e+00	1.072400e-02	
845	4.235000e+00	3.158353e+00	1.076647e-02	
846	4.240000e+00	3.159105e+00	1.080895e-02	
847	4.245000e+00	3.159855e+00	1.085145e-02	
848	4.250000e+00	3.160604e+00	1.089396e-02	
849	4.255000e+00	3.161351e+00	1.093649e-02	
850	4.260000e+00	3.162097e+00	1.097903e-02	
851	4.265000e+00	3.162842e+00	1.102158e-02	
852	4.270000e+00	3.163586e+00	1.106414e-02	
853	4.275000e+00	3.164328e+00	1.110672e-02	
854	4.280000e+00	3.165069e+00	1.114931e-02	
855	4.285000e+00	3.165809e+00	1.119191e-02	
856	4.290000e+00	3.166547e+00	1.123453e-02	
857	4.295000e+00	3.167284e+00	1.127716e-02	
858	4.300000e+00	3.168020e+00	1.131980e-02	
859	4.305000e+00	3.168755e+00	1.136245e-02	
860	4.310000e+00	3.169488e+00	1.140512e-02	
861	4.315000e+00	3.170220e+00	1.144780e-02	
862	4.320000e+00	3.170951e+00	1.149049e-02	
863	4.325000e+00	3.171681e+00	1.153319e-02	
864	4.330000e+00	3.172409e+00	1.157591e-02	
865	4.335000e+00	3.173136e+00	1.161864e-02	
866	4.340000e+00	3.173863e+00	1.166137e-02	

Index   v-sweep         v(11)           i(vwhite)       
--------------------------------------------------------------------------------
867	4.345000e+00	3.174587e+00	1.170413e-02	
868	4.350000e+00	3.175311e+00	1.174689e-02	
869	4.355000e+00	3.176034e+00	1.178966e-02	
870	4.360000e+00	3.176755e+00	1.183245e-02	
871	4.365000e+00	3.177475e+00	1.187525e-02	
872	4.370000e+00	3.178195e+00	1.191805e-02	
873	4.375000e+00	3.178912e+00	1.196088e-02	
874	4.380000e+00	3.179629e+00	1.200371e-02	
875	4.385000e+00	3.180345e+00	1.204655e-02	
876	4.390000e+00	3.181060e+00	1.208940e-02	
877	4.395000e+00	3.181773e+00	1.213227e-02	
878	4.400000e+00	3.182485e+00	1.217515e-02	
879	4.405000e+00	3.183197e+00	1.221803e-02	
880	4.410000e+00	3.183907e+00	1.226093e-02	
881	4.415000e+00	3.184616e+00	1.230384e-02	
882	4.420000e+00	3.185324e+00	1.234676e-02	
883	4.425000e+00	3.186031e+00	1.238969e-02	
884	4.430000e+00	3.186737e+00	1.243263e-02	
885	4.435000e+00	3.187442e+00	1.247558e-02	
886	4.440000e+00	3.188145e+00	1.251855e-02	
887	4.445000e+00	3.188848e+00	1.256152e-02	
888	4.450000e+00	3.189550e+00	1.260450e-02	
889	4.455000e+00	3.190250e+00	1.264750e-02	
890	4.460000e+00	3.190950e+00	1.269050e-02	
891	4.465000e+00	3.191649e+00	1.273351e-02	
892	4.470000e+00	3.192346e+00	1.277654e-02	
893	4.475000e+00	3.193043e+00	1.281957e-02	
894	4.480000e+00	3.193738e+00	1.286262e-02	
895	4.485000e+00	3.194433e+00	1.290567e-02	
896	4.490000e+00	3.195127e+00	1.294873e-02	
897	4.495000e+00	3.195819e+00	1.299181e-02	
898	4.500000e+00	3.196511e+00	1.303489e-02	
899	4.505000e+00	3.197201e+00	1.307799e-02	
900	4.510000e+00	3.197891e+00	1.312109e-02	
901	4.515000e+00	3.198580e+00	1.316420e-02	
902	4.520000e+00	3.199268e+00	1.320732e-02	
903	4.525000e+00	3.199955e+00	1.325045e-02	
904	4.530000e+00	3.200640e+00	1.329360e-02	
905	4.535000e+00	3.201325e+00	1.333675e-02	
906	4.540000e+00	3.202009e+00	1.337991e-02	
907	4.545000e+00	3.202692e+00	1.342308e-02	
908	4.550000e+00	3.203375e+00	1.346625e-02	
909	4.555000e+00	3.204056e+00	1.350944e-02	
910	4.560000e+00	3.204736e+00	1.355264e-02	
911	4.565000e+00	3.205416e+00	1.359584e-02	
912	4.570000e+00	3.206094e+00	1.363906e-02	
913	4.575000e+00	3.206772e+00	1.368228e-02	
914	4.580000e+00	3.207449e+00	1.372551e-02	
915	4.585000e+00	3.208124e+00	1.376876e-02	
916	4.590000e+00	3.208799e+00	1.381201e-02	
917	4.595000e+00	3.209474e+00	1.385526e-02	
918	4.600000e+00	3.210147e+00	1.389853e-02	
919	4.605000e+00	3.210819e+00	1.394181e-02	
920	4.610000e+00	3.211491e+00	1.398509e-02	
921	4.615000e+00	3.212161e+00	1.402839e-02	
922	4.620000e+00	3.212831e+00	1.407169e-02	
923	4.625000e+00	3.213500e+00	1.411500e-02	
924	4.630000e+00	3.214168e+00	1.415832e-02	

Index   v-sweep         v(11)           i(vwhite)       
--------------------------------------------------------------------------------
925	4.635000e+00	3.214836e+00	1.420164e-02	
926	4.640000e+00	3.215502e+00	1.424498e-02	
927	4.645000e+00	3.216168e+00	1.428832e-02	
928	4.650000e+00	3.216832e+00	1.433168e-02	
929	4.655000e+00	3.217496e+00	1.437504e-02	
930	4.660000e+00	3.218160e+00	1.441840e-02	
931	4.665000e+00	3.218822e+00	1.446178e-02	
932	4.670000e+00	3.219483e+00	1.450517e-02	
933	4.675000e+00	3.220144e+00	1.454856e-02	
934	4.680000e+00	3.220804e+00	1.459196e-02	
935	4.685000e+00	3.221463e+00	1.463537e-02	
936	4.690000e+00	3.222122e+00	1.467878e-02	
937	4.695000e+00	3.222779e+00	1.472221e-02	
938	4.700000e+00	3.223436e+00	1.476564e-02	
939	4.705000e+00	3.224092e+00	1.480908e-02	
940	4.710000e+00	3.224747e+00	1.485253e-02	
941	4.715000e+00	3.225402e+00	1.489598e-02	
942	4.720000e+00	3.226055e+00	1.493945e-02	
943	4.725000e+00	3.226708e+00	1.498292e-02	
944	4.730000e+00	3.227361e+00	1.502639e-02	
945	4.735000e+00	3.228012e+00	1.506988e-02	
946	4.740000e+00	3.228663e+00	1.511337e-02	
947	4.745000e+00	3.229313e+00	1.515687e-02	
948	4.750000e+00	3.229962e+00	1.520038e-02	
949	4.755000e+00	3.230610e+00	1.524390e-02	
950	4.760000e+00	3.231258e+00	1.528742e-02	
951	4.765000e+00	3.231905e+00	1.533095e-02	
952	4.770000e+00	3.232552e+00	1.537448e-02	
953	4.775000e+00	3.233197e+00	1.541803e-02	
954	4.780000e+00	3.233842e+00	1.546158e-02	
955	4.785000e+00	3.234486e+00	1.550514e-02	
956	4.790000e+00	3.235130e+00	1.554870e-02	
957	4.795000e+00	3.235772e+00	1.559228e-02	
958	4.800000e+00	3.236414e+00	1.563586e-02	
959	4.805000e+00	3.237056e+00	1.567944e-02	
960	4.810000e+00	3.237696e+00	1.572304e-02	
961	4.815000e+00	3.238336e+00	1.576664e-02	
962	4.820000e+00	3.238976e+00	1.581024e-02	
963	4.825000e+00	3.239614e+00	1.585386e-02	
964	4.830000e+00	3.240252e+00	1.589748e-02	
965	4.835000e+00	3.240889e+00	1.594111e-02	
966	4.840000e+00	3.241526e+00	1.598474e-02	
967	4.845000e+00	3.242162e+00	1.602838e-02	
968	4.850000e+00	3.242797e+00	1.607203e-02	
969	4.855000e+00	3.243431e+00	1.611569e-02	
970	4.860000e+00	3.244065e+00	1.615935e-02	
971	4.865000e+00	3.244699e+00	1.620301e-02	
972	4.870000e+00	3.245331e+00	1.624669e-02	
973	4.875000e+00	3.245963e+00	1.629037e-02	
974	4.880000e+00	3.246594e+00	1.633406e-02	
975	4.885000e+00	3.247225e+00	1.637775e-02	
976	4.890000e+00	3.247855e+00	1.642145e-02	
977	4.895000e+00	3.248484e+00	1.646516e-02	
978	4.900000e+00	3.249113e+00	1.650887e-02	
979	4.905000e+00	3.249741e+00	1.655259e-02	
980	4.910000e+00	3.250368e+00	1.659632e-02	
981	4.915000e+00	3.250995e+00	1.664005e-02	
982	4.920000e+00	3.251621e+00	1.668379e-02	

Index   v-sweep         v(11)           i(vwhite)       
--------------------------------------------------------------------------------
983	4.925000e+00	3.252247e+00	1.672753e-02	
984	4.930000e+00	3.252872e+00	1.677128e-02	
985	4.935000e+00	3.253496e+00	1.681504e-02	
986	4.940000e+00	3.254120e+00	1.685880e-02	
987	4.945000e+00	3.254743e+00	1.690257e-02	
988	4.950000e+00	3.255366e+00	1.694634e-02	
989	4.955000e+00	3.255988e+00	1.699012e-02	
990	4.960000e+00	3.256609e+00	1.703391e-02	
991	4.965000e+00	3.257230e+00	1.707770e-02	
992	4.970000e+00	3.257850e+00	1.712150e-02	
993	4.975000e+00	3.258469e+00	1.716531e-02	
994	4.980000e+00	3.259088e+00	1.720912e-02	
995	4.985000e+00	3.259706e+00	1.725294e-02	
996	4.990000e+00	3.260324e+00	1.729676e-02	
997	4.995000e+00	3.260941e+00	1.734059e-02	
998	5.000000e+00	3.261558e+00	1.738442e-02	
