35 degrees
vd (in V)                 id (in mA)
0.025                       0.002
0.054                       0.007
0.110                       0.025
0.153                       0.052
0.192                       0.094
0.227                       0.162
0.304                       0.521
0.349                       1.048
0.400                       2.420
0.425                       3.750

45 degrees
vd (in V)                 id (in mA)
0.054                       0.012
0.100                       0.020
0.196                       0.140
0.242                       0.290
0.271                       0.441
0.300                       0.710
0.314                       0.874
0.343                       1.390
0.372                       2.240
0.402                       3.840

55 degrees
vd (in V)                 id (in mA)
0.035                       0.008
0.098                       0.037
0.156                       0.098
0.202                       0.204
0.246                       0.400
0.292                       0.829
0.318                       1.279
0.342                       1.950
0.358                       2.550
0.379			    3.870

65 degrees
vd (in V)		  id (in mA)
0.053			    0.017
0.123			    0.073
0.177			    0.171
0.235			    0.435
0.262			    0.740
0.284			    0.996
0.309			    1.523
0.329			    2.190
0.345			    2.920
0.354			    3.530

75 degrees
vd (in V)		  id (in mA)
0.055			    0.024
0.113			    0.085
0.165			    0.205
0.220			    0.502
0.260			    0.972
0.279			    1.400
0.291			    1.770
0.309			    2.370
0.324			    3.180
0.334			    3.840