                       1n4007 diode recovery time at 1khz
                       Transient Analysis  Sat Aug 27 11:14:44  2022
--------------------------------------------------------------------------------
Index   time            v(4)            
--------------------------------------------------------------------------------
0	2.999001e-03	6.603471e-01	
1	2.999002e-03	6.603471e-01	
2	2.999003e-03	6.603471e-01	
3	2.999004e-03	6.603471e-01	
4	2.999005e-03	6.603471e-01	
5	2.999006e-03	6.603471e-01	
6	2.999007e-03	6.603471e-01	
7	2.999008e-03	6.603471e-01	
8	2.999009e-03	6.603471e-01	
9	2.999010e-03	6.603471e-01	
10	2.999011e-03	6.603471e-01	
11	2.999012e-03	6.603471e-01	
12	2.999013e-03	6.603471e-01	
13	2.999014e-03	6.603471e-01	
14	2.999015e-03	6.603471e-01	
15	2.999016e-03	6.603471e-01	
16	2.999017e-03	6.603471e-01	
17	2.999018e-03	6.603471e-01	
18	2.999019e-03	6.603471e-01	
19	2.999020e-03	6.603471e-01	
20	2.999021e-03	6.603471e-01	
21	2.999022e-03	6.603471e-01	
22	2.999023e-03	6.603471e-01	
23	2.999024e-03	6.603471e-01	
24	2.999025e-03	6.603471e-01	
25	2.999026e-03	6.603471e-01	
26	2.999027e-03	6.603471e-01	
27	2.999028e-03	6.603471e-01	
28	2.999029e-03	6.603471e-01	
29	2.999030e-03	6.603471e-01	
30	2.999031e-03	6.603471e-01	
31	2.999032e-03	6.603471e-01	
32	2.999033e-03	6.603471e-01	
33	2.999034e-03	6.603471e-01	
34	2.999035e-03	6.603471e-01	
35	2.999036e-03	6.603471e-01	
36	2.999037e-03	6.603471e-01	
37	2.999038e-03	6.603471e-01	
38	2.999039e-03	6.603471e-01	
39	2.999040e-03	6.603471e-01	
40	2.999041e-03	6.603471e-01	
41	2.999042e-03	6.603471e-01	
42	2.999043e-03	6.603471e-01	
43	2.999044e-03	6.603471e-01	
44	2.999045e-03	6.603471e-01	
45	2.999046e-03	6.603471e-01	
46	2.999047e-03	6.603471e-01	
47	2.999048e-03	6.603471e-01	
48	2.999049e-03	6.603471e-01	
49	2.999050e-03	6.603471e-01	
50	2.999051e-03	6.603471e-01	
51	2.999052e-03	6.603471e-01	
52	2.999053e-03	6.603471e-01	
53	2.999054e-03	6.603471e-01	
54	2.999055e-03	6.603471e-01	

Index   time            v(4)            
--------------------------------------------------------------------------------
55	2.999056e-03	6.603471e-01	
56	2.999057e-03	6.603471e-01	
57	2.999058e-03	6.603471e-01	
58	2.999059e-03	6.603471e-01	
59	2.999060e-03	6.603471e-01	
60	2.999061e-03	6.603471e-01	
61	2.999062e-03	6.603471e-01	
62	2.999063e-03	6.603471e-01	
63	2.999064e-03	6.603471e-01	
64	2.999065e-03	6.603471e-01	
65	2.999066e-03	6.603471e-01	
66	2.999067e-03	6.603471e-01	
67	2.999068e-03	6.603471e-01	
68	2.999069e-03	6.603471e-01	
69	2.999070e-03	6.603471e-01	
70	2.999071e-03	6.603471e-01	
71	2.999072e-03	6.603471e-01	
72	2.999073e-03	6.603471e-01	
73	2.999074e-03	6.603471e-01	
74	2.999075e-03	6.603471e-01	
75	2.999076e-03	6.603471e-01	
76	2.999077e-03	6.603471e-01	
77	2.999078e-03	6.603471e-01	
78	2.999079e-03	6.603471e-01	
79	2.999080e-03	6.603471e-01	
80	2.999081e-03	6.603471e-01	
81	2.999082e-03	6.603471e-01	
82	2.999083e-03	6.603471e-01	
83	2.999084e-03	6.603471e-01	
84	2.999085e-03	6.603471e-01	
85	2.999086e-03	6.603471e-01	
86	2.999087e-03	6.603471e-01	
87	2.999088e-03	6.603471e-01	
88	2.999089e-03	6.603471e-01	
89	2.999090e-03	6.603471e-01	
90	2.999091e-03	6.603471e-01	
91	2.999092e-03	6.603471e-01	
92	2.999093e-03	6.603471e-01	
93	2.999094e-03	6.603471e-01	
94	2.999095e-03	6.603471e-01	
95	2.999096e-03	6.603471e-01	
96	2.999097e-03	6.603471e-01	
97	2.999098e-03	6.603471e-01	
98	2.999099e-03	6.603471e-01	
99	2.999100e-03	6.603471e-01	
100	2.999101e-03	6.603471e-01	
101	2.999102e-03	6.603471e-01	
102	2.999103e-03	6.603471e-01	
103	2.999104e-03	6.603471e-01	
104	2.999105e-03	6.603471e-01	
105	2.999106e-03	6.603471e-01	
106	2.999107e-03	6.603471e-01	
107	2.999108e-03	6.603471e-01	
108	2.999109e-03	6.603471e-01	
109	2.999110e-03	6.603471e-01	
110	2.999111e-03	6.603471e-01	
111	2.999112e-03	6.603471e-01	
112	2.999113e-03	6.603471e-01	

Index   time            v(4)            
--------------------------------------------------------------------------------
113	2.999114e-03	6.603471e-01	
114	2.999115e-03	6.603471e-01	
115	2.999116e-03	6.603471e-01	
116	2.999117e-03	6.603471e-01	
117	2.999118e-03	6.603471e-01	
118	2.999119e-03	6.603471e-01	
119	2.999120e-03	6.603471e-01	
120	2.999121e-03	6.603471e-01	
121	2.999122e-03	6.603471e-01	
122	2.999123e-03	6.603471e-01	
123	2.999124e-03	6.603471e-01	
124	2.999125e-03	6.603471e-01	
125	2.999126e-03	6.603471e-01	
126	2.999127e-03	6.603471e-01	
127	2.999128e-03	6.603471e-01	
128	2.999129e-03	6.603471e-01	
129	2.999130e-03	6.603471e-01	
130	2.999131e-03	6.603471e-01	
131	2.999132e-03	6.603471e-01	
132	2.999133e-03	6.603471e-01	
133	2.999134e-03	6.603471e-01	
134	2.999135e-03	6.603471e-01	
135	2.999136e-03	6.603471e-01	
136	2.999137e-03	6.603471e-01	
137	2.999138e-03	6.603471e-01	
138	2.999139e-03	6.603471e-01	
139	2.999140e-03	6.603471e-01	
140	2.999141e-03	6.603471e-01	
141	2.999142e-03	6.603471e-01	
142	2.999143e-03	6.603471e-01	
143	2.999144e-03	6.603471e-01	
144	2.999145e-03	6.603471e-01	
145	2.999146e-03	6.603471e-01	
146	2.999147e-03	6.603471e-01	
147	2.999148e-03	6.603471e-01	
148	2.999149e-03	6.603471e-01	
149	2.999150e-03	6.603471e-01	
150	2.999151e-03	6.603471e-01	
151	2.999152e-03	6.603471e-01	
152	2.999153e-03	6.603471e-01	
153	2.999154e-03	6.603471e-01	
154	2.999155e-03	6.603471e-01	
155	2.999156e-03	6.603471e-01	
156	2.999157e-03	6.603471e-01	
157	2.999158e-03	6.603471e-01	
158	2.999159e-03	6.603471e-01	
159	2.999160e-03	6.603471e-01	
160	2.999161e-03	6.603471e-01	
161	2.999162e-03	6.603471e-01	
162	2.999163e-03	6.603471e-01	
163	2.999164e-03	6.603471e-01	
164	2.999165e-03	6.603471e-01	
165	2.999166e-03	6.603471e-01	
166	2.999167e-03	6.603471e-01	
167	2.999168e-03	6.603471e-01	
168	2.999169e-03	6.603471e-01	
169	2.999170e-03	6.603471e-01	
170	2.999171e-03	6.603471e-01	

Index   time            v(4)            
--------------------------------------------------------------------------------
171	2.999172e-03	6.603471e-01	
172	2.999173e-03	6.603471e-01	
173	2.999174e-03	6.603471e-01	
174	2.999175e-03	6.603471e-01	
175	2.999176e-03	6.603471e-01	
176	2.999177e-03	6.603471e-01	
177	2.999178e-03	6.603471e-01	
178	2.999179e-03	6.603471e-01	
179	2.999180e-03	6.603471e-01	
180	2.999181e-03	6.603471e-01	
181	2.999182e-03	6.603471e-01	
182	2.999183e-03	6.603471e-01	
183	2.999184e-03	6.603471e-01	
184	2.999185e-03	6.603471e-01	
185	2.999186e-03	6.603471e-01	
186	2.999187e-03	6.603471e-01	
187	2.999188e-03	6.603471e-01	
188	2.999189e-03	6.603471e-01	
189	2.999190e-03	6.603471e-01	
190	2.999191e-03	6.603471e-01	
191	2.999192e-03	6.603471e-01	
192	2.999193e-03	6.603471e-01	
193	2.999194e-03	6.603471e-01	
194	2.999195e-03	6.603471e-01	
195	2.999196e-03	6.603471e-01	
196	2.999197e-03	6.603471e-01	
197	2.999198e-03	6.603471e-01	
198	2.999199e-03	6.603471e-01	
199	2.999200e-03	6.603471e-01	
200	2.999201e-03	6.603471e-01	
201	2.999202e-03	6.603471e-01	
202	2.999203e-03	6.603471e-01	
203	2.999204e-03	6.603471e-01	
204	2.999205e-03	6.603471e-01	
205	2.999206e-03	6.603471e-01	
206	2.999207e-03	6.603471e-01	
207	2.999208e-03	6.603471e-01	
208	2.999209e-03	6.603471e-01	
209	2.999210e-03	6.603471e-01	
210	2.999211e-03	6.603471e-01	
211	2.999212e-03	6.603471e-01	
212	2.999213e-03	6.603471e-01	
213	2.999214e-03	6.603471e-01	
214	2.999215e-03	6.603471e-01	
215	2.999216e-03	6.603471e-01	
216	2.999217e-03	6.603471e-01	
217	2.999218e-03	6.603471e-01	
218	2.999219e-03	6.603471e-01	
219	2.999220e-03	6.603471e-01	
220	2.999221e-03	6.603471e-01	
221	2.999222e-03	6.603471e-01	
222	2.999223e-03	6.603471e-01	
223	2.999224e-03	6.603471e-01	
224	2.999225e-03	6.603471e-01	
225	2.999226e-03	6.603471e-01	
226	2.999227e-03	6.603471e-01	
227	2.999228e-03	6.603471e-01	
228	2.999229e-03	6.603471e-01	

Index   time            v(4)            
--------------------------------------------------------------------------------
229	2.999230e-03	6.603471e-01	
230	2.999231e-03	6.603471e-01	
231	2.999232e-03	6.603471e-01	
232	2.999233e-03	6.603471e-01	
233	2.999234e-03	6.603471e-01	
234	2.999235e-03	6.603471e-01	
235	2.999236e-03	6.603471e-01	
236	2.999237e-03	6.603471e-01	
237	2.999238e-03	6.603471e-01	
238	2.999239e-03	6.603471e-01	
239	2.999240e-03	6.603471e-01	
240	2.999241e-03	6.603471e-01	
241	2.999242e-03	6.603471e-01	
242	2.999243e-03	6.603471e-01	
243	2.999244e-03	6.603471e-01	
244	2.999245e-03	6.603471e-01	
245	2.999246e-03	6.603471e-01	
246	2.999247e-03	6.603471e-01	
247	2.999248e-03	6.603471e-01	
248	2.999249e-03	6.603471e-01	
249	2.999250e-03	6.603471e-01	
250	2.999251e-03	6.603471e-01	
251	2.999252e-03	6.603471e-01	
252	2.999253e-03	6.603471e-01	
253	2.999254e-03	6.603471e-01	
254	2.999255e-03	6.603471e-01	
255	2.999256e-03	6.603471e-01	
256	2.999257e-03	6.603471e-01	
257	2.999258e-03	6.603471e-01	
258	2.999259e-03	6.603471e-01	
259	2.999260e-03	6.603471e-01	
260	2.999261e-03	6.603471e-01	
261	2.999262e-03	6.603471e-01	
262	2.999263e-03	6.603471e-01	
263	2.999264e-03	6.603471e-01	
264	2.999265e-03	6.603471e-01	
265	2.999266e-03	6.603471e-01	
266	2.999267e-03	6.603471e-01	
267	2.999268e-03	6.603471e-01	
268	2.999269e-03	6.603471e-01	
269	2.999270e-03	6.603471e-01	
270	2.999271e-03	6.603471e-01	
271	2.999272e-03	6.603471e-01	
272	2.999273e-03	6.603471e-01	
273	2.999274e-03	6.603471e-01	
274	2.999275e-03	6.603471e-01	
275	2.999276e-03	6.603471e-01	
276	2.999277e-03	6.603471e-01	
277	2.999278e-03	6.603471e-01	
278	2.999279e-03	6.603471e-01	
279	2.999280e-03	6.603471e-01	
280	2.999281e-03	6.603471e-01	
281	2.999282e-03	6.603471e-01	
282	2.999283e-03	6.603471e-01	
283	2.999284e-03	6.603471e-01	
284	2.999285e-03	6.603471e-01	
285	2.999286e-03	6.603471e-01	
286	2.999287e-03	6.603471e-01	

Index   time            v(4)            
--------------------------------------------------------------------------------
287	2.999288e-03	6.603471e-01	
288	2.999289e-03	6.603471e-01	
289	2.999290e-03	6.603471e-01	
290	2.999291e-03	6.603471e-01	
291	2.999292e-03	6.603471e-01	
292	2.999293e-03	6.603471e-01	
293	2.999294e-03	6.603471e-01	
294	2.999295e-03	6.603471e-01	
295	2.999296e-03	6.603471e-01	
296	2.999297e-03	6.603471e-01	
297	2.999298e-03	6.603471e-01	
298	2.999299e-03	6.603471e-01	
299	2.999300e-03	6.603471e-01	
300	2.999301e-03	6.603471e-01	
301	2.999302e-03	6.603471e-01	
302	2.999303e-03	6.603471e-01	
303	2.999304e-03	6.603471e-01	
304	2.999305e-03	6.603471e-01	
305	2.999306e-03	6.603471e-01	
306	2.999307e-03	6.603471e-01	
307	2.999308e-03	6.603471e-01	
308	2.999309e-03	6.603471e-01	
309	2.999310e-03	6.603471e-01	
310	2.999311e-03	6.603471e-01	
311	2.999312e-03	6.603471e-01	
312	2.999313e-03	6.603471e-01	
313	2.999314e-03	6.603471e-01	
314	2.999315e-03	6.603471e-01	
315	2.999316e-03	6.603471e-01	
316	2.999317e-03	6.603471e-01	
317	2.999318e-03	6.603471e-01	
318	2.999319e-03	6.603471e-01	
319	2.999320e-03	6.603471e-01	
320	2.999321e-03	6.603471e-01	
321	2.999322e-03	6.603471e-01	
322	2.999323e-03	6.603471e-01	
323	2.999324e-03	6.603471e-01	
324	2.999325e-03	6.603471e-01	
325	2.999326e-03	6.603471e-01	
326	2.999327e-03	6.603471e-01	
327	2.999328e-03	6.603471e-01	
328	2.999329e-03	6.603471e-01	
329	2.999330e-03	6.603471e-01	
330	2.999331e-03	6.603471e-01	
331	2.999332e-03	6.603471e-01	
332	2.999333e-03	6.603471e-01	
333	2.999334e-03	6.603471e-01	
334	2.999335e-03	6.603471e-01	
335	2.999336e-03	6.603471e-01	
336	2.999337e-03	6.603471e-01	
337	2.999338e-03	6.603471e-01	
338	2.999339e-03	6.603471e-01	
339	2.999340e-03	6.603471e-01	
340	2.999341e-03	6.603471e-01	
341	2.999342e-03	6.603471e-01	
342	2.999343e-03	6.603471e-01	
343	2.999344e-03	6.603471e-01	
344	2.999345e-03	6.603471e-01	

Index   time            v(4)            
--------------------------------------------------------------------------------
345	2.999346e-03	6.603471e-01	
346	2.999347e-03	6.603471e-01	
347	2.999348e-03	6.603471e-01	
348	2.999349e-03	6.603471e-01	
349	2.999350e-03	6.603471e-01	
350	2.999351e-03	6.603471e-01	
351	2.999352e-03	6.603471e-01	
352	2.999353e-03	6.603471e-01	
353	2.999354e-03	6.603471e-01	
354	2.999355e-03	6.603471e-01	
355	2.999356e-03	6.603471e-01	
356	2.999357e-03	6.603471e-01	
357	2.999358e-03	6.603471e-01	
358	2.999359e-03	6.603471e-01	
359	2.999360e-03	6.603471e-01	
360	2.999361e-03	6.603471e-01	
361	2.999362e-03	6.603471e-01	
362	2.999363e-03	6.603471e-01	
363	2.999364e-03	6.603471e-01	
364	2.999365e-03	6.603471e-01	
365	2.999366e-03	6.603471e-01	
366	2.999367e-03	6.603471e-01	
367	2.999368e-03	6.603471e-01	
368	2.999369e-03	6.603471e-01	
369	2.999370e-03	6.603471e-01	
370	2.999371e-03	6.603471e-01	
371	2.999372e-03	6.603471e-01	
372	2.999373e-03	6.603471e-01	
373	2.999374e-03	6.603471e-01	
374	2.999375e-03	6.603471e-01	
375	2.999376e-03	6.603471e-01	
376	2.999377e-03	6.603471e-01	
377	2.999378e-03	6.603471e-01	
378	2.999379e-03	6.603471e-01	
379	2.999380e-03	6.603471e-01	
380	2.999381e-03	6.603471e-01	
381	2.999382e-03	6.603471e-01	
382	2.999383e-03	6.603471e-01	
383	2.999384e-03	6.603471e-01	
384	2.999385e-03	6.603471e-01	
385	2.999386e-03	6.603471e-01	
386	2.999387e-03	6.603471e-01	
387	2.999388e-03	6.603471e-01	
388	2.999389e-03	6.603471e-01	
389	2.999390e-03	6.603471e-01	
390	2.999391e-03	6.603471e-01	
391	2.999392e-03	6.603471e-01	
392	2.999393e-03	6.603471e-01	
393	2.999394e-03	6.603471e-01	
394	2.999395e-03	6.603471e-01	
395	2.999396e-03	6.603471e-01	
396	2.999397e-03	6.603471e-01	
397	2.999398e-03	6.603471e-01	
398	2.999399e-03	6.603471e-01	
399	2.999400e-03	6.603471e-01	
400	2.999401e-03	6.603471e-01	
401	2.999402e-03	6.603471e-01	
402	2.999403e-03	6.603471e-01	

Index   time            v(4)            
--------------------------------------------------------------------------------
403	2.999404e-03	6.603471e-01	
404	2.999405e-03	6.603471e-01	
405	2.999406e-03	6.603471e-01	
406	2.999407e-03	6.603471e-01	
407	2.999408e-03	6.603471e-01	
408	2.999409e-03	6.603471e-01	
409	2.999410e-03	6.603471e-01	
410	2.999411e-03	6.603471e-01	
411	2.999412e-03	6.603471e-01	
412	2.999413e-03	6.603471e-01	
413	2.999414e-03	6.603471e-01	
414	2.999415e-03	6.603471e-01	
415	2.999416e-03	6.603471e-01	
416	2.999417e-03	6.603471e-01	
417	2.999418e-03	6.603471e-01	
418	2.999419e-03	6.603471e-01	
419	2.999420e-03	6.603471e-01	
420	2.999421e-03	6.603471e-01	
421	2.999422e-03	6.603471e-01	
422	2.999423e-03	6.603471e-01	
423	2.999424e-03	6.603471e-01	
424	2.999425e-03	6.603471e-01	
425	2.999426e-03	6.603471e-01	
426	2.999427e-03	6.603471e-01	
427	2.999428e-03	6.603471e-01	
428	2.999429e-03	6.603471e-01	
429	2.999430e-03	6.603471e-01	
430	2.999431e-03	6.603471e-01	
431	2.999432e-03	6.603471e-01	
432	2.999433e-03	6.603471e-01	
433	2.999434e-03	6.603471e-01	
434	2.999435e-03	6.603471e-01	
435	2.999436e-03	6.603471e-01	
436	2.999437e-03	6.603471e-01	
437	2.999438e-03	6.603471e-01	
438	2.999439e-03	6.603471e-01	
439	2.999440e-03	6.603471e-01	
440	2.999441e-03	6.603471e-01	
441	2.999442e-03	6.603471e-01	
442	2.999443e-03	6.603471e-01	
443	2.999444e-03	6.603471e-01	
444	2.999445e-03	6.603471e-01	
445	2.999446e-03	6.603471e-01	
446	2.999447e-03	6.603471e-01	
447	2.999448e-03	6.603471e-01	
448	2.999449e-03	6.603471e-01	
449	2.999450e-03	6.603471e-01	
450	2.999451e-03	6.603471e-01	
451	2.999452e-03	6.603471e-01	
452	2.999453e-03	6.603471e-01	
453	2.999454e-03	6.603471e-01	
454	2.999455e-03	6.603471e-01	
455	2.999456e-03	6.603471e-01	
456	2.999457e-03	6.603471e-01	
457	2.999458e-03	6.603471e-01	
458	2.999459e-03	6.603471e-01	
459	2.999460e-03	6.603471e-01	
460	2.999461e-03	6.603471e-01	

Index   time            v(4)            
--------------------------------------------------------------------------------
461	2.999462e-03	6.603471e-01	
462	2.999463e-03	6.603471e-01	
463	2.999464e-03	6.603471e-01	
464	2.999465e-03	6.603471e-01	
465	2.999466e-03	6.603471e-01	
466	2.999467e-03	6.603471e-01	
467	2.999468e-03	6.603471e-01	
468	2.999469e-03	6.603471e-01	
469	2.999470e-03	6.603471e-01	
470	2.999471e-03	6.603471e-01	
471	2.999472e-03	6.603471e-01	
472	2.999473e-03	6.603471e-01	
473	2.999474e-03	6.603471e-01	
474	2.999475e-03	6.603471e-01	
475	2.999476e-03	6.603471e-01	
476	2.999477e-03	6.603471e-01	
477	2.999478e-03	6.603471e-01	
478	2.999479e-03	6.603471e-01	
479	2.999480e-03	6.603471e-01	
480	2.999481e-03	6.603471e-01	
481	2.999482e-03	6.603471e-01	
482	2.999483e-03	6.603471e-01	
483	2.999484e-03	6.603471e-01	
484	2.999485e-03	6.603471e-01	
485	2.999486e-03	6.603471e-01	
486	2.999487e-03	6.603471e-01	
487	2.999488e-03	6.603471e-01	
488	2.999489e-03	6.603471e-01	
489	2.999490e-03	6.603471e-01	
490	2.999491e-03	6.603471e-01	
491	2.999492e-03	6.603471e-01	
492	2.999493e-03	6.603471e-01	
493	2.999494e-03	6.603471e-01	
494	2.999495e-03	6.603471e-01	
495	2.999496e-03	6.603471e-01	
496	2.999497e-03	6.603471e-01	
497	2.999498e-03	6.603471e-01	
498	2.999499e-03	6.603471e-01	
499	2.999500e-03	6.603471e-01	
500	2.999501e-03	6.603471e-01	
501	2.999502e-03	6.603471e-01	
502	2.999503e-03	6.603471e-01	
503	2.999504e-03	6.603471e-01	
504	2.999505e-03	6.603471e-01	
505	2.999506e-03	6.603471e-01	
506	2.999507e-03	6.603471e-01	
507	2.999508e-03	6.603471e-01	
508	2.999509e-03	6.603471e-01	
509	2.999510e-03	6.603471e-01	
510	2.999511e-03	6.603471e-01	
511	2.999512e-03	6.603471e-01	
512	2.999513e-03	6.603471e-01	
513	2.999514e-03	6.603471e-01	
514	2.999515e-03	6.603471e-01	
515	2.999516e-03	6.603471e-01	
516	2.999517e-03	6.603471e-01	
517	2.999518e-03	6.603471e-01	
518	2.999519e-03	6.603471e-01	

Index   time            v(4)            
--------------------------------------------------------------------------------
519	2.999520e-03	6.603471e-01	
520	2.999521e-03	6.603471e-01	
521	2.999522e-03	6.603471e-01	
522	2.999523e-03	6.603471e-01	
523	2.999524e-03	6.603471e-01	
524	2.999525e-03	6.603471e-01	
525	2.999526e-03	6.603471e-01	
526	2.999527e-03	6.603471e-01	
527	2.999528e-03	6.603471e-01	
528	2.999529e-03	6.603471e-01	
529	2.999530e-03	6.603471e-01	
530	2.999531e-03	6.603471e-01	
531	2.999532e-03	6.603471e-01	
532	2.999533e-03	6.603471e-01	
533	2.999534e-03	6.603471e-01	
534	2.999535e-03	6.603471e-01	
535	2.999536e-03	6.603471e-01	
536	2.999537e-03	6.603471e-01	
537	2.999538e-03	6.603471e-01	
538	2.999539e-03	6.603471e-01	
539	2.999540e-03	6.603471e-01	
540	2.999541e-03	6.603471e-01	
541	2.999542e-03	6.603471e-01	
542	2.999543e-03	6.603471e-01	
543	2.999544e-03	6.603471e-01	
544	2.999545e-03	6.603471e-01	
545	2.999546e-03	6.603471e-01	
546	2.999547e-03	6.603471e-01	
547	2.999548e-03	6.603471e-01	
548	2.999549e-03	6.603471e-01	
549	2.999550e-03	6.603471e-01	
550	2.999551e-03	6.603471e-01	
551	2.999552e-03	6.603471e-01	
552	2.999553e-03	6.603471e-01	
553	2.999554e-03	6.603471e-01	
554	2.999555e-03	6.603471e-01	
555	2.999556e-03	6.603471e-01	
556	2.999557e-03	6.603471e-01	
557	2.999558e-03	6.603471e-01	
558	2.999559e-03	6.603471e-01	
559	2.999560e-03	6.603471e-01	
560	2.999561e-03	6.603471e-01	
561	2.999562e-03	6.603471e-01	
562	2.999563e-03	6.603471e-01	
563	2.999564e-03	6.603471e-01	
564	2.999565e-03	6.603471e-01	
565	2.999566e-03	6.603471e-01	
566	2.999567e-03	6.603471e-01	
567	2.999568e-03	6.603471e-01	
568	2.999569e-03	6.603471e-01	
569	2.999570e-03	6.603471e-01	
570	2.999571e-03	6.603471e-01	
571	2.999572e-03	6.603471e-01	
572	2.999573e-03	6.603471e-01	
573	2.999574e-03	6.603471e-01	
574	2.999575e-03	6.603471e-01	
575	2.999576e-03	6.603471e-01	
576	2.999577e-03	6.603471e-01	

Index   time            v(4)            
--------------------------------------------------------------------------------
577	2.999578e-03	6.603471e-01	
578	2.999579e-03	6.603471e-01	
579	2.999580e-03	6.603471e-01	
580	2.999581e-03	6.603471e-01	
581	2.999582e-03	6.603471e-01	
582	2.999583e-03	6.603471e-01	
583	2.999584e-03	6.603471e-01	
584	2.999585e-03	6.603471e-01	
585	2.999586e-03	6.603471e-01	
586	2.999587e-03	6.603471e-01	
587	2.999588e-03	6.603471e-01	
588	2.999589e-03	6.603471e-01	
589	2.999590e-03	6.603471e-01	
590	2.999591e-03	6.603471e-01	
591	2.999592e-03	6.603471e-01	
592	2.999593e-03	6.603471e-01	
593	2.999594e-03	6.603471e-01	
594	2.999595e-03	6.603471e-01	
595	2.999596e-03	6.603471e-01	
596	2.999597e-03	6.603471e-01	
597	2.999598e-03	6.603471e-01	
598	2.999599e-03	6.603471e-01	
599	2.999600e-03	6.603471e-01	
600	2.999601e-03	6.603471e-01	
601	2.999602e-03	6.603471e-01	
602	2.999603e-03	6.603471e-01	
603	2.999604e-03	6.603471e-01	
604	2.999605e-03	6.603471e-01	
605	2.999606e-03	6.603471e-01	
606	2.999607e-03	6.603471e-01	
607	2.999608e-03	6.603471e-01	
608	2.999609e-03	6.603471e-01	
609	2.999610e-03	6.603471e-01	
610	2.999611e-03	6.603471e-01	
611	2.999612e-03	6.603471e-01	
612	2.999613e-03	6.603471e-01	
613	2.999614e-03	6.603471e-01	
614	2.999615e-03	6.603471e-01	
615	2.999616e-03	6.603471e-01	
616	2.999617e-03	6.603471e-01	
617	2.999618e-03	6.603471e-01	
618	2.999619e-03	6.603471e-01	
619	2.999620e-03	6.603471e-01	
620	2.999621e-03	6.603471e-01	
621	2.999622e-03	6.603471e-01	
622	2.999623e-03	6.603471e-01	
623	2.999624e-03	6.603471e-01	
624	2.999625e-03	6.603471e-01	
625	2.999626e-03	6.603471e-01	
626	2.999627e-03	6.603471e-01	
627	2.999628e-03	6.603471e-01	
628	2.999629e-03	6.603471e-01	
629	2.999630e-03	6.603471e-01	
630	2.999631e-03	6.603471e-01	
631	2.999632e-03	6.603471e-01	
632	2.999633e-03	6.603471e-01	
633	2.999634e-03	6.603471e-01	
634	2.999635e-03	6.603471e-01	

Index   time            v(4)            
--------------------------------------------------------------------------------
635	2.999636e-03	6.603471e-01	
636	2.999637e-03	6.603471e-01	
637	2.999638e-03	6.603471e-01	
638	2.999639e-03	6.603471e-01	
639	2.999640e-03	6.603471e-01	
640	2.999641e-03	6.603471e-01	
641	2.999642e-03	6.603471e-01	
642	2.999643e-03	6.603471e-01	
643	2.999644e-03	6.603471e-01	
644	2.999645e-03	6.603471e-01	
645	2.999646e-03	6.603471e-01	
646	2.999647e-03	6.603471e-01	
647	2.999648e-03	6.603471e-01	
648	2.999649e-03	6.603471e-01	
649	2.999650e-03	6.603471e-01	
650	2.999651e-03	6.603471e-01	
651	2.999652e-03	6.603471e-01	
652	2.999653e-03	6.603471e-01	
653	2.999654e-03	6.603471e-01	
654	2.999655e-03	6.603471e-01	
655	2.999656e-03	6.603471e-01	
656	2.999657e-03	6.603471e-01	
657	2.999658e-03	6.603471e-01	
658	2.999659e-03	6.603471e-01	
659	2.999660e-03	6.603471e-01	
660	2.999661e-03	6.603471e-01	
661	2.999662e-03	6.603471e-01	
662	2.999663e-03	6.603471e-01	
663	2.999664e-03	6.603471e-01	
664	2.999665e-03	6.603471e-01	
665	2.999666e-03	6.603471e-01	
666	2.999667e-03	6.603471e-01	
667	2.999668e-03	6.603471e-01	
668	2.999669e-03	6.603471e-01	
669	2.999670e-03	6.603471e-01	
670	2.999671e-03	6.603471e-01	
671	2.999672e-03	6.603471e-01	
672	2.999673e-03	6.603471e-01	
673	2.999674e-03	6.603471e-01	
674	2.999675e-03	6.603471e-01	
675	2.999676e-03	6.603471e-01	
676	2.999677e-03	6.603471e-01	
677	2.999678e-03	6.603471e-01	
678	2.999679e-03	6.603471e-01	
679	2.999680e-03	6.603471e-01	
680	2.999681e-03	6.603471e-01	
681	2.999682e-03	6.603471e-01	
682	2.999683e-03	6.603471e-01	
683	2.999684e-03	6.603471e-01	
684	2.999685e-03	6.603471e-01	
685	2.999686e-03	6.603471e-01	
686	2.999687e-03	6.603471e-01	
687	2.999688e-03	6.603471e-01	
688	2.999689e-03	6.603471e-01	
689	2.999690e-03	6.603471e-01	
690	2.999691e-03	6.603471e-01	
691	2.999692e-03	6.603471e-01	
692	2.999693e-03	6.603471e-01	

Index   time            v(4)            
--------------------------------------------------------------------------------
693	2.999694e-03	6.603471e-01	
694	2.999695e-03	6.603471e-01	
695	2.999696e-03	6.603471e-01	
696	2.999697e-03	6.603471e-01	
697	2.999698e-03	6.603471e-01	
698	2.999699e-03	6.603471e-01	
699	2.999700e-03	6.603471e-01	
700	2.999701e-03	6.603471e-01	
701	2.999702e-03	6.603471e-01	
702	2.999703e-03	6.603471e-01	
703	2.999704e-03	6.603471e-01	
704	2.999705e-03	6.603471e-01	
705	2.999706e-03	6.603471e-01	
706	2.999707e-03	6.603471e-01	
707	2.999708e-03	6.603471e-01	
708	2.999709e-03	6.603471e-01	
709	2.999710e-03	6.603471e-01	
710	2.999711e-03	6.603471e-01	
711	2.999712e-03	6.603471e-01	
712	2.999713e-03	6.603471e-01	
713	2.999714e-03	6.603471e-01	
714	2.999715e-03	6.603471e-01	
715	2.999716e-03	6.603471e-01	
716	2.999717e-03	6.603471e-01	
717	2.999718e-03	6.603471e-01	
718	2.999719e-03	6.603471e-01	
719	2.999720e-03	6.603471e-01	
720	2.999721e-03	6.603471e-01	
721	2.999722e-03	6.603471e-01	
722	2.999723e-03	6.603471e-01	
723	2.999724e-03	6.603471e-01	
724	2.999725e-03	6.603471e-01	
725	2.999726e-03	6.603471e-01	
726	2.999727e-03	6.603471e-01	
727	2.999728e-03	6.603471e-01	
728	2.999729e-03	6.603471e-01	
729	2.999730e-03	6.603471e-01	
730	2.999731e-03	6.603471e-01	
731	2.999732e-03	6.603471e-01	
732	2.999733e-03	6.603471e-01	
733	2.999734e-03	6.603471e-01	
734	2.999735e-03	6.603471e-01	
735	2.999736e-03	6.603471e-01	
736	2.999737e-03	6.603471e-01	
737	2.999738e-03	6.603471e-01	
738	2.999739e-03	6.603471e-01	
739	2.999740e-03	6.603471e-01	
740	2.999741e-03	6.603471e-01	
741	2.999742e-03	6.603471e-01	
742	2.999743e-03	6.603471e-01	
743	2.999744e-03	6.603471e-01	
744	2.999745e-03	6.603471e-01	
745	2.999746e-03	6.603471e-01	
746	2.999747e-03	6.603471e-01	
747	2.999748e-03	6.603471e-01	
748	2.999749e-03	6.603471e-01	
749	2.999750e-03	6.603471e-01	
750	2.999751e-03	6.603471e-01	

Index   time            v(4)            
--------------------------------------------------------------------------------
751	2.999752e-03	6.603471e-01	
752	2.999753e-03	6.603471e-01	
753	2.999754e-03	6.603471e-01	
754	2.999755e-03	6.603471e-01	
755	2.999756e-03	6.603471e-01	
756	2.999757e-03	6.603471e-01	
757	2.999758e-03	6.603471e-01	
758	2.999759e-03	6.603471e-01	
759	2.999760e-03	6.603471e-01	
760	2.999761e-03	6.603471e-01	
761	2.999762e-03	6.603471e-01	
762	2.999763e-03	6.603471e-01	
763	2.999764e-03	6.603471e-01	
764	2.999765e-03	6.603471e-01	
765	2.999766e-03	6.603471e-01	
766	2.999767e-03	6.603471e-01	
767	2.999768e-03	6.603471e-01	
768	2.999769e-03	6.603471e-01	
769	2.999770e-03	6.603471e-01	
770	2.999771e-03	6.603471e-01	
771	2.999772e-03	6.603471e-01	
772	2.999773e-03	6.603471e-01	
773	2.999774e-03	6.603471e-01	
774	2.999775e-03	6.603471e-01	
775	2.999776e-03	6.603471e-01	
776	2.999777e-03	6.603471e-01	
777	2.999778e-03	6.603471e-01	
778	2.999779e-03	6.603471e-01	
779	2.999780e-03	6.603471e-01	
780	2.999781e-03	6.603471e-01	
781	2.999782e-03	6.603471e-01	
782	2.999783e-03	6.603471e-01	
783	2.999784e-03	6.603471e-01	
784	2.999785e-03	6.603471e-01	
785	2.999786e-03	6.603471e-01	
786	2.999787e-03	6.603471e-01	
787	2.999788e-03	6.603471e-01	
788	2.999789e-03	6.603471e-01	
789	2.999790e-03	6.603471e-01	
790	2.999791e-03	6.603471e-01	
791	2.999792e-03	6.603471e-01	
792	2.999793e-03	6.603471e-01	
793	2.999794e-03	6.603471e-01	
794	2.999795e-03	6.603471e-01	
795	2.999796e-03	6.603471e-01	
796	2.999797e-03	6.603471e-01	
797	2.999798e-03	6.603471e-01	
798	2.999799e-03	6.603471e-01	
799	2.999800e-03	6.603471e-01	
800	2.999801e-03	6.603471e-01	
801	2.999802e-03	6.603471e-01	
802	2.999803e-03	6.603471e-01	
803	2.999804e-03	6.603471e-01	
804	2.999805e-03	6.603471e-01	
805	2.999806e-03	6.603471e-01	
806	2.999807e-03	6.603471e-01	
807	2.999808e-03	6.603471e-01	
808	2.999809e-03	6.603471e-01	

Index   time            v(4)            
--------------------------------------------------------------------------------
809	2.999810e-03	6.603471e-01	
810	2.999811e-03	6.603471e-01	
811	2.999812e-03	6.603471e-01	
812	2.999813e-03	6.603471e-01	
813	2.999814e-03	6.603471e-01	
814	2.999815e-03	6.603471e-01	
815	2.999816e-03	6.603471e-01	
816	2.999817e-03	6.603471e-01	
817	2.999818e-03	6.603471e-01	
818	2.999819e-03	6.603471e-01	
819	2.999820e-03	6.603471e-01	
820	2.999821e-03	6.603471e-01	
821	2.999822e-03	6.603471e-01	
822	2.999823e-03	6.603471e-01	
823	2.999824e-03	6.603471e-01	
824	2.999825e-03	6.603471e-01	
825	2.999826e-03	6.603471e-01	
826	2.999827e-03	6.603471e-01	
827	2.999828e-03	6.603471e-01	
828	2.999829e-03	6.603471e-01	
829	2.999830e-03	6.603471e-01	
830	2.999831e-03	6.603471e-01	
831	2.999832e-03	6.603471e-01	
832	2.999833e-03	6.603471e-01	
833	2.999834e-03	6.603471e-01	
834	2.999835e-03	6.603471e-01	
835	2.999836e-03	6.603471e-01	
836	2.999837e-03	6.603471e-01	
837	2.999838e-03	6.603471e-01	
838	2.999839e-03	6.603471e-01	
839	2.999840e-03	6.603471e-01	
840	2.999841e-03	6.603471e-01	
841	2.999842e-03	6.603471e-01	
842	2.999843e-03	6.603471e-01	
843	2.999844e-03	6.603471e-01	
844	2.999845e-03	6.603471e-01	
845	2.999846e-03	6.603471e-01	
846	2.999847e-03	6.603471e-01	
847	2.999848e-03	6.603471e-01	
848	2.999849e-03	6.603471e-01	
849	2.999850e-03	6.603471e-01	
850	2.999851e-03	6.603471e-01	
851	2.999852e-03	6.603471e-01	
852	2.999853e-03	6.603471e-01	
853	2.999854e-03	6.603471e-01	
854	2.999855e-03	6.603471e-01	
855	2.999856e-03	6.603471e-01	
856	2.999857e-03	6.603471e-01	
857	2.999858e-03	6.603471e-01	
858	2.999859e-03	6.603471e-01	
859	2.999860e-03	6.603471e-01	
860	2.999861e-03	6.603471e-01	
861	2.999862e-03	6.603471e-01	
862	2.999863e-03	6.603471e-01	
863	2.999864e-03	6.603471e-01	
864	2.999865e-03	6.603471e-01	
865	2.999866e-03	6.603471e-01	
866	2.999867e-03	6.603471e-01	

Index   time            v(4)            
--------------------------------------------------------------------------------
867	2.999868e-03	6.603471e-01	
868	2.999869e-03	6.603471e-01	
869	2.999870e-03	6.603471e-01	
870	2.999871e-03	6.603471e-01	
871	2.999872e-03	6.603471e-01	
872	2.999873e-03	6.603471e-01	
873	2.999874e-03	6.603471e-01	
874	2.999875e-03	6.603471e-01	
875	2.999876e-03	6.603471e-01	
876	2.999877e-03	6.603471e-01	
877	2.999878e-03	6.603471e-01	
878	2.999879e-03	6.603471e-01	
879	2.999880e-03	6.603471e-01	
880	2.999881e-03	6.603471e-01	
881	2.999882e-03	6.603471e-01	
882	2.999883e-03	6.603471e-01	
883	2.999884e-03	6.603471e-01	
884	2.999885e-03	6.603471e-01	
885	2.999886e-03	6.603471e-01	
886	2.999887e-03	6.603471e-01	
887	2.999888e-03	6.603471e-01	
888	2.999889e-03	6.603471e-01	
889	2.999890e-03	6.603471e-01	
890	2.999891e-03	6.603471e-01	
891	2.999892e-03	6.603471e-01	
892	2.999893e-03	6.603471e-01	
893	2.999894e-03	6.603471e-01	
894	2.999895e-03	6.603471e-01	
895	2.999896e-03	6.603471e-01	
896	2.999897e-03	6.603471e-01	
897	2.999898e-03	6.603471e-01	
898	2.999899e-03	6.603471e-01	
899	2.999900e-03	6.603471e-01	
900	2.999901e-03	6.603471e-01	
901	2.999902e-03	6.603471e-01	
902	2.999903e-03	6.603471e-01	
903	2.999904e-03	6.603471e-01	
904	2.999905e-03	6.603471e-01	
905	2.999906e-03	6.603471e-01	
906	2.999907e-03	6.603471e-01	
907	2.999908e-03	6.603471e-01	
908	2.999909e-03	6.603471e-01	
909	2.999910e-03	6.603471e-01	
910	2.999911e-03	6.603471e-01	
911	2.999912e-03	6.603471e-01	
912	2.999913e-03	6.603471e-01	
913	2.999914e-03	6.603471e-01	
914	2.999915e-03	6.603471e-01	
915	2.999916e-03	6.603471e-01	
916	2.999917e-03	6.603471e-01	
917	2.999918e-03	6.603471e-01	
918	2.999919e-03	6.603471e-01	
919	2.999920e-03	6.603471e-01	
920	2.999921e-03	6.603471e-01	
921	2.999922e-03	6.603471e-01	
922	2.999923e-03	6.603471e-01	
923	2.999924e-03	6.603471e-01	
924	2.999925e-03	6.603471e-01	

Index   time            v(4)            
--------------------------------------------------------------------------------
925	2.999926e-03	6.603471e-01	
926	2.999927e-03	6.603471e-01	
927	2.999928e-03	6.603471e-01	
928	2.999929e-03	6.603471e-01	
929	2.999930e-03	6.603471e-01	
930	2.999931e-03	6.603471e-01	
931	2.999932e-03	6.603471e-01	
932	2.999933e-03	6.603471e-01	
933	2.999934e-03	6.603471e-01	
934	2.999935e-03	6.603471e-01	
935	2.999936e-03	6.603471e-01	
936	2.999937e-03	6.603471e-01	
937	2.999938e-03	6.603471e-01	
938	2.999939e-03	6.603471e-01	
939	2.999940e-03	6.603471e-01	
940	2.999941e-03	6.603471e-01	
941	2.999942e-03	6.603471e-01	
942	2.999943e-03	6.603471e-01	
943	2.999944e-03	6.603471e-01	
944	2.999945e-03	6.603471e-01	
945	2.999946e-03	6.603471e-01	
946	2.999947e-03	6.603471e-01	
947	2.999948e-03	6.603471e-01	
948	2.999949e-03	6.603471e-01	
949	2.999950e-03	6.603471e-01	
950	2.999951e-03	6.603471e-01	
951	2.999952e-03	6.603471e-01	
952	2.999953e-03	6.603471e-01	
953	2.999954e-03	6.603471e-01	
954	2.999955e-03	6.603471e-01	
955	2.999956e-03	6.603471e-01	
956	2.999957e-03	6.603471e-01	
957	2.999958e-03	6.603471e-01	
958	2.999959e-03	6.603471e-01	
959	2.999960e-03	6.603471e-01	
960	2.999961e-03	6.603471e-01	
961	2.999962e-03	6.603471e-01	
962	2.999963e-03	6.603471e-01	
963	2.999964e-03	6.603471e-01	
964	2.999965e-03	6.603471e-01	
965	2.999966e-03	6.603471e-01	
966	2.999967e-03	6.603471e-01	
967	2.999968e-03	6.603471e-01	
968	2.999969e-03	6.603471e-01	
969	2.999970e-03	6.603471e-01	
970	2.999971e-03	6.603471e-01	
971	2.999972e-03	6.603471e-01	
972	2.999973e-03	6.603471e-01	
973	2.999974e-03	6.603471e-01	
974	2.999975e-03	6.603471e-01	
975	2.999976e-03	6.603471e-01	
976	2.999977e-03	6.603471e-01	
977	2.999978e-03	6.603471e-01	
978	2.999979e-03	6.603471e-01	
979	2.999980e-03	6.603471e-01	
980	2.999981e-03	6.603471e-01	
981	2.999982e-03	6.603471e-01	
982	2.999983e-03	6.603471e-01	

Index   time            v(4)            
--------------------------------------------------------------------------------
983	2.999984e-03	6.603471e-01	
984	2.999985e-03	6.603471e-01	
985	2.999986e-03	6.603471e-01	
986	2.999987e-03	6.603471e-01	
987	2.999988e-03	6.603471e-01	
988	2.999989e-03	6.603471e-01	
989	2.999990e-03	6.603471e-01	
990	2.999991e-03	6.603471e-01	
991	2.999992e-03	6.603471e-01	
992	2.999993e-03	6.603471e-01	
993	2.999994e-03	6.603471e-01	
994	2.999995e-03	6.603471e-01	
995	2.999996e-03	6.603471e-01	
996	2.999997e-03	6.603471e-01	
997	2.999998e-03	6.603471e-01	
998	2.999999e-03	6.603471e-01	
999	3.000000e-03	6.603471e-01	
1000	3.000001e-03	6.603471e-01	
1001	3.000001e-03	6.603471e-01	
1002	3.000001e-03	6.602912e-01	
1003	3.000001e-03	6.601789e-01	
1004	3.000001e-03	6.599516e-01	
1005	3.000002e-03	6.594862e-01	
1006	3.000002e-03	6.594818e-01	
1007	3.000002e-03	6.594813e-01	
1008	3.000002e-03	6.594803e-01	
1009	3.000002e-03	6.594783e-01	
1010	3.000002e-03	6.594743e-01	
1011	3.000002e-03	6.594662e-01	
1012	3.000003e-03	6.594501e-01	
1013	3.000003e-03	6.594178e-01	
1014	3.000004e-03	6.593666e-01	
1015	3.000005e-03	6.593154e-01	
1016	3.000006e-03	6.592641e-01	
1017	3.000007e-03	6.592127e-01	
1018	3.000008e-03	6.591613e-01	
1019	3.000009e-03	6.591098e-01	
1020	3.000010e-03	6.590582e-01	
1021	3.000011e-03	6.590066e-01	
1022	3.000012e-03	6.589550e-01	
1023	3.000013e-03	6.589033e-01	
1024	3.000014e-03	6.588515e-01	
1025	3.000015e-03	6.587997e-01	
1026	3.000016e-03	6.587478e-01	
1027	3.000017e-03	6.586958e-01	
1028	3.000018e-03	6.586438e-01	
1029	3.000019e-03	6.585918e-01	
1030	3.000020e-03	6.585396e-01	
1031	3.000021e-03	6.584874e-01	
1032	3.000022e-03	6.584352e-01	
1033	3.000023e-03	6.583829e-01	
1034	3.000024e-03	6.583305e-01	
1035	3.000025e-03	6.582781e-01	
1036	3.000026e-03	6.582256e-01	
1037	3.000027e-03	6.581731e-01	
1038	3.000028e-03	6.581205e-01	
1039	3.000029e-03	6.580678e-01	
1040	3.000030e-03	6.580151e-01	

Index   time            v(4)            
--------------------------------------------------------------------------------
1041	3.000031e-03	6.579623e-01	
1042	3.000032e-03	6.579095e-01	
1043	3.000033e-03	6.578566e-01	
1044	3.000034e-03	6.578036e-01	
1045	3.000035e-03	6.577506e-01	
1046	3.000036e-03	6.576975e-01	
1047	3.000037e-03	6.576443e-01	
1048	3.000038e-03	6.575911e-01	
1049	3.000039e-03	6.575378e-01	
1050	3.000040e-03	6.574845e-01	
1051	3.000041e-03	6.574311e-01	
1052	3.000042e-03	6.573776e-01	
1053	3.000043e-03	6.573241e-01	
1054	3.000044e-03	6.572705e-01	
1055	3.000045e-03	6.572169e-01	
1056	3.000046e-03	6.571632e-01	
1057	3.000047e-03	6.571094e-01	
1058	3.000048e-03	6.570555e-01	
1059	3.000049e-03	6.570016e-01	
1060	3.000050e-03	6.569477e-01	
1061	3.000051e-03	6.568936e-01	
1062	3.000052e-03	6.568396e-01	
1063	3.000053e-03	6.567854e-01	
1064	3.000054e-03	6.567312e-01	
1065	3.000055e-03	6.566769e-01	
1066	3.000056e-03	6.566225e-01	
1067	3.000057e-03	6.565681e-01	
1068	3.000058e-03	6.565136e-01	
1069	3.000059e-03	6.564591e-01	
1070	3.000060e-03	6.564045e-01	
1071	3.000061e-03	6.563498e-01	
1072	3.000062e-03	6.562951e-01	
1073	3.000063e-03	6.562403e-01	
1074	3.000064e-03	6.561854e-01	
1075	3.000065e-03	6.561304e-01	
1076	3.000066e-03	6.560754e-01	
1077	3.000067e-03	6.560204e-01	
1078	3.000068e-03	6.559652e-01	
1079	3.000069e-03	6.559100e-01	
1080	3.000070e-03	6.558547e-01	
1081	3.000071e-03	6.557994e-01	
1082	3.000072e-03	6.557440e-01	
1083	3.000073e-03	6.556885e-01	
1084	3.000074e-03	6.556330e-01	
1085	3.000075e-03	6.555774e-01	
1086	3.000076e-03	6.555217e-01	
1087	3.000077e-03	6.554659e-01	
1088	3.000078e-03	6.554101e-01	
1089	3.000079e-03	6.553542e-01	
1090	3.000080e-03	6.552983e-01	
1091	3.000081e-03	6.552423e-01	
1092	3.000082e-03	6.551862e-01	
1093	3.000083e-03	6.551300e-01	
1094	3.000084e-03	6.550738e-01	
1095	3.000085e-03	6.550175e-01	
1096	3.000086e-03	6.549611e-01	
1097	3.000087e-03	6.549046e-01	
1098	3.000088e-03	6.548481e-01	

Index   time            v(4)            
--------------------------------------------------------------------------------
1099	3.000089e-03	6.547916e-01	
1100	3.000090e-03	6.547349e-01	
1101	3.000091e-03	6.546782e-01	
1102	3.000092e-03	6.546214e-01	
1103	3.000093e-03	6.545645e-01	
1104	3.000094e-03	6.545076e-01	
1105	3.000095e-03	6.544506e-01	
1106	3.000096e-03	6.543935e-01	
1107	3.000097e-03	6.543363e-01	
1108	3.000098e-03	6.542791e-01	
1109	3.000099e-03	6.542218e-01	
1110	3.000100e-03	6.541644e-01	
1111	3.000101e-03	6.541070e-01	
1112	3.000102e-03	6.540495e-01	
1113	3.000103e-03	6.539919e-01	
1114	3.000104e-03	6.539342e-01	
1115	3.000105e-03	6.538765e-01	
1116	3.000106e-03	6.538187e-01	
1117	3.000107e-03	6.537608e-01	
1118	3.000108e-03	6.537028e-01	
1119	3.000109e-03	6.536448e-01	
1120	3.000110e-03	6.535867e-01	
1121	3.000111e-03	6.535285e-01	
1122	3.000112e-03	6.534702e-01	
1123	3.000113e-03	6.534119e-01	
1124	3.000114e-03	6.533535e-01	
1125	3.000115e-03	6.532950e-01	
1126	3.000116e-03	6.532364e-01	
1127	3.000117e-03	6.531778e-01	
1128	3.000118e-03	6.531191e-01	
1129	3.000119e-03	6.530603e-01	
1130	3.000120e-03	6.530014e-01	
1131	3.000121e-03	6.529425e-01	
1132	3.000122e-03	6.528834e-01	
1133	3.000123e-03	6.528243e-01	
1134	3.000124e-03	6.527652e-01	
1135	3.000125e-03	6.527059e-01	
1136	3.000126e-03	6.526466e-01	
1137	3.000127e-03	6.525872e-01	
1138	3.000128e-03	6.525277e-01	
1139	3.000129e-03	6.524681e-01	
1140	3.000130e-03	6.524084e-01	
1141	3.000131e-03	6.523487e-01	
1142	3.000132e-03	6.522889e-01	
1143	3.000133e-03	6.522290e-01	
1144	3.000134e-03	6.521690e-01	
1145	3.000135e-03	6.521090e-01	
1146	3.000136e-03	6.520489e-01	
1147	3.000137e-03	6.519886e-01	
1148	3.000138e-03	6.519284e-01	
1149	3.000139e-03	6.518680e-01	
1150	3.000140e-03	6.518075e-01	
1151	3.000141e-03	6.517470e-01	
1152	3.000142e-03	6.516864e-01	
1153	3.000143e-03	6.516257e-01	
1154	3.000144e-03	6.515649e-01	
1155	3.000145e-03	6.515040e-01	
1156	3.000146e-03	6.514431e-01	

Index   time            v(4)            
--------------------------------------------------------------------------------
1157	3.000147e-03	6.513820e-01	
1158	3.000148e-03	6.513209e-01	
1159	3.000149e-03	6.512597e-01	
1160	3.000150e-03	6.511984e-01	
1161	3.000151e-03	6.511371e-01	
1162	3.000152e-03	6.510756e-01	
1163	3.000153e-03	6.510141e-01	
1164	3.000154e-03	6.509525e-01	
1165	3.000155e-03	6.508908e-01	
1166	3.000156e-03	6.508290e-01	
1167	3.000157e-03	6.507671e-01	
1168	3.000158e-03	6.507051e-01	
1169	3.000159e-03	6.506431e-01	
1170	3.000160e-03	6.505809e-01	
1171	3.000161e-03	6.505187e-01	
1172	3.000162e-03	6.504564e-01	
1173	3.000163e-03	6.503940e-01	
1174	3.000164e-03	6.503315e-01	
1175	3.000165e-03	6.502690e-01	
1176	3.000166e-03	6.502063e-01	
1177	3.000167e-03	6.501435e-01	
1178	3.000168e-03	6.500807e-01	
1179	3.000169e-03	6.500178e-01	
1180	3.000170e-03	6.499548e-01	
1181	3.000171e-03	6.498917e-01	
1182	3.000172e-03	6.498285e-01	
1183	3.000173e-03	6.497652e-01	
1184	3.000174e-03	6.497018e-01	
1185	3.000175e-03	6.496383e-01	
1186	3.000176e-03	6.495748e-01	
1187	3.000177e-03	6.495111e-01	
1188	3.000178e-03	6.494474e-01	
1189	3.000179e-03	6.493836e-01	
1190	3.000180e-03	6.493196e-01	
1191	3.000181e-03	6.492556e-01	
1192	3.000182e-03	6.491915e-01	
1193	3.000183e-03	6.491273e-01	
1194	3.000184e-03	6.490630e-01	
1195	3.000185e-03	6.489987e-01	
1196	3.000186e-03	6.489342e-01	
1197	3.000187e-03	6.488696e-01	
1198	3.000188e-03	6.488049e-01	
1199	3.000189e-03	6.487402e-01	
1200	3.000190e-03	6.486753e-01	
1201	3.000191e-03	6.486104e-01	
1202	3.000192e-03	6.485453e-01	
1203	3.000193e-03	6.484802e-01	
1204	3.000194e-03	6.484149e-01	
1205	3.000195e-03	6.483496e-01	
1206	3.000196e-03	6.482842e-01	
1207	3.000197e-03	6.482186e-01	
1208	3.000198e-03	6.481530e-01	
1209	3.000199e-03	6.480873e-01	
1210	3.000200e-03	6.480215e-01	
1211	3.000201e-03	6.479555e-01	
1212	3.000202e-03	6.478895e-01	
1213	3.000203e-03	6.478234e-01	
1214	3.000204e-03	6.477572e-01	

Index   time            v(4)            
--------------------------------------------------------------------------------
1215	3.000205e-03	6.476909e-01	
1216	3.000206e-03	6.476245e-01	
1217	3.000207e-03	6.475580e-01	
1218	3.000208e-03	6.474913e-01	
1219	3.000209e-03	6.474246e-01	
1220	3.000210e-03	6.473578e-01	
1221	3.000211e-03	6.472909e-01	
1222	3.000212e-03	6.472239e-01	
1223	3.000213e-03	6.471567e-01	
1224	3.000214e-03	6.470895e-01	
1225	3.000215e-03	6.470222e-01	
1226	3.000216e-03	6.469548e-01	
1227	3.000217e-03	6.468872e-01	
1228	3.000218e-03	6.468196e-01	
1229	3.000219e-03	6.467518e-01	
1230	3.000220e-03	6.466840e-01	
1231	3.000221e-03	6.466160e-01	
1232	3.000222e-03	6.465480e-01	
1233	3.000223e-03	6.464798e-01	
1234	3.000224e-03	6.464116e-01	
1235	3.000225e-03	6.463432e-01	
1236	3.000226e-03	6.462747e-01	
1237	3.000227e-03	6.462061e-01	
1238	3.000228e-03	6.461374e-01	
1239	3.000229e-03	6.460686e-01	
1240	3.000230e-03	6.459997e-01	
1241	3.000231e-03	6.459307e-01	
1242	3.000232e-03	6.458616e-01	
1243	3.000233e-03	6.457923e-01	
1244	3.000234e-03	6.457230e-01	
1245	3.000235e-03	6.456535e-01	
1246	3.000236e-03	6.455839e-01	
1247	3.000237e-03	6.455143e-01	
1248	3.000238e-03	6.454445e-01	
1249	3.000239e-03	6.453746e-01	
1250	3.000240e-03	6.453046e-01	
1251	3.000241e-03	6.452344e-01	
1252	3.000242e-03	6.451642e-01	
1253	3.000243e-03	6.450939e-01	
1254	3.000244e-03	6.450234e-01	
1255	3.000245e-03	6.449528e-01	
1256	3.000246e-03	6.448821e-01	
1257	3.000247e-03	6.448113e-01	
1258	3.000248e-03	6.447404e-01	
1259	3.000249e-03	6.446694e-01	
1260	3.000250e-03	6.445982e-01	
1261	3.000251e-03	6.445270e-01	
1262	3.000252e-03	6.444556e-01	
1263	3.000253e-03	6.443841e-01	
1264	3.000254e-03	6.443125e-01	
1265	3.000255e-03	6.442407e-01	
1266	3.000256e-03	6.441689e-01	
1267	3.000257e-03	6.440969e-01	
1268	3.000258e-03	6.440248e-01	
1269	3.000259e-03	6.439526e-01	
1270	3.000260e-03	6.438803e-01	
1271	3.000261e-03	6.438078e-01	
1272	3.000262e-03	6.437353e-01	

Index   time            v(4)            
--------------------------------------------------------------------------------
1273	3.000263e-03	6.436626e-01	
1274	3.000264e-03	6.435898e-01	
1275	3.000265e-03	6.435168e-01	
1276	3.000266e-03	6.434438e-01	
1277	3.000267e-03	6.433706e-01	
1278	3.000268e-03	6.432973e-01	
1279	3.000269e-03	6.432239e-01	
1280	3.000270e-03	6.431503e-01	
1281	3.000271e-03	6.430766e-01	
1282	3.000272e-03	6.430028e-01	
1283	3.000273e-03	6.429289e-01	
1284	3.000274e-03	6.428548e-01	
1285	3.000275e-03	6.427807e-01	
1286	3.000276e-03	6.427064e-01	
1287	3.000277e-03	6.426319e-01	
1288	3.000278e-03	6.425574e-01	
1289	3.000279e-03	6.424827e-01	
1290	3.000280e-03	6.424079e-01	
1291	3.000281e-03	6.423329e-01	
1292	3.000282e-03	6.422578e-01	
1293	3.000283e-03	6.421826e-01	
1294	3.000284e-03	6.421073e-01	
1295	3.000285e-03	6.420318e-01	
1296	3.000286e-03	6.419562e-01	
1297	3.000287e-03	6.418805e-01	
1298	3.000288e-03	6.418046e-01	
1299	3.000289e-03	6.417286e-01	
1300	3.000290e-03	6.416525e-01	
1301	3.000291e-03	6.415763e-01	
1302	3.000292e-03	6.414999e-01	
1303	3.000293e-03	6.414233e-01	
1304	3.000294e-03	6.413466e-01	
1305	3.000295e-03	6.412698e-01	
1306	3.000296e-03	6.411929e-01	
1307	3.000297e-03	6.411158e-01	
1308	3.000298e-03	6.410386e-01	
1309	3.000299e-03	6.409612e-01	
1310	3.000300e-03	6.408838e-01	
1311	3.000301e-03	6.408061e-01	
1312	3.000302e-03	6.407283e-01	
1313	3.000303e-03	6.406504e-01	
1314	3.000304e-03	6.405724e-01	
1315	3.000305e-03	6.404942e-01	
1316	3.000306e-03	6.404158e-01	
1317	3.000307e-03	6.403374e-01	
1318	3.000308e-03	6.402587e-01	
1319	3.000309e-03	6.401800e-01	
1320	3.000310e-03	6.401011e-01	
1321	3.000311e-03	6.400220e-01	
1322	3.000312e-03	6.399428e-01	
1323	3.000313e-03	6.398635e-01	
1324	3.000314e-03	6.397840e-01	
1325	3.000315e-03	6.397043e-01	
1326	3.000316e-03	6.396245e-01	
1327	3.000317e-03	6.395446e-01	
1328	3.000318e-03	6.394645e-01	
1329	3.000319e-03	6.393843e-01	
1330	3.000320e-03	6.393039e-01	

Index   time            v(4)            
--------------------------------------------------------------------------------
1331	3.000321e-03	6.392234e-01	
1332	3.000322e-03	6.391427e-01	
1333	3.000323e-03	6.390618e-01	
1334	3.000324e-03	6.389808e-01	
1335	3.000325e-03	6.388997e-01	
1336	3.000326e-03	6.388184e-01	
1337	3.000327e-03	6.387370e-01	
1338	3.000328e-03	6.386553e-01	
1339	3.000329e-03	6.385736e-01	
1340	3.000330e-03	6.384917e-01	
1341	3.000331e-03	6.384096e-01	
1342	3.000332e-03	6.383274e-01	
1343	3.000333e-03	6.382450e-01	
1344	3.000334e-03	6.381624e-01	
1345	3.000335e-03	6.380797e-01	
1346	3.000336e-03	6.379969e-01	
1347	3.000337e-03	6.379138e-01	
1348	3.000338e-03	6.378306e-01	
1349	3.000339e-03	6.377473e-01	
1350	3.000340e-03	6.376638e-01	
1351	3.000341e-03	6.375801e-01	
1352	3.000342e-03	6.374963e-01	
1353	3.000343e-03	6.374123e-01	
1354	3.000344e-03	6.373281e-01	
1355	3.000345e-03	6.372438e-01	
1356	3.000346e-03	6.371593e-01	
1357	3.000347e-03	6.370746e-01	
1358	3.000348e-03	6.369897e-01	
1359	3.000349e-03	6.369047e-01	
1360	3.000350e-03	6.368196e-01	
1361	3.000351e-03	6.367342e-01	
1362	3.000352e-03	6.366487e-01	
1363	3.000353e-03	6.365630e-01	
1364	3.000354e-03	6.364772e-01	
1365	3.000355e-03	6.363911e-01	
1366	3.000356e-03	6.363049e-01	
1367	3.000357e-03	6.362185e-01	
1368	3.000358e-03	6.361320e-01	
1369	3.000359e-03	6.360452e-01	
1370	3.000360e-03	6.359583e-01	
1371	3.000361e-03	6.358712e-01	
1372	3.000362e-03	6.357840e-01	
1373	3.000363e-03	6.356965e-01	
1374	3.000364e-03	6.356089e-01	
1375	3.000365e-03	6.355211e-01	
1376	3.000366e-03	6.354331e-01	
1377	3.000367e-03	6.353449e-01	
1378	3.000368e-03	6.352566e-01	
1379	3.000369e-03	6.351681e-01	
1380	3.000370e-03	6.350793e-01	
1381	3.000371e-03	6.349904e-01	
1382	3.000372e-03	6.349013e-01	
1383	3.000373e-03	6.348121e-01	
1384	3.000374e-03	6.347226e-01	
1385	3.000375e-03	6.346329e-01	
1386	3.000376e-03	6.345431e-01	
1387	3.000377e-03	6.344530e-01	
1388	3.000378e-03	6.343628e-01	

Index   time            v(4)            
--------------------------------------------------------------------------------
1389	3.000379e-03	6.342724e-01	
1390	3.000380e-03	6.341818e-01	
1391	3.000381e-03	6.340910e-01	
1392	3.000382e-03	6.340000e-01	
1393	3.000383e-03	6.339088e-01	
1394	3.000384e-03	6.338174e-01	
1395	3.000385e-03	6.337258e-01	
1396	3.000386e-03	6.336340e-01	
1397	3.000387e-03	6.335420e-01	
1398	3.000388e-03	6.334498e-01	
1399	3.000389e-03	6.333574e-01	
1400	3.000390e-03	6.332648e-01	
1401	3.000391e-03	6.331721e-01	
1402	3.000392e-03	6.330791e-01	
1403	3.000393e-03	6.329858e-01	
1404	3.000394e-03	6.328924e-01	
1405	3.000395e-03	6.327988e-01	
1406	3.000396e-03	6.327050e-01	
1407	3.000397e-03	6.326110e-01	
1408	3.000398e-03	6.325167e-01	
1409	3.000399e-03	6.324223e-01	
1410	3.000400e-03	6.323276e-01	
1411	3.000401e-03	6.322327e-01	
1412	3.000402e-03	6.321376e-01	
1413	3.000403e-03	6.320423e-01	
1414	3.000404e-03	6.319468e-01	
1415	3.000405e-03	6.318511e-01	
1416	3.000406e-03	6.317551e-01	
1417	3.000407e-03	6.316589e-01	
1418	3.000408e-03	6.315626e-01	
1419	3.000409e-03	6.314659e-01	
1420	3.000410e-03	6.313691e-01	
1421	3.000411e-03	6.312720e-01	
1422	3.000412e-03	6.311748e-01	
1423	3.000413e-03	6.310773e-01	
1424	3.000414e-03	6.309795e-01	
1425	3.000415e-03	6.308816e-01	
1426	3.000416e-03	6.307834e-01	
1427	3.000417e-03	6.306849e-01	
1428	3.000418e-03	6.305863e-01	
1429	3.000419e-03	6.304874e-01	
1430	3.000420e-03	6.303883e-01	
1431	3.000421e-03	6.302889e-01	
1432	3.000422e-03	6.301894e-01	
1433	3.000423e-03	6.300895e-01	
1434	3.000424e-03	6.299895e-01	
1435	3.000425e-03	6.298892e-01	
1436	3.000426e-03	6.297886e-01	
1437	3.000427e-03	6.296879e-01	
1438	3.000428e-03	6.295868e-01	
1439	3.000429e-03	6.294856e-01	
1440	3.000430e-03	6.293841e-01	
1441	3.000431e-03	6.292823e-01	
1442	3.000432e-03	6.291803e-01	
1443	3.000433e-03	6.290780e-01	
1444	3.000434e-03	6.289755e-01	
1445	3.000435e-03	6.288728e-01	
1446	3.000436e-03	6.287698e-01	

Index   time            v(4)            
--------------------------------------------------------------------------------
1447	3.000437e-03	6.286665e-01	
1448	3.000438e-03	6.285630e-01	
1449	3.000439e-03	6.284592e-01	
1450	3.000440e-03	6.283552e-01	
1451	3.000441e-03	6.282509e-01	
1452	3.000442e-03	6.281464e-01	
1453	3.000443e-03	6.280416e-01	
1454	3.000444e-03	6.279365e-01	
1455	3.000445e-03	6.278311e-01	
1456	3.000446e-03	6.277255e-01	
1457	3.000447e-03	6.276197e-01	
1458	3.000448e-03	6.275135e-01	
1459	3.000449e-03	6.274071e-01	
1460	3.000450e-03	6.273004e-01	
1461	3.000451e-03	6.271935e-01	
1462	3.000452e-03	6.270862e-01	
1463	3.000453e-03	6.269787e-01	
1464	3.000454e-03	6.268710e-01	
1465	3.000455e-03	6.267629e-01	
1466	3.000456e-03	6.266545e-01	
1467	3.000457e-03	6.265459e-01	
1468	3.000458e-03	6.264370e-01	
1469	3.000459e-03	6.263278e-01	
1470	3.000460e-03	6.262183e-01	
1471	3.000461e-03	6.261086e-01	
1472	3.000462e-03	6.259985e-01	
1473	3.000463e-03	6.258881e-01	
1474	3.000464e-03	6.257775e-01	
1475	3.000465e-03	6.256666e-01	
1476	3.000466e-03	6.255553e-01	
1477	3.000467e-03	6.254438e-01	
1478	3.000468e-03	6.253320e-01	
1479	3.000469e-03	6.252198e-01	
1480	3.000470e-03	6.251074e-01	
1481	3.000471e-03	6.249946e-01	
1482	3.000472e-03	6.248816e-01	
1483	3.000473e-03	6.247682e-01	
1484	3.000474e-03	6.246546e-01	
1485	3.000475e-03	6.245406e-01	
1486	3.000476e-03	6.244263e-01	
1487	3.000477e-03	6.243117e-01	
1488	3.000478e-03	6.241968e-01	
1489	3.000479e-03	6.240815e-01	
1490	3.000480e-03	6.239659e-01	
1491	3.000481e-03	6.238501e-01	
1492	3.000482e-03	6.237338e-01	
1493	3.000483e-03	6.236173e-01	
1494	3.000484e-03	6.235004e-01	
1495	3.000485e-03	6.233832e-01	
1496	3.000486e-03	6.232657e-01	
1497	3.000487e-03	6.231478e-01	
1498	3.000488e-03	6.230296e-01	
1499	3.000489e-03	6.229111e-01	
1500	3.000490e-03	6.227922e-01	
1501	3.000491e-03	6.226730e-01	
1502	3.000492e-03	6.225534e-01	
1503	3.000493e-03	6.224335e-01	
1504	3.000494e-03	6.223133e-01	

Index   time            v(4)            
--------------------------------------------------------------------------------
1505	3.000495e-03	6.221926e-01	
1506	3.000496e-03	6.220717e-01	
1507	3.000497e-03	6.219504e-01	
1508	3.000498e-03	6.218287e-01	
1509	3.000499e-03	6.217066e-01	
1510	3.000500e-03	6.215842e-01	
1511	3.000501e-03	6.214615e-01	
1512	3.000502e-03	6.213384e-01	
1513	3.000503e-03	6.212149e-01	
1514	3.000504e-03	6.210910e-01	
1515	3.000505e-03	6.209668e-01	
1516	3.000506e-03	6.208421e-01	
1517	3.000507e-03	6.207171e-01	
1518	3.000508e-03	6.205918e-01	
1519	3.000509e-03	6.204660e-01	
1520	3.000510e-03	6.203399e-01	
1521	3.000511e-03	6.202134e-01	
1522	3.000512e-03	6.200864e-01	
1523	3.000513e-03	6.199591e-01	
1524	3.000514e-03	6.198314e-01	
1525	3.000515e-03	6.197033e-01	
1526	3.000516e-03	6.195748e-01	
1527	3.000517e-03	6.194459e-01	
1528	3.000518e-03	6.193166e-01	
1529	3.000519e-03	6.191869e-01	
1530	3.000520e-03	6.190568e-01	
1531	3.000521e-03	6.189262e-01	
1532	3.000522e-03	6.187953e-01	
1533	3.000523e-03	6.186639e-01	
1534	3.000524e-03	6.185321e-01	
1535	3.000525e-03	6.183999e-01	
1536	3.000526e-03	6.182672e-01	
1537	3.000527e-03	6.181342e-01	
1538	3.000528e-03	6.180007e-01	
1539	3.000529e-03	6.178667e-01	
1540	3.000530e-03	6.177323e-01	
1541	3.000531e-03	6.175975e-01	
1542	3.000532e-03	6.174623e-01	
1543	3.000533e-03	6.173265e-01	
1544	3.000534e-03	6.171904e-01	
1545	3.000535e-03	6.170537e-01	
1546	3.000536e-03	6.169167e-01	
1547	3.000537e-03	6.167791e-01	
1548	3.000538e-03	6.166411e-01	
1549	3.000539e-03	6.165027e-01	
1550	3.000540e-03	6.163637e-01	
1551	3.000541e-03	6.162243e-01	
1552	3.000542e-03	6.160844e-01	
1553	3.000543e-03	6.159441e-01	
1554	3.000544e-03	6.158032e-01	
1555	3.000545e-03	6.156619e-01	
1556	3.000546e-03	6.155201e-01	
1557	3.000547e-03	6.153777e-01	
1558	3.000548e-03	6.152349e-01	
1559	3.000549e-03	6.150916e-01	
1560	3.000550e-03	6.149478e-01	
1561	3.000551e-03	6.148035e-01	
1562	3.000552e-03	6.146586e-01	

Index   time            v(4)            
--------------------------------------------------------------------------------
1563	3.000553e-03	6.145133e-01	
1564	3.000554e-03	6.143674e-01	
1565	3.000555e-03	6.142210e-01	
1566	3.000556e-03	6.140740e-01	
1567	3.000557e-03	6.139266e-01	
1568	3.000558e-03	6.137786e-01	
1569	3.000559e-03	6.136301e-01	
1570	3.000560e-03	6.134810e-01	
1571	3.000561e-03	6.133314e-01	
1572	3.000562e-03	6.131812e-01	
1573	3.000563e-03	6.130305e-01	
1574	3.000564e-03	6.128792e-01	
1575	3.000565e-03	6.127273e-01	
1576	3.000566e-03	6.125749e-01	
1577	3.000567e-03	6.124219e-01	
1578	3.000568e-03	6.122683e-01	
1579	3.000569e-03	6.121142e-01	
1580	3.000570e-03	6.119594e-01	
1581	3.000571e-03	6.118041e-01	
1582	3.000572e-03	6.116482e-01	
1583	3.000573e-03	6.114916e-01	
1584	3.000574e-03	6.113345e-01	
1585	3.000575e-03	6.111768e-01	
1586	3.000576e-03	6.110184e-01	
1587	3.000577e-03	6.108594e-01	
1588	3.000578e-03	6.106998e-01	
1589	3.000579e-03	6.105396e-01	
1590	3.000580e-03	6.103787e-01	
1591	3.000581e-03	6.102172e-01	
1592	3.000582e-03	6.100551e-01	
1593	3.000583e-03	6.098923e-01	
1594	3.000584e-03	6.097288e-01	
1595	3.000585e-03	6.095647e-01	
1596	3.000586e-03	6.093999e-01	
1597	3.000587e-03	6.092344e-01	
1598	3.000588e-03	6.090683e-01	
1599	3.000589e-03	6.089015e-01	
1600	3.000590e-03	6.087340e-01	
1601	3.000591e-03	6.085657e-01	
1602	3.000592e-03	6.083968e-01	
1603	3.000593e-03	6.082272e-01	
1604	3.000594e-03	6.080569e-01	
1605	3.000595e-03	6.078858e-01	
1606	3.000596e-03	6.077140e-01	
1607	3.000597e-03	6.075415e-01	
1608	3.000598e-03	6.073683e-01	
1609	3.000599e-03	6.071943e-01	
1610	3.000600e-03	6.070195e-01	
1611	3.000601e-03	6.068440e-01	
1612	3.000602e-03	6.066677e-01	
1613	3.000603e-03	6.064907e-01	
1614	3.000604e-03	6.063129e-01	
1615	3.000605e-03	6.061342e-01	
1616	3.000606e-03	6.059548e-01	
1617	3.000607e-03	6.057746e-01	
1618	3.000608e-03	6.055936e-01	
1619	3.000609e-03	6.054118e-01	
1620	3.000610e-03	6.052291e-01	

Index   time            v(4)            
--------------------------------------------------------------------------------
1621	3.000611e-03	6.050456e-01	
1622	3.000612e-03	6.048613e-01	
1623	3.000613e-03	6.046761e-01	
1624	3.000614e-03	6.044901e-01	
1625	3.000615e-03	6.043032e-01	
1626	3.000616e-03	6.041154e-01	
1627	3.000617e-03	6.039267e-01	
1628	3.000618e-03	6.037372e-01	
1629	3.000619e-03	6.035468e-01	
1630	3.000620e-03	6.033554e-01	
1631	3.000621e-03	6.031632e-01	
1632	3.000622e-03	6.029700e-01	
1633	3.000623e-03	6.027759e-01	
1634	3.000624e-03	6.025808e-01	
1635	3.000625e-03	6.023848e-01	
1636	3.000626e-03	6.021879e-01	
1637	3.000627e-03	6.019899e-01	
1638	3.000628e-03	6.017910e-01	
1639	3.000629e-03	6.015911e-01	
1640	3.000630e-03	6.013902e-01	
1641	3.000631e-03	6.011883e-01	
1642	3.000632e-03	6.009853e-01	
1643	3.000633e-03	6.007814e-01	
1644	3.000634e-03	6.005764e-01	
1645	3.000635e-03	6.003703e-01	
1646	3.000636e-03	6.001632e-01	
1647	3.000637e-03	5.999550e-01	
1648	3.000638e-03	5.997457e-01	
1649	3.000639e-03	5.995353e-01	
1650	3.000640e-03	5.993238e-01	
1651	3.000641e-03	5.991111e-01	
1652	3.000642e-03	5.988974e-01	
1653	3.000643e-03	5.986825e-01	
1654	3.000644e-03	5.984664e-01	
1655	3.000645e-03	5.982491e-01	
1656	3.000646e-03	5.980307e-01	
1657	3.000647e-03	5.978111e-01	
1658	3.000648e-03	5.975902e-01	
1659	3.000649e-03	5.973682e-01	
1660	3.000650e-03	5.971448e-01	
1661	3.000651e-03	5.969203e-01	
1662	3.000652e-03	5.966944e-01	
1663	3.000653e-03	5.964673e-01	
1664	3.000654e-03	5.962389e-01	
1665	3.000655e-03	5.960092e-01	
1666	3.000656e-03	5.957781e-01	
1667	3.000657e-03	5.955457e-01	
1668	3.000658e-03	5.953119e-01	
1669	3.000659e-03	5.950768e-01	
1670	3.000660e-03	5.948402e-01	
1671	3.000661e-03	5.946023e-01	
1672	3.000662e-03	5.943629e-01	
1673	3.000663e-03	5.941220e-01	
1674	3.000664e-03	5.938797e-01	
1675	3.000665e-03	5.936360e-01	
1676	3.000666e-03	5.933907e-01	
1677	3.000667e-03	5.931439e-01	
1678	3.000668e-03	5.928955e-01	

Index   time            v(4)            
--------------------------------------------------------------------------------
1679	3.000669e-03	5.926456e-01	
1680	3.000670e-03	5.923942e-01	
1681	3.000671e-03	5.921411e-01	
1682	3.000672e-03	5.918864e-01	
1683	3.000673e-03	5.916300e-01	
1684	3.000674e-03	5.913720e-01	
1685	3.000675e-03	5.911123e-01	
1686	3.000676e-03	5.908509e-01	
1687	3.000677e-03	5.905878e-01	
1688	3.000678e-03	5.903229e-01	
1689	3.000679e-03	5.900562e-01	
1690	3.000680e-03	5.897878e-01	
1691	3.000681e-03	5.895175e-01	
1692	3.000682e-03	5.892453e-01	
1693	3.000683e-03	5.889713e-01	
1694	3.000684e-03	5.886954e-01	
1695	3.000685e-03	5.884175e-01	
1696	3.000686e-03	5.881377e-01	
1697	3.000687e-03	5.878558e-01	
1698	3.000688e-03	5.875720e-01	
1699	3.000689e-03	5.872861e-01	
1700	3.000690e-03	5.869981e-01	
1701	3.000691e-03	5.867081e-01	
1702	3.000692e-03	5.864159e-01	
1703	3.000693e-03	5.861215e-01	
1704	3.000694e-03	5.858249e-01	
1705	3.000695e-03	5.855260e-01	
1706	3.000696e-03	5.852249e-01	
1707	3.000697e-03	5.849215e-01	
1708	3.000698e-03	5.846158e-01	
1709	3.000699e-03	5.843076e-01	
1710	3.000700e-03	5.839971e-01	
1711	3.000701e-03	5.836840e-01	
1712	3.000702e-03	5.833685e-01	
1713	3.000703e-03	5.830504e-01	
1714	3.000704e-03	5.827298e-01	
1715	3.000705e-03	5.824065e-01	
1716	3.000706e-03	5.820806e-01	
1717	3.000707e-03	5.817519e-01	
1718	3.000708e-03	5.814205e-01	
1719	3.000709e-03	5.810863e-01	
1720	3.000710e-03	5.807492e-01	
1721	3.000711e-03	5.804092e-01	
1722	3.000712e-03	5.800663e-01	
1723	3.000713e-03	5.797203e-01	
1724	3.000714e-03	5.793713e-01	
1725	3.000715e-03	5.790192e-01	
1726	3.000716e-03	5.786639e-01	
1727	3.000717e-03	5.783053e-01	
1728	3.000718e-03	5.779435e-01	
1729	3.000719e-03	5.775783e-01	
1730	3.000720e-03	5.772097e-01	
1731	3.000721e-03	5.768376e-01	
1732	3.000722e-03	5.764619e-01	
1733	3.000723e-03	5.760827e-01	
1734	3.000724e-03	5.756997e-01	
1735	3.000725e-03	5.753130e-01	
1736	3.000726e-03	5.749224e-01	

Index   time            v(4)            
--------------------------------------------------------------------------------
1737	3.000727e-03	5.745279e-01	
1738	3.000728e-03	5.741294e-01	
1739	3.000729e-03	5.737268e-01	
1740	3.000730e-03	5.733201e-01	
1741	3.000731e-03	5.729091e-01	
1742	3.000732e-03	5.724937e-01	
1743	3.000733e-03	5.720739e-01	
1744	3.000734e-03	5.716496e-01	
1745	3.000735e-03	5.712206e-01	
1746	3.000736e-03	5.707869e-01	
1747	3.000737e-03	5.703483e-01	
1748	3.000738e-03	5.699048e-01	
1749	3.000739e-03	5.694562e-01	
1750	3.000740e-03	5.690024e-01	
1751	3.000741e-03	5.685433e-01	
1752	3.000742e-03	5.680787e-01	
1753	3.000743e-03	5.676086e-01	
1754	3.000744e-03	5.671328e-01	
1755	3.000745e-03	5.666511e-01	
1756	3.000746e-03	5.661634e-01	
1757	3.000747e-03	5.656695e-01	
1758	3.000748e-03	5.651694e-01	
1759	3.000749e-03	5.646627e-01	
1760	3.000750e-03	5.641494e-01	
1761	3.000751e-03	5.636293e-01	
1762	3.000752e-03	5.631022e-01	
1763	3.000753e-03	5.625679e-01	
1764	3.000754e-03	5.620261e-01	
1765	3.000755e-03	5.614768e-01	
1766	3.000756e-03	5.609196e-01	
1767	3.000757e-03	5.603544e-01	
1768	3.000758e-03	5.597808e-01	
1769	3.000759e-03	5.591987e-01	
1770	3.000760e-03	5.586078e-01	
1771	3.000761e-03	5.580078e-01	
1772	3.000762e-03	5.573984e-01	
1773	3.000763e-03	5.567794e-01	
1774	3.000764e-03	5.561504e-01	
1775	3.000765e-03	5.555111e-01	
1776	3.000766e-03	5.548611e-01	
1777	3.000767e-03	5.542001e-01	
1778	3.000768e-03	5.535277e-01	
1779	3.000769e-03	5.528435e-01	
1780	3.000770e-03	5.521470e-01	
1781	3.000771e-03	5.514379e-01	
1782	3.000772e-03	5.507157e-01	
1783	3.000773e-03	5.499797e-01	
1784	3.000774e-03	5.492296e-01	
1785	3.000775e-03	5.484648e-01	
1786	3.000776e-03	5.476847e-01	
1787	3.000777e-03	5.468885e-01	
1788	3.000778e-03	5.460758e-01	
1789	3.000779e-03	5.452457e-01	
1790	3.000780e-03	5.443975e-01	
1791	3.000781e-03	5.435304e-01	
1792	3.000782e-03	5.426435e-01	
1793	3.000783e-03	5.417359e-01	
1794	3.000784e-03	5.408066e-01	

Index   time            v(4)            
--------------------------------------------------------------------------------
1795	3.000785e-03	5.398545e-01	
1796	3.000786e-03	5.388785e-01	
1797	3.000787e-03	5.378774e-01	
1798	3.000788e-03	5.368498e-01	
1799	3.000789e-03	5.357943e-01	
1800	3.000790e-03	5.347092e-01	
1801	3.000791e-03	5.335930e-01	
1802	3.000792e-03	5.324437e-01	
1803	3.000793e-03	5.312594e-01	
1804	3.000794e-03	5.300377e-01	
1805	3.000795e-03	5.287764e-01	
1806	3.000796e-03	5.274727e-01	
1807	3.000797e-03	5.261237e-01	
1808	3.000798e-03	5.247261e-01	
1809	3.000799e-03	5.232762e-01	
1810	3.000800e-03	5.217700e-01	
1811	3.000801e-03	5.202030e-01	
1812	3.000802e-03	5.185700e-01	
1813	3.000803e-03	5.168652e-01	
1814	3.000804e-03	5.150821e-01	
1815	3.000805e-03	5.132130e-01	
1816	3.000806e-03	5.112493e-01	
1817	3.000807e-03	5.091808e-01	
1818	3.000808e-03	5.069958e-01	
1819	3.000809e-03	5.046805e-01	
1820	3.000810e-03	5.022182e-01	
1821	3.000811e-03	4.995891e-01	
1822	3.000812e-03	4.967690e-01	
1823	3.000813e-03	4.937281e-01	
1824	3.000814e-03	4.904290e-01	
1825	3.000815e-03	4.868240e-01	
1826	3.000816e-03	4.828510e-01	
1827	3.000817e-03	4.784267e-01	
1828	3.000818e-03	4.734367e-01	
1829	3.000819e-03	4.677168e-01	
1830	3.000820e-03	4.610203e-01	
1831	3.000821e-03	4.529531e-01	
1832	3.000822e-03	4.428295e-01	
1833	3.000823e-03	4.293061e-01	
1834	3.000824e-03	4.086272e-01	
1835	3.000825e-03	3.653346e-01	
1836	3.000826e-03	1.352438e-01	
1837	3.000827e-03	-2.28505e-01	
1838	3.000828e-03	-4.95098e-01	
1839	3.000829e-03	-6.77093e-01	
1840	3.000830e-03	-7.96414e-01	
1841	3.000831e-03	-8.72774e-01	
1842	3.000832e-03	-9.20871e-01	
1843	3.000833e-03	-9.50907e-01	
1844	3.000834e-03	-9.69622e-01	
1845	3.000835e-03	-9.81234e-01	
1846	3.000836e-03	-9.88419e-01	
1847	3.000837e-03	-9.92858e-01	
1848	3.000838e-03	-9.95597e-01	
1849	3.000839e-03	-9.97286e-01	
1850	3.000840e-03	-9.98328e-01	
1851	3.000841e-03	-9.98970e-01	
1852	3.000842e-03	-9.99365e-01	

Index   time            v(4)            
--------------------------------------------------------------------------------
1853	3.000843e-03	-9.99609e-01	
1854	3.000844e-03	-9.99759e-01	
1855	3.000845e-03	-9.99852e-01	
1856	3.000846e-03	-9.99909e-01	
1857	3.000847e-03	-9.99944e-01	
1858	3.000848e-03	-9.99965e-01	
1859	3.000849e-03	-9.99979e-01	
1860	3.000850e-03	-9.99987e-01	
1861	3.000851e-03	-9.99992e-01	
1862	3.000852e-03	-9.99995e-01	
1863	3.000853e-03	-9.99997e-01	
1864	3.000854e-03	-9.99998e-01	
1865	3.000855e-03	-9.99999e-01	
1866	3.000856e-03	-9.99999e-01	
1867	3.000857e-03	-1.00000e+00	
1868	3.000858e-03	-1.00000e+00	
1869	3.000859e-03	-1.00000e+00	
1870	3.000860e-03	-1.00000e+00	
1871	3.000861e-03	-1.00000e+00	
1872	3.000862e-03	-1.00000e+00	
1873	3.000863e-03	-1.00000e+00	
1874	3.000864e-03	-1.00000e+00	
1875	3.000865e-03	-1.00000e+00	
1876	3.000866e-03	-1.00000e+00	
1877	3.000867e-03	-1.00000e+00	
1878	3.000868e-03	-1.00000e+00	
1879	3.000869e-03	-1.00000e+00	
1880	3.000870e-03	-1.00000e+00	
1881	3.000871e-03	-1.00000e+00	
1882	3.000872e-03	-1.00000e+00	
1883	3.000873e-03	-1.00000e+00	
1884	3.000874e-03	-1.00000e+00	
1885	3.000875e-03	-1.00000e+00	
1886	3.000876e-03	-1.00000e+00	
1887	3.000877e-03	-1.00000e+00	
1888	3.000878e-03	-1.00000e+00	
1889	3.000879e-03	-1.00000e+00	
1890	3.000880e-03	-1.00000e+00	
1891	3.000881e-03	-1.00000e+00	
1892	3.000882e-03	-1.00000e+00	
1893	3.000883e-03	-1.00000e+00	
1894	3.000884e-03	-1.00000e+00	
1895	3.000885e-03	-1.00000e+00	
1896	3.000886e-03	-1.00000e+00	
1897	3.000887e-03	-1.00000e+00	
1898	3.000888e-03	-1.00000e+00	
1899	3.000889e-03	-1.00000e+00	
1900	3.000890e-03	-1.00000e+00	
1901	3.000891e-03	-1.00000e+00	
1902	3.000892e-03	-1.00000e+00	
1903	3.000893e-03	-1.00000e+00	
1904	3.000894e-03	-1.00000e+00	
1905	3.000895e-03	-1.00000e+00	
1906	3.000896e-03	-1.00000e+00	
1907	3.000897e-03	-1.00000e+00	
1908	3.000898e-03	-1.00000e+00	
1909	3.000899e-03	-1.00000e+00	
1910	3.000900e-03	-1.00000e+00	

Index   time            v(4)            
--------------------------------------------------------------------------------
1911	3.000901e-03	-1.00000e+00	
1912	3.000902e-03	-1.00000e+00	
1913	3.000903e-03	-1.00000e+00	
1914	3.000904e-03	-1.00000e+00	
1915	3.000905e-03	-1.00000e+00	
1916	3.000906e-03	-1.00000e+00	
1917	3.000907e-03	-1.00000e+00	
1918	3.000908e-03	-1.00000e+00	
1919	3.000909e-03	-1.00000e+00	
1920	3.000910e-03	-1.00000e+00	
1921	3.000911e-03	-1.00000e+00	
1922	3.000912e-03	-1.00000e+00	
1923	3.000913e-03	-1.00000e+00	
1924	3.000914e-03	-1.00000e+00	
1925	3.000915e-03	-1.00000e+00	
1926	3.000916e-03	-1.00000e+00	
1927	3.000917e-03	-1.00000e+00	
1928	3.000918e-03	-1.00000e+00	
1929	3.000919e-03	-1.00000e+00	
1930	3.000920e-03	-1.00000e+00	
1931	3.000921e-03	-1.00000e+00	
1932	3.000922e-03	-1.00000e+00	
1933	3.000923e-03	-1.00000e+00	
1934	3.000924e-03	-1.00000e+00	
1935	3.000925e-03	-1.00000e+00	
1936	3.000926e-03	-1.00000e+00	
1937	3.000927e-03	-1.00000e+00	
1938	3.000928e-03	-1.00000e+00	
1939	3.000929e-03	-1.00000e+00	
1940	3.000930e-03	-1.00000e+00	
1941	3.000931e-03	-1.00000e+00	
1942	3.000932e-03	-1.00000e+00	
1943	3.000933e-03	-1.00000e+00	
1944	3.000934e-03	-1.00000e+00	
1945	3.000935e-03	-1.00000e+00	
1946	3.000936e-03	-1.00000e+00	
1947	3.000937e-03	-1.00000e+00	
1948	3.000938e-03	-1.00000e+00	
1949	3.000939e-03	-1.00000e+00	
1950	3.000940e-03	-1.00000e+00	
1951	3.000941e-03	-1.00000e+00	
1952	3.000942e-03	-1.00000e+00	
1953	3.000943e-03	-1.00000e+00	
1954	3.000944e-03	-1.00000e+00	
1955	3.000945e-03	-1.00000e+00	
1956	3.000946e-03	-1.00000e+00	
1957	3.000947e-03	-1.00000e+00	
1958	3.000948e-03	-1.00000e+00	
1959	3.000949e-03	-1.00000e+00	
1960	3.000950e-03	-1.00000e+00	
1961	3.000951e-03	-1.00000e+00	
1962	3.000952e-03	-1.00000e+00	
1963	3.000953e-03	-1.00000e+00	
1964	3.000954e-03	-1.00000e+00	
1965	3.000955e-03	-1.00000e+00	
1966	3.000956e-03	-1.00000e+00	
1967	3.000957e-03	-1.00000e+00	
1968	3.000958e-03	-1.00000e+00	

Index   time            v(4)            
--------------------------------------------------------------------------------
1969	3.000959e-03	-1.00000e+00	
1970	3.000960e-03	-1.00000e+00	
1971	3.000961e-03	-1.00000e+00	
1972	3.000962e-03	-1.00000e+00	
1973	3.000963e-03	-1.00000e+00	
1974	3.000964e-03	-1.00000e+00	
1975	3.000965e-03	-1.00000e+00	
1976	3.000966e-03	-1.00000e+00	
1977	3.000967e-03	-1.00000e+00	
1978	3.000968e-03	-1.00000e+00	
1979	3.000969e-03	-1.00000e+00	
1980	3.000970e-03	-1.00000e+00	
1981	3.000971e-03	-1.00000e+00	
1982	3.000972e-03	-1.00000e+00	
1983	3.000973e-03	-1.00000e+00	
1984	3.000974e-03	-1.00000e+00	
1985	3.000975e-03	-1.00000e+00	
1986	3.000976e-03	-1.00000e+00	
1987	3.000977e-03	-1.00000e+00	
1988	3.000978e-03	-1.00000e+00	
1989	3.000979e-03	-1.00000e+00	
1990	3.000980e-03	-1.00000e+00	
1991	3.000981e-03	-1.00000e+00	
1992	3.000982e-03	-1.00000e+00	
1993	3.000983e-03	-1.00000e+00	
1994	3.000984e-03	-1.00000e+00	
1995	3.000985e-03	-1.00000e+00	
1996	3.000986e-03	-1.00000e+00	
1997	3.000987e-03	-1.00000e+00	
1998	3.000988e-03	-1.00000e+00	
1999	3.000989e-03	-1.00000e+00	
2000	3.000990e-03	-1.00000e+00	
2001	3.000991e-03	-1.00000e+00	
2002	3.000992e-03	-1.00000e+00	
2003	3.000993e-03	-1.00000e+00	
2004	3.000994e-03	-1.00000e+00	
2005	3.000995e-03	-1.00000e+00	
2006	3.000996e-03	-1.00000e+00	
2007	3.000997e-03	-1.00000e+00	
2008	3.000998e-03	-1.00000e+00	
2009	3.000999e-03	-1.00000e+00	
2010	3.001000e-03	-1.00000e+00	
