                      1n4007 diode recovery time at 10khz
                      Transient Analysis  Sun Aug 28 18:30:05  2022
--------------------------------------------------------------------------------
Index   time            i(v1n4007)      
--------------------------------------------------------------------------------
0	2.899000e-03	3.396529e-03	
1	2.899001e-03	3.396529e-03	
2	2.899002e-03	3.396529e-03	
3	2.899003e-03	3.396529e-03	
4	2.899004e-03	3.396529e-03	
5	2.899005e-03	3.396529e-03	
6	2.899006e-03	3.396529e-03	
7	2.899007e-03	3.396529e-03	
8	2.899008e-03	3.396529e-03	
9	2.899009e-03	3.396529e-03	
10	2.899010e-03	3.396529e-03	
11	2.899011e-03	3.396529e-03	
12	2.899012e-03	3.396529e-03	
13	2.899013e-03	3.396529e-03	
14	2.899014e-03	3.396529e-03	
15	2.899015e-03	3.396529e-03	
16	2.899016e-03	3.396529e-03	
17	2.899017e-03	3.396529e-03	
18	2.899018e-03	3.396529e-03	
19	2.899019e-03	3.396529e-03	
20	2.899020e-03	3.396529e-03	
21	2.899021e-03	3.396529e-03	
22	2.899022e-03	3.396529e-03	
23	2.899023e-03	3.396529e-03	
24	2.899024e-03	3.396529e-03	
25	2.899025e-03	3.396529e-03	
26	2.899026e-03	3.396529e-03	
27	2.899027e-03	3.396529e-03	
28	2.899028e-03	3.396529e-03	
29	2.899029e-03	3.396529e-03	
30	2.899030e-03	3.396529e-03	
31	2.899031e-03	3.396529e-03	
32	2.899032e-03	3.396529e-03	
33	2.899033e-03	3.396529e-03	
34	2.899034e-03	3.396529e-03	
35	2.899035e-03	3.396529e-03	
36	2.899036e-03	3.396529e-03	
37	2.899037e-03	3.396529e-03	
38	2.899038e-03	3.396529e-03	
39	2.899039e-03	3.396529e-03	
40	2.899040e-03	3.396529e-03	
41	2.899041e-03	3.396529e-03	
42	2.899042e-03	3.396529e-03	
43	2.899043e-03	3.396529e-03	
44	2.899044e-03	3.396529e-03	
45	2.899045e-03	3.396529e-03	
46	2.899046e-03	3.396529e-03	
47	2.899047e-03	3.396529e-03	
48	2.899048e-03	3.396529e-03	
49	2.899049e-03	3.396529e-03	
50	2.899050e-03	3.396529e-03	
51	2.899051e-03	3.396529e-03	
52	2.899052e-03	3.396529e-03	
53	2.899053e-03	3.396529e-03	
54	2.899054e-03	3.396529e-03	

Index   time            i(v1n4007)      
--------------------------------------------------------------------------------
55	2.899055e-03	3.396529e-03	
56	2.899056e-03	3.396529e-03	
57	2.899057e-03	3.396529e-03	
58	2.899058e-03	3.396529e-03	
59	2.899059e-03	3.396529e-03	
60	2.899060e-03	3.396529e-03	
61	2.899061e-03	3.396529e-03	
62	2.899062e-03	3.396529e-03	
63	2.899063e-03	3.396529e-03	
64	2.899064e-03	3.396529e-03	
65	2.899065e-03	3.396529e-03	
66	2.899066e-03	3.396529e-03	
67	2.899067e-03	3.396529e-03	
68	2.899068e-03	3.396529e-03	
69	2.899069e-03	3.396529e-03	
70	2.899070e-03	3.396529e-03	
71	2.899071e-03	3.396529e-03	
72	2.899072e-03	3.396529e-03	
73	2.899073e-03	3.396529e-03	
74	2.899074e-03	3.396529e-03	
75	2.899075e-03	3.396529e-03	
76	2.899076e-03	3.396529e-03	
77	2.899077e-03	3.396529e-03	
78	2.899078e-03	3.396529e-03	
79	2.899079e-03	3.396529e-03	
80	2.899080e-03	3.396529e-03	
81	2.899081e-03	3.396529e-03	
82	2.899082e-03	3.396529e-03	
83	2.899083e-03	3.396529e-03	
84	2.899084e-03	3.396529e-03	
85	2.899085e-03	3.396529e-03	
86	2.899086e-03	3.396529e-03	
87	2.899087e-03	3.396529e-03	
88	2.899088e-03	3.396529e-03	
89	2.899089e-03	3.396529e-03	
90	2.899090e-03	3.396529e-03	
91	2.899091e-03	3.396529e-03	
92	2.899092e-03	3.396529e-03	
93	2.899093e-03	3.396529e-03	
94	2.899094e-03	3.396529e-03	
95	2.899095e-03	3.396529e-03	
96	2.899096e-03	3.396529e-03	
97	2.899097e-03	3.396529e-03	
98	2.899098e-03	3.396529e-03	
99	2.899099e-03	3.396529e-03	
100	2.899100e-03	3.396529e-03	
101	2.899101e-03	3.396529e-03	
102	2.899102e-03	3.396529e-03	
103	2.899103e-03	3.396529e-03	
104	2.899104e-03	3.396529e-03	
105	2.899105e-03	3.396529e-03	
106	2.899106e-03	3.396529e-03	
107	2.899107e-03	3.396529e-03	
108	2.899108e-03	3.396529e-03	
109	2.899109e-03	3.396529e-03	
110	2.899110e-03	3.396529e-03	
111	2.899111e-03	3.396529e-03	
112	2.899112e-03	3.396529e-03	

Index   time            i(v1n4007)      
--------------------------------------------------------------------------------
113	2.899113e-03	3.396529e-03	
114	2.899114e-03	3.396529e-03	
115	2.899115e-03	3.396529e-03	
116	2.899116e-03	3.396529e-03	
117	2.899117e-03	3.396529e-03	
118	2.899118e-03	3.396529e-03	
119	2.899119e-03	3.396529e-03	
120	2.899120e-03	3.396529e-03	
121	2.899121e-03	3.396529e-03	
122	2.899122e-03	3.396529e-03	
123	2.899123e-03	3.396529e-03	
124	2.899124e-03	3.396529e-03	
125	2.899125e-03	3.396529e-03	
126	2.899126e-03	3.396529e-03	
127	2.899127e-03	3.396529e-03	
128	2.899128e-03	3.396529e-03	
129	2.899129e-03	3.396529e-03	
130	2.899130e-03	3.396529e-03	
131	2.899131e-03	3.396529e-03	
132	2.899132e-03	3.396529e-03	
133	2.899133e-03	3.396529e-03	
134	2.899134e-03	3.396529e-03	
135	2.899135e-03	3.396529e-03	
136	2.899136e-03	3.396529e-03	
137	2.899137e-03	3.396529e-03	
138	2.899138e-03	3.396529e-03	
139	2.899139e-03	3.396529e-03	
140	2.899140e-03	3.396529e-03	
141	2.899141e-03	3.396529e-03	
142	2.899142e-03	3.396529e-03	
143	2.899143e-03	3.396529e-03	
144	2.899144e-03	3.396529e-03	
145	2.899145e-03	3.396529e-03	
146	2.899146e-03	3.396529e-03	
147	2.899147e-03	3.396529e-03	
148	2.899148e-03	3.396529e-03	
149	2.899149e-03	3.396529e-03	
150	2.899150e-03	3.396529e-03	
151	2.899151e-03	3.396529e-03	
152	2.899152e-03	3.396529e-03	
153	2.899153e-03	3.396529e-03	
154	2.899154e-03	3.396529e-03	
155	2.899155e-03	3.396529e-03	
156	2.899156e-03	3.396529e-03	
157	2.899157e-03	3.396529e-03	
158	2.899158e-03	3.396529e-03	
159	2.899159e-03	3.396529e-03	
160	2.899160e-03	3.396529e-03	
161	2.899161e-03	3.396529e-03	
162	2.899162e-03	3.396529e-03	
163	2.899163e-03	3.396529e-03	
164	2.899164e-03	3.396529e-03	
165	2.899165e-03	3.396529e-03	
166	2.899166e-03	3.396529e-03	
167	2.899167e-03	3.396529e-03	
168	2.899168e-03	3.396529e-03	
169	2.899169e-03	3.396529e-03	
170	2.899170e-03	3.396529e-03	

Index   time            i(v1n4007)      
--------------------------------------------------------------------------------
171	2.899171e-03	3.396529e-03	
172	2.899172e-03	3.396529e-03	
173	2.899173e-03	3.396529e-03	
174	2.899174e-03	3.396529e-03	
175	2.899175e-03	3.396529e-03	
176	2.899176e-03	3.396529e-03	
177	2.899177e-03	3.396529e-03	
178	2.899178e-03	3.396529e-03	
179	2.899179e-03	3.396529e-03	
180	2.899180e-03	3.396529e-03	
181	2.899181e-03	3.396529e-03	
182	2.899182e-03	3.396529e-03	
183	2.899183e-03	3.396529e-03	
184	2.899184e-03	3.396529e-03	
185	2.899185e-03	3.396529e-03	
186	2.899186e-03	3.396529e-03	
187	2.899187e-03	3.396529e-03	
188	2.899188e-03	3.396529e-03	
189	2.899189e-03	3.396529e-03	
190	2.899190e-03	3.396529e-03	
191	2.899191e-03	3.396529e-03	
192	2.899192e-03	3.396529e-03	
193	2.899193e-03	3.396529e-03	
194	2.899194e-03	3.396529e-03	
195	2.899195e-03	3.396529e-03	
196	2.899196e-03	3.396529e-03	
197	2.899197e-03	3.396529e-03	
198	2.899198e-03	3.396529e-03	
199	2.899199e-03	3.396529e-03	
200	2.899200e-03	3.396529e-03	
201	2.899201e-03	3.396529e-03	
202	2.899202e-03	3.396529e-03	
203	2.899203e-03	3.396529e-03	
204	2.899204e-03	3.396529e-03	
205	2.899205e-03	3.396529e-03	
206	2.899206e-03	3.396529e-03	
207	2.899207e-03	3.396529e-03	
208	2.899208e-03	3.396529e-03	
209	2.899209e-03	3.396529e-03	
210	2.899210e-03	3.396529e-03	
211	2.899211e-03	3.396529e-03	
212	2.899212e-03	3.396529e-03	
213	2.899213e-03	3.396529e-03	
214	2.899214e-03	3.396529e-03	
215	2.899215e-03	3.396529e-03	
216	2.899216e-03	3.396529e-03	
217	2.899217e-03	3.396529e-03	
218	2.899218e-03	3.396529e-03	
219	2.899219e-03	3.396529e-03	
220	2.899220e-03	3.396529e-03	
221	2.899221e-03	3.396529e-03	
222	2.899222e-03	3.396529e-03	
223	2.899223e-03	3.396529e-03	
224	2.899224e-03	3.396529e-03	
225	2.899225e-03	3.396529e-03	
226	2.899226e-03	3.396529e-03	
227	2.899227e-03	3.396529e-03	
228	2.899228e-03	3.396529e-03	

Index   time            i(v1n4007)      
--------------------------------------------------------------------------------
229	2.899229e-03	3.396529e-03	
230	2.899230e-03	3.396529e-03	
231	2.899231e-03	3.396529e-03	
232	2.899232e-03	3.396529e-03	
233	2.899233e-03	3.396529e-03	
234	2.899234e-03	3.396529e-03	
235	2.899235e-03	3.396529e-03	
236	2.899236e-03	3.396529e-03	
237	2.899237e-03	3.396529e-03	
238	2.899238e-03	3.396529e-03	
239	2.899239e-03	3.396529e-03	
240	2.899240e-03	3.396529e-03	
241	2.899241e-03	3.396529e-03	
242	2.899242e-03	3.396529e-03	
243	2.899243e-03	3.396529e-03	
244	2.899244e-03	3.396529e-03	
245	2.899245e-03	3.396529e-03	
246	2.899246e-03	3.396529e-03	
247	2.899247e-03	3.396529e-03	
248	2.899248e-03	3.396529e-03	
249	2.899249e-03	3.396529e-03	
250	2.899250e-03	3.396529e-03	
251	2.899251e-03	3.396529e-03	
252	2.899252e-03	3.396529e-03	
253	2.899253e-03	3.396529e-03	
254	2.899254e-03	3.396529e-03	
255	2.899255e-03	3.396529e-03	
256	2.899256e-03	3.396529e-03	
257	2.899257e-03	3.396529e-03	
258	2.899258e-03	3.396529e-03	
259	2.899259e-03	3.396529e-03	
260	2.899260e-03	3.396529e-03	
261	2.899261e-03	3.396529e-03	
262	2.899262e-03	3.396529e-03	
263	2.899263e-03	3.396529e-03	
264	2.899264e-03	3.396529e-03	
265	2.899265e-03	3.396529e-03	
266	2.899266e-03	3.396529e-03	
267	2.899267e-03	3.396529e-03	
268	2.899268e-03	3.396529e-03	
269	2.899269e-03	3.396529e-03	
270	2.899270e-03	3.396529e-03	
271	2.899271e-03	3.396529e-03	
272	2.899272e-03	3.396529e-03	
273	2.899273e-03	3.396529e-03	
274	2.899274e-03	3.396529e-03	
275	2.899275e-03	3.396529e-03	
276	2.899276e-03	3.396529e-03	
277	2.899277e-03	3.396529e-03	
278	2.899278e-03	3.396529e-03	
279	2.899279e-03	3.396529e-03	
280	2.899280e-03	3.396529e-03	
281	2.899281e-03	3.396529e-03	
282	2.899282e-03	3.396529e-03	
283	2.899283e-03	3.396529e-03	
284	2.899284e-03	3.396529e-03	
285	2.899285e-03	3.396529e-03	
286	2.899286e-03	3.396529e-03	

Index   time            i(v1n4007)      
--------------------------------------------------------------------------------
287	2.899287e-03	3.396529e-03	
288	2.899288e-03	3.396529e-03	
289	2.899289e-03	3.396529e-03	
290	2.899290e-03	3.396529e-03	
291	2.899291e-03	3.396529e-03	
292	2.899292e-03	3.396529e-03	
293	2.899293e-03	3.396529e-03	
294	2.899294e-03	3.396529e-03	
295	2.899295e-03	3.396529e-03	
296	2.899296e-03	3.396529e-03	
297	2.899297e-03	3.396529e-03	
298	2.899298e-03	3.396529e-03	
299	2.899299e-03	3.396529e-03	
300	2.899300e-03	3.396529e-03	
301	2.899301e-03	3.396529e-03	
302	2.899302e-03	3.396529e-03	
303	2.899303e-03	3.396529e-03	
304	2.899304e-03	3.396529e-03	
305	2.899305e-03	3.396529e-03	
306	2.899306e-03	3.396529e-03	
307	2.899307e-03	3.396529e-03	
308	2.899308e-03	3.396529e-03	
309	2.899309e-03	3.396529e-03	
310	2.899310e-03	3.396529e-03	
311	2.899311e-03	3.396529e-03	
312	2.899312e-03	3.396529e-03	
313	2.899313e-03	3.396529e-03	
314	2.899314e-03	3.396529e-03	
315	2.899315e-03	3.396529e-03	
316	2.899316e-03	3.396529e-03	
317	2.899317e-03	3.396529e-03	
318	2.899318e-03	3.396529e-03	
319	2.899319e-03	3.396529e-03	
320	2.899320e-03	3.396529e-03	
321	2.899321e-03	3.396529e-03	
322	2.899322e-03	3.396529e-03	
323	2.899323e-03	3.396529e-03	
324	2.899324e-03	3.396529e-03	
325	2.899325e-03	3.396529e-03	
326	2.899326e-03	3.396529e-03	
327	2.899327e-03	3.396529e-03	
328	2.899328e-03	3.396529e-03	
329	2.899329e-03	3.396529e-03	
330	2.899330e-03	3.396529e-03	
331	2.899331e-03	3.396529e-03	
332	2.899332e-03	3.396529e-03	
333	2.899333e-03	3.396529e-03	
334	2.899334e-03	3.396529e-03	
335	2.899335e-03	3.396529e-03	
336	2.899336e-03	3.396529e-03	
337	2.899337e-03	3.396529e-03	
338	2.899338e-03	3.396529e-03	
339	2.899339e-03	3.396529e-03	
340	2.899340e-03	3.396529e-03	
341	2.899341e-03	3.396529e-03	
342	2.899342e-03	3.396529e-03	
343	2.899343e-03	3.396529e-03	
344	2.899344e-03	3.396529e-03	

Index   time            i(v1n4007)      
--------------------------------------------------------------------------------
345	2.899345e-03	3.396529e-03	
346	2.899346e-03	3.396529e-03	
347	2.899347e-03	3.396529e-03	
348	2.899348e-03	3.396529e-03	
349	2.899349e-03	3.396529e-03	
350	2.899350e-03	3.396529e-03	
351	2.899351e-03	3.396529e-03	
352	2.899352e-03	3.396529e-03	
353	2.899353e-03	3.396529e-03	
354	2.899354e-03	3.396529e-03	
355	2.899355e-03	3.396529e-03	
356	2.899356e-03	3.396529e-03	
357	2.899357e-03	3.396529e-03	
358	2.899358e-03	3.396529e-03	
359	2.899359e-03	3.396529e-03	
360	2.899360e-03	3.396529e-03	
361	2.899361e-03	3.396529e-03	
362	2.899362e-03	3.396529e-03	
363	2.899363e-03	3.396529e-03	
364	2.899364e-03	3.396529e-03	
365	2.899365e-03	3.396529e-03	
366	2.899366e-03	3.396529e-03	
367	2.899367e-03	3.396529e-03	
368	2.899368e-03	3.396529e-03	
369	2.899369e-03	3.396529e-03	
370	2.899370e-03	3.396529e-03	
371	2.899371e-03	3.396529e-03	
372	2.899372e-03	3.396529e-03	
373	2.899373e-03	3.396529e-03	
374	2.899374e-03	3.396529e-03	
375	2.899375e-03	3.396529e-03	
376	2.899376e-03	3.396529e-03	
377	2.899377e-03	3.396529e-03	
378	2.899378e-03	3.396529e-03	
379	2.899379e-03	3.396529e-03	
380	2.899380e-03	3.396529e-03	
381	2.899381e-03	3.396529e-03	
382	2.899382e-03	3.396529e-03	
383	2.899383e-03	3.396529e-03	
384	2.899384e-03	3.396529e-03	
385	2.899385e-03	3.396529e-03	
386	2.899386e-03	3.396529e-03	
387	2.899387e-03	3.396529e-03	
388	2.899388e-03	3.396529e-03	
389	2.899389e-03	3.396529e-03	
390	2.899390e-03	3.396529e-03	
391	2.899391e-03	3.396529e-03	
392	2.899392e-03	3.396529e-03	
393	2.899393e-03	3.396529e-03	
394	2.899394e-03	3.396529e-03	
395	2.899395e-03	3.396529e-03	
396	2.899396e-03	3.396529e-03	
397	2.899397e-03	3.396529e-03	
398	2.899398e-03	3.396529e-03	
399	2.899399e-03	3.396529e-03	
400	2.899400e-03	3.396529e-03	
401	2.899401e-03	3.396529e-03	
402	2.899402e-03	3.396529e-03	

Index   time            i(v1n4007)      
--------------------------------------------------------------------------------
403	2.899403e-03	3.396529e-03	
404	2.899404e-03	3.396529e-03	
405	2.899405e-03	3.396529e-03	
406	2.899406e-03	3.396529e-03	
407	2.899407e-03	3.396529e-03	
408	2.899408e-03	3.396529e-03	
409	2.899409e-03	3.396529e-03	
410	2.899410e-03	3.396529e-03	
411	2.899411e-03	3.396529e-03	
412	2.899412e-03	3.396529e-03	
413	2.899413e-03	3.396529e-03	
414	2.899414e-03	3.396529e-03	
415	2.899415e-03	3.396529e-03	
416	2.899416e-03	3.396529e-03	
417	2.899417e-03	3.396529e-03	
418	2.899418e-03	3.396529e-03	
419	2.899419e-03	3.396529e-03	
420	2.899420e-03	3.396529e-03	
421	2.899421e-03	3.396529e-03	
422	2.899422e-03	3.396529e-03	
423	2.899423e-03	3.396529e-03	
424	2.899424e-03	3.396529e-03	
425	2.899425e-03	3.396529e-03	
426	2.899426e-03	3.396529e-03	
427	2.899427e-03	3.396529e-03	
428	2.899428e-03	3.396529e-03	
429	2.899429e-03	3.396529e-03	
430	2.899430e-03	3.396529e-03	
431	2.899431e-03	3.396529e-03	
432	2.899432e-03	3.396529e-03	
433	2.899433e-03	3.396529e-03	
434	2.899434e-03	3.396529e-03	
435	2.899435e-03	3.396529e-03	
436	2.899436e-03	3.396529e-03	
437	2.899437e-03	3.396529e-03	
438	2.899438e-03	3.396529e-03	
439	2.899439e-03	3.396529e-03	
440	2.899440e-03	3.396529e-03	
441	2.899441e-03	3.396529e-03	
442	2.899442e-03	3.396529e-03	
443	2.899443e-03	3.396529e-03	
444	2.899444e-03	3.396529e-03	
445	2.899445e-03	3.396529e-03	
446	2.899446e-03	3.396529e-03	
447	2.899447e-03	3.396529e-03	
448	2.899448e-03	3.396529e-03	
449	2.899449e-03	3.396529e-03	
450	2.899450e-03	3.396529e-03	
451	2.899451e-03	3.396529e-03	
452	2.899452e-03	3.396529e-03	
453	2.899453e-03	3.396529e-03	
454	2.899454e-03	3.396529e-03	
455	2.899455e-03	3.396529e-03	
456	2.899456e-03	3.396529e-03	
457	2.899457e-03	3.396529e-03	
458	2.899458e-03	3.396529e-03	
459	2.899459e-03	3.396529e-03	
460	2.899460e-03	3.396529e-03	

Index   time            i(v1n4007)      
--------------------------------------------------------------------------------
461	2.899461e-03	3.396529e-03	
462	2.899462e-03	3.396529e-03	
463	2.899463e-03	3.396529e-03	
464	2.899464e-03	3.396529e-03	
465	2.899465e-03	3.396529e-03	
466	2.899466e-03	3.396529e-03	
467	2.899467e-03	3.396529e-03	
468	2.899468e-03	3.396529e-03	
469	2.899469e-03	3.396529e-03	
470	2.899470e-03	3.396529e-03	
471	2.899471e-03	3.396529e-03	
472	2.899472e-03	3.396529e-03	
473	2.899473e-03	3.396529e-03	
474	2.899474e-03	3.396529e-03	
475	2.899475e-03	3.396529e-03	
476	2.899476e-03	3.396529e-03	
477	2.899477e-03	3.396529e-03	
478	2.899478e-03	3.396529e-03	
479	2.899479e-03	3.396529e-03	
480	2.899480e-03	3.396529e-03	
481	2.899481e-03	3.396529e-03	
482	2.899482e-03	3.396529e-03	
483	2.899483e-03	3.396529e-03	
484	2.899484e-03	3.396529e-03	
485	2.899485e-03	3.396529e-03	
486	2.899486e-03	3.396529e-03	
487	2.899487e-03	3.396529e-03	
488	2.899488e-03	3.396529e-03	
489	2.899489e-03	3.396529e-03	
490	2.899490e-03	3.396529e-03	
491	2.899491e-03	3.396529e-03	
492	2.899492e-03	3.396529e-03	
493	2.899493e-03	3.396529e-03	
494	2.899494e-03	3.396529e-03	
495	2.899495e-03	3.396529e-03	
496	2.899496e-03	3.396529e-03	
497	2.899497e-03	3.396529e-03	
498	2.899498e-03	3.396529e-03	
499	2.899499e-03	3.396529e-03	
500	2.899500e-03	3.396529e-03	
501	2.899501e-03	3.396529e-03	
502	2.899502e-03	3.396529e-03	
503	2.899503e-03	3.396529e-03	
504	2.899504e-03	3.396529e-03	
505	2.899505e-03	3.396529e-03	
506	2.899506e-03	3.396529e-03	
507	2.899507e-03	3.396529e-03	
508	2.899508e-03	3.396529e-03	
509	2.899509e-03	3.396529e-03	
510	2.899510e-03	3.396529e-03	
511	2.899511e-03	3.396529e-03	
512	2.899512e-03	3.396529e-03	
513	2.899513e-03	3.396529e-03	
514	2.899514e-03	3.396529e-03	
515	2.899515e-03	3.396529e-03	
516	2.899516e-03	3.396529e-03	
517	2.899517e-03	3.396529e-03	
518	2.899518e-03	3.396529e-03	

Index   time            i(v1n4007)      
--------------------------------------------------------------------------------
519	2.899519e-03	3.396529e-03	
520	2.899520e-03	3.396529e-03	
521	2.899521e-03	3.396529e-03	
522	2.899522e-03	3.396529e-03	
523	2.899523e-03	3.396529e-03	
524	2.899524e-03	3.396529e-03	
525	2.899525e-03	3.396529e-03	
526	2.899526e-03	3.396529e-03	
527	2.899527e-03	3.396529e-03	
528	2.899528e-03	3.396529e-03	
529	2.899529e-03	3.396529e-03	
530	2.899530e-03	3.396529e-03	
531	2.899531e-03	3.396529e-03	
532	2.899532e-03	3.396529e-03	
533	2.899533e-03	3.396529e-03	
534	2.899534e-03	3.396529e-03	
535	2.899535e-03	3.396529e-03	
536	2.899536e-03	3.396529e-03	
537	2.899537e-03	3.396529e-03	
538	2.899538e-03	3.396529e-03	
539	2.899539e-03	3.396529e-03	
540	2.899540e-03	3.396529e-03	
541	2.899541e-03	3.396529e-03	
542	2.899542e-03	3.396529e-03	
543	2.899543e-03	3.396529e-03	
544	2.899544e-03	3.396529e-03	
545	2.899545e-03	3.396529e-03	
546	2.899546e-03	3.396529e-03	
547	2.899547e-03	3.396529e-03	
548	2.899548e-03	3.396529e-03	
549	2.899549e-03	3.396529e-03	
550	2.899550e-03	3.396529e-03	
551	2.899551e-03	3.396529e-03	
552	2.899552e-03	3.396529e-03	
553	2.899553e-03	3.396529e-03	
554	2.899554e-03	3.396529e-03	
555	2.899555e-03	3.396529e-03	
556	2.899556e-03	3.396529e-03	
557	2.899557e-03	3.396529e-03	
558	2.899558e-03	3.396529e-03	
559	2.899559e-03	3.396529e-03	
560	2.899560e-03	3.396529e-03	
561	2.899561e-03	3.396529e-03	
562	2.899562e-03	3.396529e-03	
563	2.899563e-03	3.396529e-03	
564	2.899564e-03	3.396529e-03	
565	2.899565e-03	3.396529e-03	
566	2.899566e-03	3.396529e-03	
567	2.899567e-03	3.396529e-03	
568	2.899568e-03	3.396529e-03	
569	2.899569e-03	3.396529e-03	
570	2.899570e-03	3.396529e-03	
571	2.899571e-03	3.396529e-03	
572	2.899572e-03	3.396529e-03	
573	2.899573e-03	3.396529e-03	
574	2.899574e-03	3.396529e-03	
575	2.899575e-03	3.396529e-03	
576	2.899576e-03	3.396529e-03	

Index   time            i(v1n4007)      
--------------------------------------------------------------------------------
577	2.899577e-03	3.396529e-03	
578	2.899578e-03	3.396529e-03	
579	2.899579e-03	3.396529e-03	
580	2.899580e-03	3.396529e-03	
581	2.899581e-03	3.396529e-03	
582	2.899582e-03	3.396529e-03	
583	2.899583e-03	3.396529e-03	
584	2.899584e-03	3.396529e-03	
585	2.899585e-03	3.396529e-03	
586	2.899586e-03	3.396529e-03	
587	2.899587e-03	3.396529e-03	
588	2.899588e-03	3.396529e-03	
589	2.899589e-03	3.396529e-03	
590	2.899590e-03	3.396529e-03	
591	2.899591e-03	3.396529e-03	
592	2.899592e-03	3.396529e-03	
593	2.899593e-03	3.396529e-03	
594	2.899594e-03	3.396529e-03	
595	2.899595e-03	3.396529e-03	
596	2.899596e-03	3.396529e-03	
597	2.899597e-03	3.396529e-03	
598	2.899598e-03	3.396529e-03	
599	2.899599e-03	3.396529e-03	
600	2.899600e-03	3.396529e-03	
601	2.899601e-03	3.396529e-03	
602	2.899602e-03	3.396529e-03	
603	2.899603e-03	3.396529e-03	
604	2.899604e-03	3.396529e-03	
605	2.899605e-03	3.396529e-03	
606	2.899606e-03	3.396529e-03	
607	2.899607e-03	3.396529e-03	
608	2.899608e-03	3.396529e-03	
609	2.899609e-03	3.396529e-03	
610	2.899610e-03	3.396529e-03	
611	2.899611e-03	3.396529e-03	
612	2.899612e-03	3.396529e-03	
613	2.899613e-03	3.396529e-03	
614	2.899614e-03	3.396529e-03	
615	2.899615e-03	3.396529e-03	
616	2.899616e-03	3.396529e-03	
617	2.899617e-03	3.396529e-03	
618	2.899618e-03	3.396529e-03	
619	2.899619e-03	3.396529e-03	
620	2.899620e-03	3.396529e-03	
621	2.899621e-03	3.396529e-03	
622	2.899622e-03	3.396529e-03	
623	2.899623e-03	3.396529e-03	
624	2.899624e-03	3.396529e-03	
625	2.899625e-03	3.396529e-03	
626	2.899626e-03	3.396529e-03	
627	2.899627e-03	3.396529e-03	
628	2.899628e-03	3.396529e-03	
629	2.899629e-03	3.396529e-03	
630	2.899630e-03	3.396529e-03	
631	2.899631e-03	3.396529e-03	
632	2.899632e-03	3.396529e-03	
633	2.899633e-03	3.396529e-03	
634	2.899634e-03	3.396529e-03	

Index   time            i(v1n4007)      
--------------------------------------------------------------------------------
635	2.899635e-03	3.396529e-03	
636	2.899636e-03	3.396529e-03	
637	2.899637e-03	3.396529e-03	
638	2.899638e-03	3.396529e-03	
639	2.899639e-03	3.396529e-03	
640	2.899640e-03	3.396529e-03	
641	2.899641e-03	3.396529e-03	
642	2.899642e-03	3.396529e-03	
643	2.899643e-03	3.396529e-03	
644	2.899644e-03	3.396529e-03	
645	2.899645e-03	3.396529e-03	
646	2.899646e-03	3.396529e-03	
647	2.899647e-03	3.396529e-03	
648	2.899648e-03	3.396529e-03	
649	2.899649e-03	3.396529e-03	
650	2.899650e-03	3.396529e-03	
651	2.899651e-03	3.396529e-03	
652	2.899652e-03	3.396529e-03	
653	2.899653e-03	3.396529e-03	
654	2.899654e-03	3.396529e-03	
655	2.899655e-03	3.396529e-03	
656	2.899656e-03	3.396529e-03	
657	2.899657e-03	3.396529e-03	
658	2.899658e-03	3.396529e-03	
659	2.899659e-03	3.396529e-03	
660	2.899660e-03	3.396529e-03	
661	2.899661e-03	3.396529e-03	
662	2.899662e-03	3.396529e-03	
663	2.899663e-03	3.396529e-03	
664	2.899664e-03	3.396529e-03	
665	2.899665e-03	3.396529e-03	
666	2.899666e-03	3.396529e-03	
667	2.899667e-03	3.396529e-03	
668	2.899668e-03	3.396529e-03	
669	2.899669e-03	3.396529e-03	
670	2.899670e-03	3.396529e-03	
671	2.899671e-03	3.396529e-03	
672	2.899672e-03	3.396529e-03	
673	2.899673e-03	3.396529e-03	
674	2.899674e-03	3.396529e-03	
675	2.899675e-03	3.396529e-03	
676	2.899676e-03	3.396529e-03	
677	2.899677e-03	3.396529e-03	
678	2.899678e-03	3.396529e-03	
679	2.899679e-03	3.396529e-03	
680	2.899680e-03	3.396529e-03	
681	2.899681e-03	3.396529e-03	
682	2.899682e-03	3.396529e-03	
683	2.899683e-03	3.396529e-03	
684	2.899684e-03	3.396529e-03	
685	2.899685e-03	3.396529e-03	
686	2.899686e-03	3.396529e-03	
687	2.899687e-03	3.396529e-03	
688	2.899688e-03	3.396529e-03	
689	2.899689e-03	3.396529e-03	
690	2.899690e-03	3.396529e-03	
691	2.899691e-03	3.396529e-03	
692	2.899692e-03	3.396529e-03	

Index   time            i(v1n4007)      
--------------------------------------------------------------------------------
693	2.899693e-03	3.396529e-03	
694	2.899694e-03	3.396529e-03	
695	2.899695e-03	3.396529e-03	
696	2.899696e-03	3.396529e-03	
697	2.899697e-03	3.396529e-03	
698	2.899698e-03	3.396529e-03	
699	2.899699e-03	3.396529e-03	
700	2.899700e-03	3.396529e-03	
701	2.899701e-03	3.396529e-03	
702	2.899702e-03	3.396529e-03	
703	2.899703e-03	3.396529e-03	
704	2.899704e-03	3.396529e-03	
705	2.899705e-03	3.396529e-03	
706	2.899706e-03	3.396529e-03	
707	2.899707e-03	3.396529e-03	
708	2.899708e-03	3.396529e-03	
709	2.899709e-03	3.396529e-03	
710	2.899710e-03	3.396529e-03	
711	2.899711e-03	3.396529e-03	
712	2.899712e-03	3.396529e-03	
713	2.899713e-03	3.396529e-03	
714	2.899714e-03	3.396529e-03	
715	2.899715e-03	3.396529e-03	
716	2.899716e-03	3.396529e-03	
717	2.899717e-03	3.396529e-03	
718	2.899718e-03	3.396529e-03	
719	2.899719e-03	3.396529e-03	
720	2.899720e-03	3.396529e-03	
721	2.899721e-03	3.396529e-03	
722	2.899722e-03	3.396529e-03	
723	2.899723e-03	3.396529e-03	
724	2.899724e-03	3.396529e-03	
725	2.899725e-03	3.396529e-03	
726	2.899726e-03	3.396529e-03	
727	2.899727e-03	3.396529e-03	
728	2.899728e-03	3.396529e-03	
729	2.899729e-03	3.396529e-03	
730	2.899730e-03	3.396529e-03	
731	2.899731e-03	3.396529e-03	
732	2.899732e-03	3.396529e-03	
733	2.899733e-03	3.396529e-03	
734	2.899734e-03	3.396529e-03	
735	2.899735e-03	3.396529e-03	
736	2.899736e-03	3.396529e-03	
737	2.899737e-03	3.396529e-03	
738	2.899738e-03	3.396529e-03	
739	2.899739e-03	3.396529e-03	
740	2.899740e-03	3.396529e-03	
741	2.899741e-03	3.396529e-03	
742	2.899742e-03	3.396529e-03	
743	2.899743e-03	3.396529e-03	
744	2.899744e-03	3.396529e-03	
745	2.899745e-03	3.396529e-03	
746	2.899746e-03	3.396529e-03	
747	2.899747e-03	3.396529e-03	
748	2.899748e-03	3.396529e-03	
749	2.899749e-03	3.396529e-03	
750	2.899750e-03	3.396529e-03	

Index   time            i(v1n4007)      
--------------------------------------------------------------------------------
751	2.899751e-03	3.396529e-03	
752	2.899752e-03	3.396529e-03	
753	2.899753e-03	3.396529e-03	
754	2.899754e-03	3.396529e-03	
755	2.899755e-03	3.396529e-03	
756	2.899756e-03	3.396529e-03	
757	2.899757e-03	3.396529e-03	
758	2.899758e-03	3.396529e-03	
759	2.899759e-03	3.396529e-03	
760	2.899760e-03	3.396529e-03	
761	2.899761e-03	3.396529e-03	
762	2.899762e-03	3.396529e-03	
763	2.899763e-03	3.396529e-03	
764	2.899764e-03	3.396529e-03	
765	2.899765e-03	3.396529e-03	
766	2.899766e-03	3.396529e-03	
767	2.899767e-03	3.396529e-03	
768	2.899768e-03	3.396529e-03	
769	2.899769e-03	3.396529e-03	
770	2.899770e-03	3.396529e-03	
771	2.899771e-03	3.396529e-03	
772	2.899772e-03	3.396529e-03	
773	2.899773e-03	3.396529e-03	
774	2.899774e-03	3.396529e-03	
775	2.899775e-03	3.396529e-03	
776	2.899776e-03	3.396529e-03	
777	2.899777e-03	3.396529e-03	
778	2.899778e-03	3.396529e-03	
779	2.899779e-03	3.396529e-03	
780	2.899780e-03	3.396529e-03	
781	2.899781e-03	3.396529e-03	
782	2.899782e-03	3.396529e-03	
783	2.899783e-03	3.396529e-03	
784	2.899784e-03	3.396529e-03	
785	2.899785e-03	3.396529e-03	
786	2.899786e-03	3.396529e-03	
787	2.899787e-03	3.396529e-03	
788	2.899788e-03	3.396529e-03	
789	2.899789e-03	3.396529e-03	
790	2.899790e-03	3.396529e-03	
791	2.899791e-03	3.396529e-03	
792	2.899792e-03	3.396529e-03	
793	2.899793e-03	3.396529e-03	
794	2.899794e-03	3.396529e-03	
795	2.899795e-03	3.396529e-03	
796	2.899796e-03	3.396529e-03	
797	2.899797e-03	3.396529e-03	
798	2.899798e-03	3.396529e-03	
799	2.899799e-03	3.396529e-03	
800	2.899800e-03	3.396529e-03	
801	2.899801e-03	3.396529e-03	
802	2.899802e-03	3.396529e-03	
803	2.899803e-03	3.396529e-03	
804	2.899804e-03	3.396529e-03	
805	2.899805e-03	3.396529e-03	
806	2.899806e-03	3.396529e-03	
807	2.899807e-03	3.396529e-03	
808	2.899808e-03	3.396529e-03	

Index   time            i(v1n4007)      
--------------------------------------------------------------------------------
809	2.899809e-03	3.396529e-03	
810	2.899810e-03	3.396529e-03	
811	2.899811e-03	3.396529e-03	
812	2.899812e-03	3.396529e-03	
813	2.899813e-03	3.396529e-03	
814	2.899814e-03	3.396529e-03	
815	2.899815e-03	3.396529e-03	
816	2.899816e-03	3.396529e-03	
817	2.899817e-03	3.396529e-03	
818	2.899818e-03	3.396529e-03	
819	2.899819e-03	3.396529e-03	
820	2.899820e-03	3.396529e-03	
821	2.899821e-03	3.396529e-03	
822	2.899822e-03	3.396529e-03	
823	2.899823e-03	3.396529e-03	
824	2.899824e-03	3.396529e-03	
825	2.899825e-03	3.396529e-03	
826	2.899826e-03	3.396529e-03	
827	2.899827e-03	3.396529e-03	
828	2.899828e-03	3.396529e-03	
829	2.899829e-03	3.396529e-03	
830	2.899830e-03	3.396529e-03	
831	2.899831e-03	3.396529e-03	
832	2.899832e-03	3.396529e-03	
833	2.899833e-03	3.396529e-03	
834	2.899834e-03	3.396529e-03	
835	2.899835e-03	3.396529e-03	
836	2.899836e-03	3.396529e-03	
837	2.899837e-03	3.396529e-03	
838	2.899838e-03	3.396529e-03	
839	2.899839e-03	3.396529e-03	
840	2.899840e-03	3.396529e-03	
841	2.899841e-03	3.396529e-03	
842	2.899842e-03	3.396529e-03	
843	2.899843e-03	3.396529e-03	
844	2.899844e-03	3.396529e-03	
845	2.899845e-03	3.396529e-03	
846	2.899846e-03	3.396529e-03	
847	2.899847e-03	3.396529e-03	
848	2.899848e-03	3.396529e-03	
849	2.899849e-03	3.396529e-03	
850	2.899850e-03	3.396529e-03	
851	2.899851e-03	3.396529e-03	
852	2.899852e-03	3.396529e-03	
853	2.899853e-03	3.396529e-03	
854	2.899854e-03	3.396529e-03	
855	2.899855e-03	3.396529e-03	
856	2.899856e-03	3.396529e-03	
857	2.899857e-03	3.396529e-03	
858	2.899858e-03	3.396529e-03	
859	2.899859e-03	3.396529e-03	
860	2.899860e-03	3.396529e-03	
861	2.899861e-03	3.396529e-03	
862	2.899862e-03	3.396529e-03	
863	2.899863e-03	3.396529e-03	
864	2.899864e-03	3.396529e-03	
865	2.899865e-03	3.396529e-03	
866	2.899866e-03	3.396529e-03	

Index   time            i(v1n4007)      
--------------------------------------------------------------------------------
867	2.899867e-03	3.396529e-03	
868	2.899868e-03	3.396529e-03	
869	2.899869e-03	3.396529e-03	
870	2.899870e-03	3.396529e-03	
871	2.899871e-03	3.396529e-03	
872	2.899872e-03	3.396529e-03	
873	2.899873e-03	3.396529e-03	
874	2.899874e-03	3.396529e-03	
875	2.899875e-03	3.396529e-03	
876	2.899876e-03	3.396529e-03	
877	2.899877e-03	3.396529e-03	
878	2.899878e-03	3.396529e-03	
879	2.899879e-03	3.396529e-03	
880	2.899880e-03	3.396529e-03	
881	2.899881e-03	3.396529e-03	
882	2.899882e-03	3.396529e-03	
883	2.899883e-03	3.396529e-03	
884	2.899884e-03	3.396529e-03	
885	2.899885e-03	3.396529e-03	
886	2.899886e-03	3.396529e-03	
887	2.899887e-03	3.396529e-03	
888	2.899888e-03	3.396529e-03	
889	2.899889e-03	3.396529e-03	
890	2.899890e-03	3.396529e-03	
891	2.899891e-03	3.396529e-03	
892	2.899892e-03	3.396529e-03	
893	2.899893e-03	3.396529e-03	
894	2.899894e-03	3.396529e-03	
895	2.899895e-03	3.396529e-03	
896	2.899896e-03	3.396529e-03	
897	2.899897e-03	3.396529e-03	
898	2.899898e-03	3.396529e-03	
899	2.899899e-03	3.396529e-03	
900	2.899900e-03	3.396529e-03	
901	2.899901e-03	3.396529e-03	
902	2.899902e-03	3.396529e-03	
903	2.899903e-03	3.396529e-03	
904	2.899904e-03	3.396529e-03	
905	2.899905e-03	3.396529e-03	
906	2.899906e-03	3.396529e-03	
907	2.899907e-03	3.396529e-03	
908	2.899908e-03	3.396529e-03	
909	2.899909e-03	3.396529e-03	
910	2.899910e-03	3.396529e-03	
911	2.899911e-03	3.396529e-03	
912	2.899912e-03	3.396529e-03	
913	2.899913e-03	3.396529e-03	
914	2.899914e-03	3.396529e-03	
915	2.899915e-03	3.396529e-03	
916	2.899916e-03	3.396529e-03	
917	2.899917e-03	3.396529e-03	
918	2.899918e-03	3.396529e-03	
919	2.899919e-03	3.396529e-03	
920	2.899920e-03	3.396529e-03	
921	2.899921e-03	3.396529e-03	
922	2.899922e-03	3.396529e-03	
923	2.899923e-03	3.396529e-03	
924	2.899924e-03	3.396529e-03	

Index   time            i(v1n4007)      
--------------------------------------------------------------------------------
925	2.899925e-03	3.396529e-03	
926	2.899926e-03	3.396529e-03	
927	2.899927e-03	3.396529e-03	
928	2.899928e-03	3.396529e-03	
929	2.899929e-03	3.396529e-03	
930	2.899930e-03	3.396529e-03	
931	2.899931e-03	3.396529e-03	
932	2.899932e-03	3.396529e-03	
933	2.899933e-03	3.396529e-03	
934	2.899934e-03	3.396529e-03	
935	2.899935e-03	3.396529e-03	
936	2.899936e-03	3.396529e-03	
937	2.899937e-03	3.396529e-03	
938	2.899938e-03	3.396529e-03	
939	2.899939e-03	3.396529e-03	
940	2.899940e-03	3.396529e-03	
941	2.899941e-03	3.396529e-03	
942	2.899942e-03	3.396529e-03	
943	2.899943e-03	3.396529e-03	
944	2.899944e-03	3.396529e-03	
945	2.899945e-03	3.396529e-03	
946	2.899946e-03	3.396529e-03	
947	2.899947e-03	3.396529e-03	
948	2.899948e-03	3.396529e-03	
949	2.899949e-03	3.396529e-03	
950	2.899950e-03	3.396529e-03	
951	2.899951e-03	3.396529e-03	
952	2.899952e-03	3.396529e-03	
953	2.899953e-03	3.396529e-03	
954	2.899954e-03	3.396529e-03	
955	2.899955e-03	3.396529e-03	
956	2.899956e-03	3.396529e-03	
957	2.899957e-03	3.396529e-03	
958	2.899958e-03	3.396529e-03	
959	2.899959e-03	3.396529e-03	
960	2.899960e-03	3.396529e-03	
961	2.899961e-03	3.396529e-03	
962	2.899962e-03	3.396529e-03	
963	2.899963e-03	3.396529e-03	
964	2.899964e-03	3.396529e-03	
965	2.899965e-03	3.396529e-03	
966	2.899966e-03	3.396529e-03	
967	2.899967e-03	3.396529e-03	
968	2.899968e-03	3.396529e-03	
969	2.899969e-03	3.396529e-03	
970	2.899970e-03	3.396529e-03	
971	2.899971e-03	3.396529e-03	
972	2.899972e-03	3.396529e-03	
973	2.899973e-03	3.396529e-03	
974	2.899974e-03	3.396529e-03	
975	2.899975e-03	3.396529e-03	
976	2.899976e-03	3.396529e-03	
977	2.899977e-03	3.396529e-03	
978	2.899978e-03	3.396529e-03	
979	2.899979e-03	3.396529e-03	
980	2.899980e-03	3.396529e-03	
981	2.899981e-03	3.396529e-03	
982	2.899982e-03	3.396529e-03	

Index   time            i(v1n4007)      
--------------------------------------------------------------------------------
983	2.899983e-03	3.396529e-03	
984	2.899984e-03	3.396529e-03	
985	2.899985e-03	3.396529e-03	
986	2.899986e-03	3.396529e-03	
987	2.899987e-03	3.396529e-03	
988	2.899988e-03	3.396529e-03	
989	2.899989e-03	3.396529e-03	
990	2.899990e-03	3.396529e-03	
991	2.899991e-03	3.396529e-03	
992	2.899992e-03	3.396529e-03	
993	2.899993e-03	3.396529e-03	
994	2.899994e-03	3.396529e-03	
995	2.899995e-03	3.396529e-03	
996	2.899996e-03	3.396529e-03	
997	2.899997e-03	3.396529e-03	
998	2.899998e-03	3.396529e-03	
999	2.899999e-03	3.396529e-03	
1000	2.900000e-03	3.396529e-03	
1001	2.900001e-03	3.396529e-03	
1002	2.900001e-03	1.397374e-03	
1003	2.900001e-03	-2.60093e-03	
1004	2.900002e-03	-1.05975e-02	
1005	2.900002e-03	-1.65948e-02	
1006	2.900002e-03	-1.65948e-02	
1007	2.900002e-03	-1.65947e-02	
1008	2.900003e-03	-1.65945e-02	
1009	2.900003e-03	-1.65942e-02	
1010	2.900004e-03	-1.65937e-02	
1011	2.900005e-03	-1.65932e-02	
1012	2.900006e-03	-1.65927e-02	
1013	2.900007e-03	-1.65922e-02	
1014	2.900008e-03	-1.65916e-02	
1015	2.900009e-03	-1.65911e-02	
1016	2.900010e-03	-1.65906e-02	
1017	2.900011e-03	-1.65901e-02	
1018	2.900012e-03	-1.65896e-02	
1019	2.900013e-03	-1.65891e-02	
1020	2.900014e-03	-1.65885e-02	
1021	2.900015e-03	-1.65880e-02	
1022	2.900016e-03	-1.65875e-02	
1023	2.900017e-03	-1.65870e-02	
1024	2.900018e-03	-1.65865e-02	
1025	2.900019e-03	-1.65859e-02	
1026	2.900020e-03	-1.65854e-02	
1027	2.900021e-03	-1.65849e-02	
1028	2.900022e-03	-1.65844e-02	
1029	2.900023e-03	-1.65839e-02	
1030	2.900024e-03	-1.65833e-02	
1031	2.900025e-03	-1.65828e-02	
1032	2.900026e-03	-1.65823e-02	
1033	2.900027e-03	-1.65818e-02	
1034	2.900028e-03	-1.65812e-02	
1035	2.900029e-03	-1.65807e-02	
1036	2.900030e-03	-1.65802e-02	
1037	2.900031e-03	-1.65796e-02	
1038	2.900032e-03	-1.65791e-02	
1039	2.900033e-03	-1.65786e-02	
1040	2.900034e-03	-1.65781e-02	

Index   time            i(v1n4007)      
--------------------------------------------------------------------------------
1041	2.900035e-03	-1.65775e-02	
1042	2.900036e-03	-1.65770e-02	
1043	2.900037e-03	-1.65765e-02	
1044	2.900038e-03	-1.65759e-02	
1045	2.900039e-03	-1.65754e-02	
1046	2.900040e-03	-1.65749e-02	
1047	2.900041e-03	-1.65743e-02	
1048	2.900042e-03	-1.65738e-02	
1049	2.900043e-03	-1.65733e-02	
1050	2.900044e-03	-1.65727e-02	
1051	2.900045e-03	-1.65722e-02	
1052	2.900046e-03	-1.65717e-02	
1053	2.900047e-03	-1.65711e-02	
1054	2.900048e-03	-1.65706e-02	
1055	2.900049e-03	-1.65700e-02	
1056	2.900050e-03	-1.65695e-02	
1057	2.900051e-03	-1.65690e-02	
1058	2.900052e-03	-1.65684e-02	
1059	2.900053e-03	-1.65679e-02	
1060	2.900054e-03	-1.65673e-02	
1061	2.900055e-03	-1.65668e-02	
1062	2.900056e-03	-1.65663e-02	
1063	2.900057e-03	-1.65657e-02	
1064	2.900058e-03	-1.65652e-02	
1065	2.900059e-03	-1.65646e-02	
1066	2.900060e-03	-1.65641e-02	
1067	2.900061e-03	-1.65635e-02	
1068	2.900062e-03	-1.65630e-02	
1069	2.900063e-03	-1.65624e-02	
1070	2.900064e-03	-1.65619e-02	
1071	2.900065e-03	-1.65613e-02	
1072	2.900066e-03	-1.65608e-02	
1073	2.900067e-03	-1.65602e-02	
1074	2.900068e-03	-1.65597e-02	
1075	2.900069e-03	-1.65591e-02	
1076	2.900070e-03	-1.65586e-02	
1077	2.900071e-03	-1.65580e-02	
1078	2.900072e-03	-1.65575e-02	
1079	2.900073e-03	-1.65569e-02	
1080	2.900074e-03	-1.65564e-02	
1081	2.900075e-03	-1.65558e-02	
1082	2.900076e-03	-1.65552e-02	
1083	2.900077e-03	-1.65547e-02	
1084	2.900078e-03	-1.65541e-02	
1085	2.900079e-03	-1.65536e-02	
1086	2.900080e-03	-1.65530e-02	
1087	2.900081e-03	-1.65524e-02	
1088	2.900082e-03	-1.65519e-02	
1089	2.900083e-03	-1.65513e-02	
1090	2.900084e-03	-1.65508e-02	
1091	2.900085e-03	-1.65502e-02	
1092	2.900086e-03	-1.65496e-02	
1093	2.900087e-03	-1.65491e-02	
1094	2.900088e-03	-1.65485e-02	
1095	2.900089e-03	-1.65479e-02	
1096	2.900090e-03	-1.65474e-02	
1097	2.900091e-03	-1.65468e-02	
1098	2.900092e-03	-1.65462e-02	

Index   time            i(v1n4007)      
--------------------------------------------------------------------------------
1099	2.900093e-03	-1.65457e-02	
1100	2.900094e-03	-1.65451e-02	
1101	2.900095e-03	-1.65445e-02	
1102	2.900096e-03	-1.65440e-02	
1103	2.900097e-03	-1.65434e-02	
1104	2.900098e-03	-1.65428e-02	
1105	2.900099e-03	-1.65422e-02	
1106	2.900100e-03	-1.65417e-02	
1107	2.900101e-03	-1.65411e-02	
1108	2.900102e-03	-1.65405e-02	
1109	2.900103e-03	-1.65399e-02	
1110	2.900104e-03	-1.65394e-02	
1111	2.900105e-03	-1.65388e-02	
1112	2.900106e-03	-1.65382e-02	
1113	2.900107e-03	-1.65376e-02	
1114	2.900108e-03	-1.65371e-02	
1115	2.900109e-03	-1.65365e-02	
1116	2.900110e-03	-1.65359e-02	
1117	2.900111e-03	-1.65353e-02	
1118	2.900112e-03	-1.65347e-02	
1119	2.900113e-03	-1.65341e-02	
1120	2.900114e-03	-1.65336e-02	
1121	2.900115e-03	-1.65330e-02	
1122	2.900116e-03	-1.65324e-02	
1123	2.900117e-03	-1.65318e-02	
1124	2.900118e-03	-1.65312e-02	
1125	2.900119e-03	-1.65306e-02	
1126	2.900120e-03	-1.65300e-02	
1127	2.900121e-03	-1.65295e-02	
1128	2.900122e-03	-1.65289e-02	
1129	2.900123e-03	-1.65283e-02	
1130	2.900124e-03	-1.65277e-02	
1131	2.900125e-03	-1.65271e-02	
1132	2.900126e-03	-1.65265e-02	
1133	2.900127e-03	-1.65259e-02	
1134	2.900128e-03	-1.65253e-02	
1135	2.900129e-03	-1.65247e-02	
1136	2.900130e-03	-1.65241e-02	
1137	2.900131e-03	-1.65235e-02	
1138	2.900132e-03	-1.65229e-02	
1139	2.900133e-03	-1.65223e-02	
1140	2.900134e-03	-1.65217e-02	
1141	2.900135e-03	-1.65211e-02	
1142	2.900136e-03	-1.65205e-02	
1143	2.900137e-03	-1.65199e-02	
1144	2.900138e-03	-1.65193e-02	
1145	2.900139e-03	-1.65187e-02	
1146	2.900140e-03	-1.65181e-02	
1147	2.900141e-03	-1.65175e-02	
1148	2.900142e-03	-1.65169e-02	
1149	2.900143e-03	-1.65163e-02	
1150	2.900144e-03	-1.65157e-02	
1151	2.900145e-03	-1.65151e-02	
1152	2.900146e-03	-1.65145e-02	
1153	2.900147e-03	-1.65138e-02	
1154	2.900148e-03	-1.65132e-02	
1155	2.900149e-03	-1.65126e-02	
1156	2.900150e-03	-1.65120e-02	

Index   time            i(v1n4007)      
--------------------------------------------------------------------------------
1157	2.900151e-03	-1.65114e-02	
1158	2.900152e-03	-1.65108e-02	
1159	2.900153e-03	-1.65102e-02	
1160	2.900154e-03	-1.65096e-02	
1161	2.900155e-03	-1.65089e-02	
1162	2.900156e-03	-1.65083e-02	
1163	2.900157e-03	-1.65077e-02	
1164	2.900158e-03	-1.65071e-02	
1165	2.900159e-03	-1.65065e-02	
1166	2.900160e-03	-1.65058e-02	
1167	2.900161e-03	-1.65052e-02	
1168	2.900162e-03	-1.65046e-02	
1169	2.900163e-03	-1.65040e-02	
1170	2.900164e-03	-1.65033e-02	
1171	2.900165e-03	-1.65027e-02	
1172	2.900166e-03	-1.65021e-02	
1173	2.900167e-03	-1.65015e-02	
1174	2.900168e-03	-1.65008e-02	
1175	2.900169e-03	-1.65002e-02	
1176	2.900170e-03	-1.64996e-02	
1177	2.900171e-03	-1.64989e-02	
1178	2.900172e-03	-1.64983e-02	
1179	2.900173e-03	-1.64977e-02	
1180	2.900174e-03	-1.64970e-02	
1181	2.900175e-03	-1.64964e-02	
1182	2.900176e-03	-1.64958e-02	
1183	2.900177e-03	-1.64951e-02	
1184	2.900178e-03	-1.64945e-02	
1185	2.900179e-03	-1.64939e-02	
1186	2.900180e-03	-1.64932e-02	
1187	2.900181e-03	-1.64926e-02	
1188	2.900182e-03	-1.64919e-02	
1189	2.900183e-03	-1.64913e-02	
1190	2.900184e-03	-1.64907e-02	
1191	2.900185e-03	-1.64900e-02	
1192	2.900186e-03	-1.64894e-02	
1193	2.900187e-03	-1.64887e-02	
1194	2.900188e-03	-1.64881e-02	
1195	2.900189e-03	-1.64874e-02	
1196	2.900190e-03	-1.64868e-02	
1197	2.900191e-03	-1.64861e-02	
1198	2.900192e-03	-1.64855e-02	
1199	2.900193e-03	-1.64848e-02	
1200	2.900194e-03	-1.64842e-02	
1201	2.900195e-03	-1.64835e-02	
1202	2.900196e-03	-1.64829e-02	
1203	2.900197e-03	-1.64822e-02	
1204	2.900198e-03	-1.64816e-02	
1205	2.900199e-03	-1.64809e-02	
1206	2.900200e-03	-1.64802e-02	
1207	2.900201e-03	-1.64796e-02	
1208	2.900202e-03	-1.64789e-02	
1209	2.900203e-03	-1.64783e-02	
1210	2.900204e-03	-1.64776e-02	
1211	2.900205e-03	-1.64769e-02	
1212	2.900206e-03	-1.64763e-02	
1213	2.900207e-03	-1.64756e-02	
1214	2.900208e-03	-1.64749e-02	

Index   time            i(v1n4007)      
--------------------------------------------------------------------------------
1215	2.900209e-03	-1.64743e-02	
1216	2.900210e-03	-1.64736e-02	
1217	2.900211e-03	-1.64729e-02	
1218	2.900212e-03	-1.64723e-02	
1219	2.900213e-03	-1.64716e-02	
1220	2.900214e-03	-1.64709e-02	
1221	2.900215e-03	-1.64703e-02	
1222	2.900216e-03	-1.64696e-02	
1223	2.900217e-03	-1.64689e-02	
1224	2.900218e-03	-1.64682e-02	
1225	2.900219e-03	-1.64676e-02	
1226	2.900220e-03	-1.64669e-02	
1227	2.900221e-03	-1.64662e-02	
1228	2.900222e-03	-1.64655e-02	
1229	2.900223e-03	-1.64648e-02	
1230	2.900224e-03	-1.64641e-02	
1231	2.900225e-03	-1.64635e-02	
1232	2.900226e-03	-1.64628e-02	
1233	2.900227e-03	-1.64621e-02	
1234	2.900228e-03	-1.64614e-02	
1235	2.900229e-03	-1.64607e-02	
1236	2.900230e-03	-1.64600e-02	
1237	2.900231e-03	-1.64593e-02	
1238	2.900232e-03	-1.64586e-02	
1239	2.900233e-03	-1.64580e-02	
1240	2.900234e-03	-1.64573e-02	
1241	2.900235e-03	-1.64566e-02	
1242	2.900236e-03	-1.64559e-02	
1243	2.900237e-03	-1.64552e-02	
1244	2.900238e-03	-1.64545e-02	
1245	2.900239e-03	-1.64538e-02	
1246	2.900240e-03	-1.64531e-02	
1247	2.900241e-03	-1.64524e-02	
1248	2.900242e-03	-1.64517e-02	
1249	2.900243e-03	-1.64510e-02	
1250	2.900244e-03	-1.64503e-02	
1251	2.900245e-03	-1.64496e-02	
1252	2.900246e-03	-1.64489e-02	
1253	2.900247e-03	-1.64481e-02	
1254	2.900248e-03	-1.64474e-02	
1255	2.900249e-03	-1.64467e-02	
1256	2.900250e-03	-1.64460e-02	
1257	2.900251e-03	-1.64453e-02	
1258	2.900252e-03	-1.64446e-02	
1259	2.900253e-03	-1.64439e-02	
1260	2.900254e-03	-1.64432e-02	
1261	2.900255e-03	-1.64424e-02	
1262	2.900256e-03	-1.64417e-02	
1263	2.900257e-03	-1.64410e-02	
1264	2.900258e-03	-1.64403e-02	
1265	2.900259e-03	-1.64396e-02	
1266	2.900260e-03	-1.64388e-02	
1267	2.900261e-03	-1.64381e-02	
1268	2.900262e-03	-1.64374e-02	
1269	2.900263e-03	-1.64367e-02	
1270	2.900264e-03	-1.64359e-02	
1271	2.900265e-03	-1.64352e-02	
1272	2.900266e-03	-1.64345e-02	

Index   time            i(v1n4007)      
--------------------------------------------------------------------------------
1273	2.900267e-03	-1.64337e-02	
1274	2.900268e-03	-1.64330e-02	
1275	2.900269e-03	-1.64323e-02	
1276	2.900270e-03	-1.64315e-02	
1277	2.900271e-03	-1.64308e-02	
1278	2.900272e-03	-1.64301e-02	
1279	2.900273e-03	-1.64293e-02	
1280	2.900274e-03	-1.64286e-02	
1281	2.900275e-03	-1.64278e-02	
1282	2.900276e-03	-1.64271e-02	
1283	2.900277e-03	-1.64264e-02	
1284	2.900278e-03	-1.64256e-02	
1285	2.900279e-03	-1.64249e-02	
1286	2.900280e-03	-1.64241e-02	
1287	2.900281e-03	-1.64234e-02	
1288	2.900282e-03	-1.64226e-02	
1289	2.900283e-03	-1.64219e-02	
1290	2.900284e-03	-1.64211e-02	
1291	2.900285e-03	-1.64204e-02	
1292	2.900286e-03	-1.64196e-02	
1293	2.900287e-03	-1.64188e-02	
1294	2.900288e-03	-1.64181e-02	
1295	2.900289e-03	-1.64173e-02	
1296	2.900290e-03	-1.64166e-02	
1297	2.900291e-03	-1.64158e-02	
1298	2.900292e-03	-1.64150e-02	
1299	2.900293e-03	-1.64143e-02	
1300	2.900294e-03	-1.64135e-02	
1301	2.900295e-03	-1.64127e-02	
1302	2.900296e-03	-1.64120e-02	
1303	2.900297e-03	-1.64112e-02	
1304	2.900298e-03	-1.64104e-02	
1305	2.900299e-03	-1.64096e-02	
1306	2.900300e-03	-1.64089e-02	
1307	2.900301e-03	-1.64081e-02	
1308	2.900302e-03	-1.64073e-02	
1309	2.900303e-03	-1.64065e-02	
1310	2.900304e-03	-1.64058e-02	
1311	2.900305e-03	-1.64050e-02	
1312	2.900306e-03	-1.64042e-02	
1313	2.900307e-03	-1.64034e-02	
1314	2.900308e-03	-1.64026e-02	
1315	2.900309e-03	-1.64018e-02	
1316	2.900310e-03	-1.64010e-02	
1317	2.900311e-03	-1.64003e-02	
1318	2.900312e-03	-1.63995e-02	
1319	2.900313e-03	-1.63987e-02	
1320	2.900314e-03	-1.63979e-02	
1321	2.900315e-03	-1.63971e-02	
1322	2.900316e-03	-1.63963e-02	
1323	2.900317e-03	-1.63955e-02	
1324	2.900318e-03	-1.63947e-02	
1325	2.900319e-03	-1.63939e-02	
1326	2.900320e-03	-1.63931e-02	
1327	2.900321e-03	-1.63923e-02	
1328	2.900322e-03	-1.63915e-02	
1329	2.900323e-03	-1.63907e-02	
1330	2.900324e-03	-1.63898e-02	

Index   time            i(v1n4007)      
--------------------------------------------------------------------------------
1331	2.900325e-03	-1.63890e-02	
1332	2.900326e-03	-1.63882e-02	
1333	2.900327e-03	-1.63874e-02	
1334	2.900328e-03	-1.63866e-02	
1335	2.900329e-03	-1.63858e-02	
1336	2.900330e-03	-1.63850e-02	
1337	2.900331e-03	-1.63841e-02	
1338	2.900332e-03	-1.63833e-02	
1339	2.900333e-03	-1.63825e-02	
1340	2.900334e-03	-1.63817e-02	
1341	2.900335e-03	-1.63808e-02	
1342	2.900336e-03	-1.63800e-02	
1343	2.900337e-03	-1.63792e-02	
1344	2.900338e-03	-1.63783e-02	
1345	2.900339e-03	-1.63775e-02	
1346	2.900340e-03	-1.63767e-02	
1347	2.900341e-03	-1.63758e-02	
1348	2.900342e-03	-1.63750e-02	
1349	2.900343e-03	-1.63742e-02	
1350	2.900344e-03	-1.63733e-02	
1351	2.900345e-03	-1.63725e-02	
1352	2.900346e-03	-1.63716e-02	
1353	2.900347e-03	-1.63708e-02	
1354	2.900348e-03	-1.63699e-02	
1355	2.900349e-03	-1.63691e-02	
1356	2.900350e-03	-1.63682e-02	
1357	2.900351e-03	-1.63674e-02	
1358	2.900352e-03	-1.63665e-02	
1359	2.900353e-03	-1.63657e-02	
1360	2.900354e-03	-1.63648e-02	
1361	2.900355e-03	-1.63640e-02	
1362	2.900356e-03	-1.63631e-02	
1363	2.900357e-03	-1.63622e-02	
1364	2.900358e-03	-1.63614e-02	
1365	2.900359e-03	-1.63605e-02	
1366	2.900360e-03	-1.63596e-02	
1367	2.900361e-03	-1.63588e-02	
1368	2.900362e-03	-1.63579e-02	
1369	2.900363e-03	-1.63570e-02	
1370	2.900364e-03	-1.63561e-02	
1371	2.900365e-03	-1.63553e-02	
1372	2.900366e-03	-1.63544e-02	
1373	2.900367e-03	-1.63535e-02	
1374	2.900368e-03	-1.63526e-02	
1375	2.900369e-03	-1.63517e-02	
1376	2.900370e-03	-1.63508e-02	
1377	2.900371e-03	-1.63499e-02	
1378	2.900372e-03	-1.63491e-02	
1379	2.900373e-03	-1.63482e-02	
1380	2.900374e-03	-1.63473e-02	
1381	2.900375e-03	-1.63464e-02	
1382	2.900376e-03	-1.63455e-02	
1383	2.900377e-03	-1.63446e-02	
1384	2.900378e-03	-1.63437e-02	
1385	2.900379e-03	-1.63428e-02	
1386	2.900380e-03	-1.63419e-02	
1387	2.900381e-03	-1.63410e-02	
1388	2.900382e-03	-1.63400e-02	

Index   time            i(v1n4007)      
--------------------------------------------------------------------------------
1389	2.900383e-03	-1.63391e-02	
1390	2.900384e-03	-1.63382e-02	
1391	2.900385e-03	-1.63373e-02	
1392	2.900386e-03	-1.63364e-02	
1393	2.900387e-03	-1.63355e-02	
1394	2.900388e-03	-1.63345e-02	
1395	2.900389e-03	-1.63336e-02	
1396	2.900390e-03	-1.63327e-02	
1397	2.900391e-03	-1.63318e-02	
1398	2.900392e-03	-1.63308e-02	
1399	2.900393e-03	-1.63299e-02	
1400	2.900394e-03	-1.63290e-02	
1401	2.900395e-03	-1.63280e-02	
1402	2.900396e-03	-1.63271e-02	
1403	2.900397e-03	-1.63262e-02	
1404	2.900398e-03	-1.63252e-02	
1405	2.900399e-03	-1.63243e-02	
1406	2.900400e-03	-1.63233e-02	
1407	2.900401e-03	-1.63224e-02	
1408	2.900402e-03	-1.63214e-02	
1409	2.900403e-03	-1.63205e-02	
1410	2.900404e-03	-1.63195e-02	
1411	2.900405e-03	-1.63186e-02	
1412	2.900406e-03	-1.63176e-02	
1413	2.900407e-03	-1.63166e-02	
1414	2.900408e-03	-1.63157e-02	
1415	2.900409e-03	-1.63147e-02	
1416	2.900410e-03	-1.63137e-02	
1417	2.900411e-03	-1.63128e-02	
1418	2.900412e-03	-1.63118e-02	
1419	2.900413e-03	-1.63108e-02	
1420	2.900414e-03	-1.63098e-02	
1421	2.900415e-03	-1.63089e-02	
1422	2.900416e-03	-1.63079e-02	
1423	2.900417e-03	-1.63069e-02	
1424	2.900418e-03	-1.63059e-02	
1425	2.900419e-03	-1.63049e-02	
1426	2.900420e-03	-1.63039e-02	
1427	2.900421e-03	-1.63029e-02	
1428	2.900422e-03	-1.63019e-02	
1429	2.900423e-03	-1.63009e-02	
1430	2.900424e-03	-1.62999e-02	
1431	2.900425e-03	-1.62989e-02	
1432	2.900426e-03	-1.62979e-02	
1433	2.900427e-03	-1.62969e-02	
1434	2.900428e-03	-1.62959e-02	
1435	2.900429e-03	-1.62949e-02	
1436	2.900430e-03	-1.62939e-02	
1437	2.900431e-03	-1.62929e-02	
1438	2.900432e-03	-1.62919e-02	
1439	2.900433e-03	-1.62908e-02	
1440	2.900434e-03	-1.62898e-02	
1441	2.900435e-03	-1.62888e-02	
1442	2.900436e-03	-1.62877e-02	
1443	2.900437e-03	-1.62867e-02	
1444	2.900438e-03	-1.62857e-02	
1445	2.900439e-03	-1.62846e-02	
1446	2.900440e-03	-1.62836e-02	

Index   time            i(v1n4007)      
--------------------------------------------------------------------------------
1447	2.900441e-03	-1.62826e-02	
1448	2.900442e-03	-1.62815e-02	
1449	2.900443e-03	-1.62805e-02	
1450	2.900444e-03	-1.62794e-02	
1451	2.900445e-03	-1.62784e-02	
1452	2.900446e-03	-1.62773e-02	
1453	2.900447e-03	-1.62762e-02	
1454	2.900448e-03	-1.62752e-02	
1455	2.900449e-03	-1.62741e-02	
1456	2.900450e-03	-1.62731e-02	
1457	2.900451e-03	-1.62720e-02	
1458	2.900452e-03	-1.62709e-02	
1459	2.900453e-03	-1.62698e-02	
1460	2.900454e-03	-1.62688e-02	
1461	2.900455e-03	-1.62677e-02	
1462	2.900456e-03	-1.62666e-02	
1463	2.900457e-03	-1.62655e-02	
1464	2.900458e-03	-1.62644e-02	
1465	2.900459e-03	-1.62633e-02	
1466	2.900460e-03	-1.62622e-02	
1467	2.900461e-03	-1.62611e-02	
1468	2.900462e-03	-1.62600e-02	
1469	2.900463e-03	-1.62589e-02	
1470	2.900464e-03	-1.62578e-02	
1471	2.900465e-03	-1.62567e-02	
1472	2.900466e-03	-1.62556e-02	
1473	2.900467e-03	-1.62545e-02	
1474	2.900468e-03	-1.62534e-02	
1475	2.900469e-03	-1.62523e-02	
1476	2.900470e-03	-1.62511e-02	
1477	2.900471e-03	-1.62500e-02	
1478	2.900472e-03	-1.62489e-02	
1479	2.900473e-03	-1.62477e-02	
1480	2.900474e-03	-1.62466e-02	
1481	2.900475e-03	-1.62455e-02	
1482	2.900476e-03	-1.62443e-02	
1483	2.900477e-03	-1.62432e-02	
1484	2.900478e-03	-1.62420e-02	
1485	2.900479e-03	-1.62409e-02	
1486	2.900480e-03	-1.62397e-02	
1487	2.900481e-03	-1.62386e-02	
1488	2.900482e-03	-1.62374e-02	
1489	2.900483e-03	-1.62362e-02	
1490	2.900484e-03	-1.62351e-02	
1491	2.900485e-03	-1.62339e-02	
1492	2.900486e-03	-1.62327e-02	
1493	2.900487e-03	-1.62315e-02	
1494	2.900488e-03	-1.62304e-02	
1495	2.900489e-03	-1.62292e-02	
1496	2.900490e-03	-1.62280e-02	
1497	2.900491e-03	-1.62268e-02	
1498	2.900492e-03	-1.62256e-02	
1499	2.900493e-03	-1.62244e-02	
1500	2.900494e-03	-1.62232e-02	
1501	2.900495e-03	-1.62220e-02	
1502	2.900496e-03	-1.62208e-02	
1503	2.900497e-03	-1.62196e-02	
1504	2.900498e-03	-1.62183e-02	

Index   time            i(v1n4007)      
--------------------------------------------------------------------------------
1505	2.900499e-03	-1.62171e-02	
1506	2.900500e-03	-1.62159e-02	
1507	2.900501e-03	-1.62147e-02	
1508	2.900502e-03	-1.62134e-02	
1509	2.900503e-03	-1.62122e-02	
1510	2.900504e-03	-1.62110e-02	
1511	2.900505e-03	-1.62097e-02	
1512	2.900506e-03	-1.62085e-02	
1513	2.900507e-03	-1.62072e-02	
1514	2.900508e-03	-1.62060e-02	
1515	2.900509e-03	-1.62047e-02	
1516	2.900510e-03	-1.62035e-02	
1517	2.900511e-03	-1.62022e-02	
1518	2.900512e-03	-1.62009e-02	
1519	2.900513e-03	-1.61997e-02	
1520	2.900514e-03	-1.61984e-02	
1521	2.900515e-03	-1.61971e-02	
1522	2.900516e-03	-1.61958e-02	
1523	2.900517e-03	-1.61945e-02	
1524	2.900518e-03	-1.61932e-02	
1525	2.900519e-03	-1.61919e-02	
1526	2.900520e-03	-1.61906e-02	
1527	2.900521e-03	-1.61893e-02	
1528	2.900522e-03	-1.61880e-02	
1529	2.900523e-03	-1.61867e-02	
1530	2.900524e-03	-1.61854e-02	
1531	2.900525e-03	-1.61841e-02	
1532	2.900526e-03	-1.61827e-02	
1533	2.900527e-03	-1.61814e-02	
1534	2.900528e-03	-1.61801e-02	
1535	2.900529e-03	-1.61787e-02	
1536	2.900530e-03	-1.61774e-02	
1537	2.900531e-03	-1.61760e-02	
1538	2.900532e-03	-1.61747e-02	
1539	2.900533e-03	-1.61733e-02	
1540	2.900534e-03	-1.61720e-02	
1541	2.900535e-03	-1.61706e-02	
1542	2.900536e-03	-1.61692e-02	
1543	2.900537e-03	-1.61679e-02	
1544	2.900538e-03	-1.61665e-02	
1545	2.900539e-03	-1.61651e-02	
1546	2.900540e-03	-1.61637e-02	
1547	2.900541e-03	-1.61623e-02	
1548	2.900542e-03	-1.61609e-02	
1549	2.900543e-03	-1.61595e-02	
1550	2.900544e-03	-1.61581e-02	
1551	2.900545e-03	-1.61567e-02	
1552	2.900546e-03	-1.61553e-02	
1553	2.900547e-03	-1.61538e-02	
1554	2.900548e-03	-1.61524e-02	
1555	2.900549e-03	-1.61510e-02	
1556	2.900550e-03	-1.61495e-02	
1557	2.900551e-03	-1.61481e-02	
1558	2.900552e-03	-1.61467e-02	
1559	2.900553e-03	-1.61452e-02	
1560	2.900554e-03	-1.61437e-02	
1561	2.900555e-03	-1.61423e-02	
1562	2.900556e-03	-1.61408e-02	

Index   time            i(v1n4007)      
--------------------------------------------------------------------------------
1563	2.900557e-03	-1.61393e-02	
1564	2.900558e-03	-1.61379e-02	
1565	2.900559e-03	-1.61364e-02	
1566	2.900560e-03	-1.61349e-02	
1567	2.900561e-03	-1.61334e-02	
1568	2.900562e-03	-1.61319e-02	
1569	2.900563e-03	-1.61304e-02	
1570	2.900564e-03	-1.61289e-02	
1571	2.900565e-03	-1.61273e-02	
1572	2.900566e-03	-1.61258e-02	
1573	2.900567e-03	-1.61243e-02	
1574	2.900568e-03	-1.61228e-02	
1575	2.900569e-03	-1.61212e-02	
1576	2.900570e-03	-1.61197e-02	
1577	2.900571e-03	-1.61181e-02	
1578	2.900572e-03	-1.61166e-02	
1579	2.900573e-03	-1.61150e-02	
1580	2.900574e-03	-1.61134e-02	
1581	2.900575e-03	-1.61118e-02	
1582	2.900576e-03	-1.61103e-02	
1583	2.900577e-03	-1.61087e-02	
1584	2.900578e-03	-1.61071e-02	
1585	2.900579e-03	-1.61055e-02	
1586	2.900580e-03	-1.61039e-02	
1587	2.900581e-03	-1.61023e-02	
1588	2.900582e-03	-1.61006e-02	
1589	2.900583e-03	-1.60990e-02	
1590	2.900584e-03	-1.60974e-02	
1591	2.900585e-03	-1.60957e-02	
1592	2.900586e-03	-1.60941e-02	
1593	2.900587e-03	-1.60924e-02	
1594	2.900588e-03	-1.60908e-02	
1595	2.900589e-03	-1.60891e-02	
1596	2.900590e-03	-1.60874e-02	
1597	2.900591e-03	-1.60857e-02	
1598	2.900592e-03	-1.60841e-02	
1599	2.900593e-03	-1.60824e-02	
1600	2.900594e-03	-1.60807e-02	
1601	2.900595e-03	-1.60789e-02	
1602	2.900596e-03	-1.60772e-02	
1603	2.900597e-03	-1.60755e-02	
1604	2.900598e-03	-1.60738e-02	
1605	2.900599e-03	-1.60720e-02	
1606	2.900600e-03	-1.60703e-02	
1607	2.900601e-03	-1.60685e-02	
1608	2.900602e-03	-1.60668e-02	
1609	2.900603e-03	-1.60650e-02	
1610	2.900604e-03	-1.60632e-02	
1611	2.900605e-03	-1.60614e-02	
1612	2.900606e-03	-1.60596e-02	
1613	2.900607e-03	-1.60578e-02	
1614	2.900608e-03	-1.60560e-02	
1615	2.900609e-03	-1.60542e-02	
1616	2.900610e-03	-1.60524e-02	
1617	2.900611e-03	-1.60505e-02	
1618	2.900612e-03	-1.60487e-02	
1619	2.900613e-03	-1.60469e-02	
1620	2.900614e-03	-1.60450e-02	

Index   time            i(v1n4007)      
--------------------------------------------------------------------------------
1621	2.900615e-03	-1.60431e-02	
1622	2.900616e-03	-1.60412e-02	
1623	2.900617e-03	-1.60394e-02	
1624	2.900618e-03	-1.60375e-02	
1625	2.900619e-03	-1.60356e-02	
1626	2.900620e-03	-1.60336e-02	
1627	2.900621e-03	-1.60317e-02	
1628	2.900622e-03	-1.60298e-02	
1629	2.900623e-03	-1.60279e-02	
1630	2.900624e-03	-1.60259e-02	
1631	2.900625e-03	-1.60239e-02	
1632	2.900626e-03	-1.60220e-02	
1633	2.900627e-03	-1.60200e-02	
1634	2.900628e-03	-1.60180e-02	
1635	2.900629e-03	-1.60160e-02	
1636	2.900630e-03	-1.60140e-02	
1637	2.900631e-03	-1.60120e-02	
1638	2.900632e-03	-1.60100e-02	
1639	2.900633e-03	-1.60079e-02	
1640	2.900634e-03	-1.60059e-02	
1641	2.900635e-03	-1.60038e-02	
1642	2.900636e-03	-1.60017e-02	
1643	2.900637e-03	-1.59997e-02	
1644	2.900638e-03	-1.59976e-02	
1645	2.900639e-03	-1.59955e-02	
1646	2.900640e-03	-1.59933e-02	
1647	2.900641e-03	-1.59912e-02	
1648	2.900642e-03	-1.59891e-02	
1649	2.900643e-03	-1.59869e-02	
1650	2.900644e-03	-1.59848e-02	
1651	2.900645e-03	-1.59826e-02	
1652	2.900646e-03	-1.59804e-02	
1653	2.900647e-03	-1.59782e-02	
1654	2.900648e-03	-1.59760e-02	
1655	2.900649e-03	-1.59738e-02	
1656	2.900650e-03	-1.59716e-02	
1657	2.900651e-03	-1.59693e-02	
1658	2.900652e-03	-1.59671e-02	
1659	2.900653e-03	-1.59648e-02	
1660	2.900654e-03	-1.59625e-02	
1661	2.900655e-03	-1.59602e-02	
1662	2.900656e-03	-1.59579e-02	
1663	2.900657e-03	-1.59556e-02	
1664	2.900658e-03	-1.59532e-02	
1665	2.900659e-03	-1.59509e-02	
1666	2.900660e-03	-1.59485e-02	
1667	2.900661e-03	-1.59461e-02	
1668	2.900662e-03	-1.59437e-02	
1669	2.900663e-03	-1.59413e-02	
1670	2.900664e-03	-1.59389e-02	
1671	2.900665e-03	-1.59365e-02	
1672	2.900666e-03	-1.59340e-02	
1673	2.900667e-03	-1.59316e-02	
1674	2.900668e-03	-1.59291e-02	
1675	2.900669e-03	-1.59266e-02	
1676	2.900670e-03	-1.59241e-02	
1677	2.900671e-03	-1.59215e-02	
1678	2.900672e-03	-1.59190e-02	

Index   time            i(v1n4007)      
--------------------------------------------------------------------------------
1679	2.900673e-03	-1.59164e-02	
1680	2.900674e-03	-1.59138e-02	
1681	2.900675e-03	-1.59112e-02	
1682	2.900676e-03	-1.59086e-02	
1683	2.900677e-03	-1.59060e-02	
1684	2.900678e-03	-1.59034e-02	
1685	2.900679e-03	-1.59007e-02	
1686	2.900680e-03	-1.58980e-02	
1687	2.900681e-03	-1.58953e-02	
1688	2.900682e-03	-1.58926e-02	
1689	2.900683e-03	-1.58898e-02	
1690	2.900684e-03	-1.58871e-02	
1691	2.900685e-03	-1.58843e-02	
1692	2.900686e-03	-1.58815e-02	
1693	2.900687e-03	-1.58787e-02	
1694	2.900688e-03	-1.58759e-02	
1695	2.900689e-03	-1.58730e-02	
1696	2.900690e-03	-1.58701e-02	
1697	2.900691e-03	-1.58672e-02	
1698	2.900692e-03	-1.58643e-02	
1699	2.900693e-03	-1.58614e-02	
1700	2.900694e-03	-1.58584e-02	
1701	2.900695e-03	-1.58554e-02	
1702	2.900696e-03	-1.58524e-02	
1703	2.900697e-03	-1.58494e-02	
1704	2.900698e-03	-1.58463e-02	
1705	2.900699e-03	-1.58432e-02	
1706	2.900700e-03	-1.58401e-02	
1707	2.900701e-03	-1.58370e-02	
1708	2.900702e-03	-1.58338e-02	
1709	2.900703e-03	-1.58307e-02	
1710	2.900704e-03	-1.58275e-02	
1711	2.900705e-03	-1.58242e-02	
1712	2.900706e-03	-1.58210e-02	
1713	2.900707e-03	-1.58177e-02	
1714	2.900708e-03	-1.58144e-02	
1715	2.900709e-03	-1.58110e-02	
1716	2.900710e-03	-1.58077e-02	
1717	2.900711e-03	-1.58043e-02	
1718	2.900712e-03	-1.58008e-02	
1719	2.900713e-03	-1.57974e-02	
1720	2.900714e-03	-1.57939e-02	
1721	2.900715e-03	-1.57904e-02	
1722	2.900716e-03	-1.57868e-02	
1723	2.900717e-03	-1.57832e-02	
1724	2.900718e-03	-1.57796e-02	
1725	2.900719e-03	-1.57760e-02	
1726	2.900720e-03	-1.57723e-02	
1727	2.900721e-03	-1.57686e-02	
1728	2.900722e-03	-1.57648e-02	
1729	2.900723e-03	-1.57610e-02	
1730	2.900724e-03	-1.57572e-02	
1731	2.900725e-03	-1.57533e-02	
1732	2.900726e-03	-1.57494e-02	
1733	2.900727e-03	-1.57455e-02	
1734	2.900728e-03	-1.57415e-02	
1735	2.900729e-03	-1.57375e-02	
1736	2.900730e-03	-1.57334e-02	

Index   time            i(v1n4007)      
--------------------------------------------------------------------------------
1737	2.900731e-03	-1.57293e-02	
1738	2.900732e-03	-1.57251e-02	
1739	2.900733e-03	-1.57209e-02	
1740	2.900734e-03	-1.57167e-02	
1741	2.900735e-03	-1.57124e-02	
1742	2.900736e-03	-1.57081e-02	
1743	2.900737e-03	-1.57037e-02	
1744	2.900738e-03	-1.56993e-02	
1745	2.900739e-03	-1.56948e-02	
1746	2.900740e-03	-1.56902e-02	
1747	2.900741e-03	-1.56857e-02	
1748	2.900742e-03	-1.56810e-02	
1749	2.900743e-03	-1.56763e-02	
1750	2.900744e-03	-1.56716e-02	
1751	2.900745e-03	-1.56667e-02	
1752	2.900746e-03	-1.56619e-02	
1753	2.900747e-03	-1.56569e-02	
1754	2.900748e-03	-1.56519e-02	
1755	2.900749e-03	-1.56469e-02	
1756	2.900750e-03	-1.56417e-02	
1757	2.900751e-03	-1.56365e-02	
1758	2.900752e-03	-1.56313e-02	
1759	2.900753e-03	-1.56259e-02	
1760	2.900754e-03	-1.56205e-02	
1761	2.900755e-03	-1.56150e-02	
1762	2.900756e-03	-1.56095e-02	
1763	2.900757e-03	-1.56038e-02	
1764	2.900758e-03	-1.55981e-02	
1765	2.900759e-03	-1.55923e-02	
1766	2.900760e-03	-1.55864e-02	
1767	2.900761e-03	-1.55804e-02	
1768	2.900762e-03	-1.55743e-02	
1769	2.900763e-03	-1.55681e-02	
1770	2.900764e-03	-1.55618e-02	
1771	2.900765e-03	-1.55554e-02	
1772	2.900766e-03	-1.55489e-02	
1773	2.900767e-03	-1.55423e-02	
1774	2.900768e-03	-1.55356e-02	
1775	2.900769e-03	-1.55288e-02	
1776	2.900770e-03	-1.55218e-02	
1777	2.900771e-03	-1.55147e-02	
1778	2.900772e-03	-1.55075e-02	
1779	2.900773e-03	-1.55002e-02	
1780	2.900774e-03	-1.54927e-02	
1781	2.900775e-03	-1.54850e-02	
1782	2.900776e-03	-1.54772e-02	
1783	2.900777e-03	-1.54693e-02	
1784	2.900778e-03	-1.54612e-02	
1785	2.900779e-03	-1.54529e-02	
1786	2.900780e-03	-1.54444e-02	
1787	2.900781e-03	-1.54357e-02	
1788	2.900782e-03	-1.54269e-02	
1789	2.900783e-03	-1.54178e-02	
1790	2.900784e-03	-1.54085e-02	
1791	2.900785e-03	-1.53990e-02	
1792	2.900786e-03	-1.53893e-02	
1793	2.900787e-03	-1.53793e-02	
1794	2.900788e-03	-1.53690e-02	

Index   time            i(v1n4007)      
--------------------------------------------------------------------------------
1795	2.900789e-03	-1.53585e-02	
1796	2.900790e-03	-1.53476e-02	
1797	2.900791e-03	-1.53365e-02	
1798	2.900792e-03	-1.53250e-02	
1799	2.900793e-03	-1.53132e-02	
1800	2.900794e-03	-1.53010e-02	
1801	2.900795e-03	-1.52884e-02	
1802	2.900796e-03	-1.52754e-02	
1803	2.900797e-03	-1.52619e-02	
1804	2.900798e-03	-1.52479e-02	
1805	2.900799e-03	-1.52335e-02	
1806	2.900800e-03	-1.52184e-02	
1807	2.900801e-03	-1.52028e-02	
1808	2.900802e-03	-1.51865e-02	
1809	2.900803e-03	-1.51695e-02	
1810	2.900804e-03	-1.51517e-02	
1811	2.900805e-03	-1.51331e-02	
1812	2.900806e-03	-1.51135e-02	
1813	2.900807e-03	-1.50928e-02	
1814	2.900808e-03	-1.50710e-02	
1815	2.900809e-03	-1.50480e-02	
1816	2.900810e-03	-1.50234e-02	
1817	2.900811e-03	-1.49972e-02	
1818	2.900812e-03	-1.49691e-02	
1819	2.900813e-03	-1.49388e-02	
1820	2.900814e-03	-1.49059e-02	
1821	2.900815e-03	-1.48701e-02	
1822	2.900816e-03	-1.48305e-02	
1823	2.900817e-03	-1.47865e-02	
1824	2.900818e-03	-1.47369e-02	
1825	2.900819e-03	-1.46801e-02	
1826	2.900820e-03	-1.46137e-02	
1827	2.900821e-03	-1.45338e-02	
1828	2.900822e-03	-1.44338e-02	
1829	2.900823e-03	-1.43007e-02	
1830	2.900824e-03	-1.40989e-02	
1831	2.900825e-03	-1.36864e-02	
1832	2.900826e-03	-1.15342e-02	
1833	2.900827e-03	-7.85755e-03	
1834	2.900828e-03	-5.14913e-03	
1835	2.900829e-03	-3.29578e-03	
1836	2.900830e-03	-2.07896e-03	
1837	2.900831e-03	-1.29961e-03	
1838	2.900832e-03	-8.08468e-04	
1839	2.900833e-03	-5.01661e-04	
1840	2.900834e-03	-3.10447e-04	
1841	2.900835e-03	-1.91790e-04	
1842	2.900836e-03	-1.18361e-04	
1843	2.900837e-03	-7.29969e-05	
1844	2.900838e-03	-4.50013e-05	
1845	2.900839e-03	-2.77355e-05	
1846	2.900840e-03	-1.70914e-05	
1847	2.900841e-03	-1.05313e-05	
1848	2.900842e-03	-6.48870e-06	
1849	2.900843e-03	-3.99779e-06	
1850	2.900844e-03	-2.46306e-06	
1851	2.900845e-03	-1.51749e-06	
1852	2.900846e-03	-9.34932e-07	

Index   time            i(v1n4007)      
--------------------------------------------------------------------------------
1853	2.900847e-03	-5.76023e-07	
1854	2.900848e-03	-3.54905e-07	
1855	2.900849e-03	-2.18679e-07	
1856	2.900850e-03	-1.34753e-07	
1857	2.900851e-03	-8.30479e-08	
1858	2.900852e-03	-5.11937e-08	
1859	2.900853e-03	-3.15691e-08	
1860	2.900854e-03	-1.94788e-08	
1861	2.900855e-03	-1.20303e-08	
1862	2.900856e-03	-7.44149e-09	
1863	2.900857e-03	-4.61443e-09	
1864	2.900858e-03	-2.87274e-09	
1865	2.900859e-03	-1.79973e-09	
1866	2.900860e-03	-1.13868e-09	
1867	2.900861e-03	-7.31416e-10	
1868	2.900862e-03	-4.80513e-10	
1869	2.900863e-03	-3.25939e-10	
1870	2.900864e-03	-2.30709e-10	
1871	2.900865e-03	-1.72040e-10	
1872	2.900866e-03	-1.35896e-10	
1873	2.900867e-03	-1.13628e-10	
1874	2.900868e-03	-9.99104e-11	
1875	2.900869e-03	-9.14593e-11	
1876	2.900870e-03	-8.62522e-11	
1877	2.900871e-03	-8.30434e-11	
1878	2.900872e-03	-8.10671e-11	
1879	2.900873e-03	-7.98504e-11	
1880	2.900874e-03	-7.91008e-11	
1881	2.900875e-03	-7.86386e-11	
1882	2.900876e-03	-7.83538e-11	
1883	2.900877e-03	-7.81780e-11	
1884	2.900878e-03	-7.80692e-11	
1885	2.900879e-03	-7.80024e-11	
1886	2.900880e-03	-7.79620e-11	
1887	2.900881e-03	-7.79375e-11	
1888	2.900882e-03	-7.79220e-11	
1889	2.900883e-03	-7.79118e-11	
1890	2.900884e-03	-7.79050e-11	
1891	2.900885e-03	-7.79012e-11	
1892	2.900886e-03	-7.78994e-11	
1893	2.900887e-03	-7.78984e-11	
1894	2.900888e-03	-7.78978e-11	
1895	2.900889e-03	-7.78968e-11	
1896	2.900890e-03	-7.78957e-11	
1897	2.900891e-03	-7.78954e-11	
1898	2.900892e-03	-7.78953e-11	
1899	2.900893e-03	-7.78951e-11	
1900	2.900894e-03	-7.78951e-11	
1901	2.900895e-03	-7.78950e-11	
1902	2.900896e-03	-7.78950e-11	
1903	2.900897e-03	-7.78950e-11	
1904	2.900898e-03	-7.78950e-11	
1905	2.900899e-03	-7.78950e-11	
1906	2.900900e-03	-7.78950e-11	
1907	2.900901e-03	-7.78950e-11	
1908	2.900902e-03	-7.78950e-11	
1909	2.900903e-03	-7.78950e-11	
1910	2.900904e-03	-7.78950e-11	

Index   time            i(v1n4007)      
--------------------------------------------------------------------------------
1911	2.900905e-03	-7.78950e-11	
1912	2.900906e-03	-7.78950e-11	
1913	2.900907e-03	-7.78950e-11	
1914	2.900908e-03	-7.78950e-11	
1915	2.900909e-03	-7.78950e-11	
1916	2.900910e-03	-7.78950e-11	
1917	2.900911e-03	-7.78950e-11	
1918	2.900912e-03	-7.78950e-11	
1919	2.900913e-03	-7.78950e-11	
1920	2.900914e-03	-7.78950e-11	
1921	2.900915e-03	-7.78950e-11	
1922	2.900916e-03	-7.78950e-11	
1923	2.900917e-03	-7.78950e-11	
1924	2.900918e-03	-7.78950e-11	
1925	2.900919e-03	-7.78950e-11	
1926	2.900920e-03	-7.78950e-11	
1927	2.900921e-03	-7.78950e-11	
1928	2.900922e-03	-7.78950e-11	
1929	2.900923e-03	-7.78950e-11	
1930	2.900924e-03	-7.78950e-11	
1931	2.900925e-03	-7.78950e-11	
1932	2.900926e-03	-7.78950e-11	
1933	2.900927e-03	-7.78950e-11	
1934	2.900928e-03	-7.78950e-11	
1935	2.900929e-03	-7.78950e-11	
1936	2.900930e-03	-7.78950e-11	
1937	2.900931e-03	-7.78950e-11	
1938	2.900932e-03	-7.78950e-11	
1939	2.900933e-03	-7.78950e-11	
1940	2.900934e-03	-7.78950e-11	
1941	2.900935e-03	-7.78950e-11	
1942	2.900936e-03	-7.78950e-11	
1943	2.900937e-03	-7.78950e-11	
1944	2.900938e-03	-7.78950e-11	
1945	2.900939e-03	-7.78950e-11	
1946	2.900940e-03	-7.78950e-11	
1947	2.900941e-03	-7.78950e-11	
1948	2.900942e-03	-7.78950e-11	
1949	2.900943e-03	-7.78950e-11	
1950	2.900944e-03	-7.78950e-11	
1951	2.900945e-03	-7.78950e-11	
1952	2.900946e-03	-7.78950e-11	
1953	2.900947e-03	-7.78950e-11	
1954	2.900948e-03	-7.78950e-11	
1955	2.900949e-03	-7.78950e-11	
1956	2.900950e-03	-7.78950e-11	
1957	2.900951e-03	-7.78950e-11	
1958	2.900952e-03	-7.78950e-11	
1959	2.900953e-03	-7.78950e-11	
1960	2.900954e-03	-7.78950e-11	
1961	2.900955e-03	-7.78950e-11	
1962	2.900956e-03	-7.78950e-11	
1963	2.900957e-03	-7.78950e-11	
1964	2.900958e-03	-7.78950e-11	
1965	2.900959e-03	-7.78950e-11	
1966	2.900960e-03	-7.78950e-11	
1967	2.900961e-03	-7.78950e-11	
1968	2.900962e-03	-7.78950e-11	

Index   time            i(v1n4007)      
--------------------------------------------------------------------------------
1969	2.900963e-03	-7.78950e-11	
1970	2.900964e-03	-7.78950e-11	
1971	2.900965e-03	-7.78950e-11	
1972	2.900966e-03	-7.78950e-11	
1973	2.900967e-03	-7.78950e-11	
1974	2.900968e-03	-7.78950e-11	
1975	2.900969e-03	-7.78950e-11	
1976	2.900970e-03	-7.78950e-11	
1977	2.900971e-03	-7.78950e-11	
1978	2.900972e-03	-7.78950e-11	
1979	2.900973e-03	-7.78950e-11	
1980	2.900974e-03	-7.78950e-11	
1981	2.900975e-03	-7.78950e-11	
1982	2.900976e-03	-7.78950e-11	
1983	2.900977e-03	-7.78950e-11	
1984	2.900978e-03	-7.78950e-11	
1985	2.900979e-03	-7.78950e-11	
1986	2.900980e-03	-7.78950e-11	
1987	2.900981e-03	-7.78950e-11	
1988	2.900982e-03	-7.78950e-11	
1989	2.900983e-03	-7.78950e-11	
1990	2.900984e-03	-7.78950e-11	
1991	2.900985e-03	-7.78950e-11	
1992	2.900986e-03	-7.78950e-11	
1993	2.900987e-03	-7.78950e-11	
1994	2.900988e-03	-7.78950e-11	
1995	2.900989e-03	-7.78950e-11	
1996	2.900990e-03	-7.78950e-11	
1997	2.900991e-03	-7.78950e-11	
1998	2.900992e-03	-7.78950e-11	
1999	2.900993e-03	-7.78950e-11	
2000	2.900994e-03	-7.78950e-11	
2001	2.900995e-03	-7.78950e-11	
2002	2.900996e-03	-7.78950e-11	
2003	2.900997e-03	-7.78950e-11	
2004	2.900998e-03	-7.78950e-11	
2005	2.900999e-03	-7.78950e-11	
2006	2.901000e-03	-7.78951e-11	
