                      1n4007 diode recovery time at 100khz
                      Transient Analysis  Sun Aug 21 12:02:36  2022
--------------------------------------------------------------------------------
Index   time            i(v1n4007)      
--------------------------------------------------------------------------------
0	4.989000e-03	3.432285e-03	
1	4.989001e-03	3.432275e-03	
2	4.989002e-03	3.432266e-03	
3	4.989003e-03	3.432256e-03	
4	4.989004e-03	3.432246e-03	
5	4.989005e-03	3.432236e-03	
6	4.989006e-03	3.432227e-03	
7	4.989007e-03	3.432217e-03	
8	4.989008e-03	3.432207e-03	
9	4.989009e-03	3.432198e-03	
10	4.989010e-03	3.432188e-03	
11	4.989011e-03	3.432178e-03	
12	4.989012e-03	3.432169e-03	
13	4.989013e-03	3.432159e-03	
14	4.989014e-03	3.432150e-03	
15	4.989015e-03	3.432140e-03	
16	4.989016e-03	3.432130e-03	
17	4.989017e-03	3.432121e-03	
18	4.989018e-03	3.432111e-03	
19	4.989019e-03	3.432101e-03	
20	4.989020e-03	3.432092e-03	
21	4.989021e-03	3.432082e-03	
22	4.989022e-03	3.432072e-03	
23	4.989023e-03	3.432063e-03	
24	4.989024e-03	3.432053e-03	
25	4.989025e-03	3.432044e-03	
26	4.989026e-03	3.432034e-03	
27	4.989027e-03	3.432024e-03	
28	4.989028e-03	3.432015e-03	
29	4.989029e-03	3.432005e-03	
30	4.989030e-03	3.431995e-03	
31	4.989031e-03	3.431986e-03	
32	4.989032e-03	3.431976e-03	
33	4.989033e-03	3.431967e-03	
34	4.989034e-03	3.431957e-03	
35	4.989035e-03	3.431947e-03	
36	4.989036e-03	3.431938e-03	
37	4.989037e-03	3.431928e-03	
38	4.989038e-03	3.431919e-03	
39	4.989039e-03	3.431909e-03	
40	4.989040e-03	3.431900e-03	
41	4.989041e-03	3.431890e-03	
42	4.989042e-03	3.431880e-03	
43	4.989043e-03	3.431871e-03	
44	4.989044e-03	3.431861e-03	
45	4.989045e-03	3.431852e-03	
46	4.989046e-03	3.431842e-03	
47	4.989047e-03	3.431833e-03	
48	4.989048e-03	3.431823e-03	
49	4.989049e-03	3.431813e-03	
50	4.989050e-03	3.431804e-03	
51	4.989051e-03	3.431794e-03	
52	4.989052e-03	3.431785e-03	
53	4.989053e-03	3.431775e-03	
54	4.989054e-03	3.431766e-03	

Index   time            i(v1n4007)      
--------------------------------------------------------------------------------
55	4.989055e-03	3.431756e-03	
56	4.989056e-03	3.431747e-03	
57	4.989057e-03	3.431737e-03	
58	4.989058e-03	3.431728e-03	
59	4.989059e-03	3.431718e-03	
60	4.989060e-03	3.431709e-03	
61	4.989061e-03	3.431699e-03	
62	4.989062e-03	3.431689e-03	
63	4.989063e-03	3.431680e-03	
64	4.989064e-03	3.431670e-03	
65	4.989065e-03	3.431661e-03	
66	4.989066e-03	3.431651e-03	
67	4.989067e-03	3.431642e-03	
68	4.989068e-03	3.431632e-03	
69	4.989069e-03	3.431623e-03	
70	4.989070e-03	3.431613e-03	
71	4.989071e-03	3.431604e-03	
72	4.989072e-03	3.431594e-03	
73	4.989073e-03	3.431585e-03	
74	4.989074e-03	3.431575e-03	
75	4.989075e-03	3.431566e-03	
76	4.989076e-03	3.431557e-03	
77	4.989077e-03	3.431547e-03	
78	4.989078e-03	3.431538e-03	
79	4.989079e-03	3.431528e-03	
80	4.989080e-03	3.431519e-03	
81	4.989081e-03	3.431509e-03	
82	4.989082e-03	3.431500e-03	
83	4.989083e-03	3.431490e-03	
84	4.989084e-03	3.431481e-03	
85	4.989085e-03	3.431471e-03	
86	4.989086e-03	3.431462e-03	
87	4.989087e-03	3.431452e-03	
88	4.989088e-03	3.431443e-03	
89	4.989089e-03	3.431433e-03	
90	4.989090e-03	3.431424e-03	
91	4.989091e-03	3.431415e-03	
92	4.989092e-03	3.431405e-03	
93	4.989093e-03	3.431396e-03	
94	4.989094e-03	3.431386e-03	
95	4.989095e-03	3.431377e-03	
96	4.989096e-03	3.431367e-03	
97	4.989097e-03	3.431358e-03	
98	4.989098e-03	3.431349e-03	
99	4.989099e-03	3.431339e-03	
100	4.989100e-03	3.431330e-03	
101	4.989101e-03	3.431320e-03	
102	4.989102e-03	3.431311e-03	
103	4.989103e-03	3.431302e-03	
104	4.989104e-03	3.431292e-03	
105	4.989105e-03	3.431283e-03	
106	4.989106e-03	3.431273e-03	
107	4.989107e-03	3.431264e-03	
108	4.989108e-03	3.431254e-03	
109	4.989109e-03	3.431245e-03	
110	4.989110e-03	3.431236e-03	
111	4.989111e-03	3.431226e-03	
112	4.989112e-03	3.431217e-03	

Index   time            i(v1n4007)      
--------------------------------------------------------------------------------
113	4.989113e-03	3.431208e-03	
114	4.989114e-03	3.431198e-03	
115	4.989115e-03	3.431189e-03	
116	4.989116e-03	3.431179e-03	
117	4.989117e-03	3.431170e-03	
118	4.989118e-03	3.431161e-03	
119	4.989119e-03	3.431151e-03	
120	4.989120e-03	3.431142e-03	
121	4.989121e-03	3.431133e-03	
122	4.989122e-03	3.431123e-03	
123	4.989123e-03	3.431114e-03	
124	4.989124e-03	3.431105e-03	
125	4.989125e-03	3.431095e-03	
126	4.989126e-03	3.431086e-03	
127	4.989127e-03	3.431076e-03	
128	4.989128e-03	3.431067e-03	
129	4.989129e-03	3.431058e-03	
130	4.989130e-03	3.431048e-03	
131	4.989131e-03	3.431039e-03	
132	4.989132e-03	3.431030e-03	
133	4.989133e-03	3.431020e-03	
134	4.989134e-03	3.431011e-03	
135	4.989135e-03	3.431002e-03	
136	4.989136e-03	3.430992e-03	
137	4.989137e-03	3.430983e-03	
138	4.989138e-03	3.430974e-03	
139	4.989139e-03	3.430965e-03	
140	4.989140e-03	3.430955e-03	
141	4.989141e-03	3.430946e-03	
142	4.989142e-03	3.430937e-03	
143	4.989143e-03	3.430927e-03	
144	4.989144e-03	3.430918e-03	
145	4.989145e-03	3.430909e-03	
146	4.989146e-03	3.430899e-03	
147	4.989147e-03	3.430890e-03	
148	4.989148e-03	3.430881e-03	
149	4.989149e-03	3.430872e-03	
150	4.989150e-03	3.430862e-03	
151	4.989151e-03	3.430853e-03	
152	4.989152e-03	3.430844e-03	
153	4.989153e-03	3.430834e-03	
154	4.989154e-03	3.430825e-03	
155	4.989155e-03	3.430816e-03	
156	4.989156e-03	3.430807e-03	
157	4.989157e-03	3.430797e-03	
158	4.989158e-03	3.430788e-03	
159	4.989159e-03	3.430779e-03	
160	4.989160e-03	3.430770e-03	
161	4.989161e-03	3.430760e-03	
162	4.989162e-03	3.430751e-03	
163	4.989163e-03	3.430742e-03	
164	4.989164e-03	3.430733e-03	
165	4.989165e-03	3.430723e-03	
166	4.989166e-03	3.430714e-03	
167	4.989167e-03	3.430705e-03	
168	4.989168e-03	3.430696e-03	
169	4.989169e-03	3.430686e-03	
170	4.989170e-03	3.430677e-03	

Index   time            i(v1n4007)      
--------------------------------------------------------------------------------
171	4.989171e-03	3.430668e-03	
172	4.989172e-03	3.430659e-03	
173	4.989173e-03	3.430649e-03	
174	4.989174e-03	3.430640e-03	
175	4.989175e-03	3.430631e-03	
176	4.989176e-03	3.430622e-03	
177	4.989177e-03	3.430613e-03	
178	4.989178e-03	3.430603e-03	
179	4.989179e-03	3.430594e-03	
180	4.989180e-03	3.430585e-03	
181	4.989181e-03	3.430576e-03	
182	4.989182e-03	3.430567e-03	
183	4.989183e-03	3.430557e-03	
184	4.989184e-03	3.430548e-03	
185	4.989185e-03	3.430539e-03	
186	4.989186e-03	3.430530e-03	
187	4.989187e-03	3.430521e-03	
188	4.989188e-03	3.430511e-03	
189	4.989189e-03	3.430502e-03	
190	4.989190e-03	3.430493e-03	
191	4.989191e-03	3.430484e-03	
192	4.989192e-03	3.430475e-03	
193	4.989193e-03	3.430466e-03	
194	4.989194e-03	3.430456e-03	
195	4.989195e-03	3.430447e-03	
196	4.989196e-03	3.430438e-03	
197	4.989197e-03	3.430429e-03	
198	4.989198e-03	3.430420e-03	
199	4.989199e-03	3.430411e-03	
200	4.989200e-03	3.430401e-03	
201	4.989201e-03	3.430392e-03	
202	4.989202e-03	3.430383e-03	
203	4.989203e-03	3.430374e-03	
204	4.989204e-03	3.430365e-03	
205	4.989205e-03	3.430356e-03	
206	4.989206e-03	3.430347e-03	
207	4.989207e-03	3.430337e-03	
208	4.989208e-03	3.430328e-03	
209	4.989209e-03	3.430319e-03	
210	4.989210e-03	3.430310e-03	
211	4.989211e-03	3.430301e-03	
212	4.989212e-03	3.430292e-03	
213	4.989213e-03	3.430283e-03	
214	4.989214e-03	3.430274e-03	
215	4.989215e-03	3.430264e-03	
216	4.989216e-03	3.430255e-03	
217	4.989217e-03	3.430246e-03	
218	4.989218e-03	3.430237e-03	
219	4.989219e-03	3.430228e-03	
220	4.989220e-03	3.430219e-03	
221	4.989221e-03	3.430210e-03	
222	4.989222e-03	3.430201e-03	
223	4.989223e-03	3.430192e-03	
224	4.989224e-03	3.430182e-03	
225	4.989225e-03	3.430173e-03	
226	4.989226e-03	3.430164e-03	
227	4.989227e-03	3.430155e-03	
228	4.989228e-03	3.430146e-03	

Index   time            i(v1n4007)      
--------------------------------------------------------------------------------
229	4.989229e-03	3.430137e-03	
230	4.989230e-03	3.430128e-03	
231	4.989231e-03	3.430119e-03	
232	4.989232e-03	3.430110e-03	
233	4.989233e-03	3.430101e-03	
234	4.989234e-03	3.430092e-03	
235	4.989235e-03	3.430083e-03	
236	4.989236e-03	3.430074e-03	
237	4.989237e-03	3.430065e-03	
238	4.989238e-03	3.430055e-03	
239	4.989239e-03	3.430046e-03	
240	4.989240e-03	3.430037e-03	
241	4.989241e-03	3.430028e-03	
242	4.989242e-03	3.430019e-03	
243	4.989243e-03	3.430010e-03	
244	4.989244e-03	3.430001e-03	
245	4.989245e-03	3.429992e-03	
246	4.989246e-03	3.429983e-03	
247	4.989247e-03	3.429974e-03	
248	4.989248e-03	3.429965e-03	
249	4.989249e-03	3.429956e-03	
250	4.989250e-03	3.429947e-03	
251	4.989251e-03	3.429938e-03	
252	4.989252e-03	3.429929e-03	
253	4.989253e-03	3.429920e-03	
254	4.989254e-03	3.429911e-03	
255	4.989255e-03	3.429902e-03	
256	4.989256e-03	3.429893e-03	
257	4.989257e-03	3.429884e-03	
258	4.989258e-03	3.429875e-03	
259	4.989259e-03	3.429866e-03	
260	4.989260e-03	3.429857e-03	
261	4.989261e-03	3.429848e-03	
262	4.989262e-03	3.429839e-03	
263	4.989263e-03	3.429830e-03	
264	4.989264e-03	3.429821e-03	
265	4.989265e-03	3.429812e-03	
266	4.989266e-03	3.429803e-03	
267	4.989267e-03	3.429794e-03	
268	4.989268e-03	3.429785e-03	
269	4.989269e-03	3.429776e-03	
270	4.989270e-03	3.429767e-03	
271	4.989271e-03	3.429758e-03	
272	4.989272e-03	3.429749e-03	
273	4.989273e-03	3.429740e-03	
274	4.989274e-03	3.429731e-03	
275	4.989275e-03	3.429722e-03	
276	4.989276e-03	3.429713e-03	
277	4.989277e-03	3.429704e-03	
278	4.989278e-03	3.429695e-03	
279	4.989279e-03	3.429686e-03	
280	4.989280e-03	3.429677e-03	
281	4.989281e-03	3.429668e-03	
282	4.989282e-03	3.429660e-03	
283	4.989283e-03	3.429651e-03	
284	4.989284e-03	3.429642e-03	
285	4.989285e-03	3.429633e-03	
286	4.989286e-03	3.429624e-03	

Index   time            i(v1n4007)      
--------------------------------------------------------------------------------
287	4.989287e-03	3.429615e-03	
288	4.989288e-03	3.429606e-03	
289	4.989289e-03	3.429597e-03	
290	4.989290e-03	3.429588e-03	
291	4.989291e-03	3.429579e-03	
292	4.989292e-03	3.429570e-03	
293	4.989293e-03	3.429561e-03	
294	4.989294e-03	3.429552e-03	
295	4.989295e-03	3.429544e-03	
296	4.989296e-03	3.429535e-03	
297	4.989297e-03	3.429526e-03	
298	4.989298e-03	3.429517e-03	
299	4.989299e-03	3.429508e-03	
300	4.989300e-03	3.429499e-03	
301	4.989301e-03	3.429490e-03	
302	4.989302e-03	3.429481e-03	
303	4.989303e-03	3.429472e-03	
304	4.989304e-03	3.429463e-03	
305	4.989305e-03	3.429455e-03	
306	4.989306e-03	3.429446e-03	
307	4.989307e-03	3.429437e-03	
308	4.989308e-03	3.429428e-03	
309	4.989309e-03	3.429419e-03	
310	4.989310e-03	3.429410e-03	
311	4.989311e-03	3.429401e-03	
312	4.989312e-03	3.429392e-03	
313	4.989313e-03	3.429384e-03	
314	4.989314e-03	3.429375e-03	
315	4.989315e-03	3.429366e-03	
316	4.989316e-03	3.429357e-03	
317	4.989317e-03	3.429348e-03	
318	4.989318e-03	3.429339e-03	
319	4.989319e-03	3.429330e-03	
320	4.989320e-03	3.429322e-03	
321	4.989321e-03	3.429313e-03	
322	4.989322e-03	3.429304e-03	
323	4.989323e-03	3.429295e-03	
324	4.989324e-03	3.429286e-03	
325	4.989325e-03	3.429277e-03	
326	4.989326e-03	3.429269e-03	
327	4.989327e-03	3.429260e-03	
328	4.989328e-03	3.429251e-03	
329	4.989329e-03	3.429242e-03	
330	4.989330e-03	3.429233e-03	
331	4.989331e-03	3.429224e-03	
332	4.989332e-03	3.429216e-03	
333	4.989333e-03	3.429207e-03	
334	4.989334e-03	3.429198e-03	
335	4.989335e-03	3.429189e-03	
336	4.989336e-03	3.429180e-03	
337	4.989337e-03	3.429172e-03	
338	4.989338e-03	3.429163e-03	
339	4.989339e-03	3.429154e-03	
340	4.989340e-03	3.429145e-03	
341	4.989341e-03	3.429136e-03	
342	4.989342e-03	3.429128e-03	
343	4.989343e-03	3.429119e-03	
344	4.989344e-03	3.429110e-03	

Index   time            i(v1n4007)      
--------------------------------------------------------------------------------
345	4.989345e-03	3.429101e-03	
346	4.989346e-03	3.429092e-03	
347	4.989347e-03	3.429084e-03	
348	4.989348e-03	3.429075e-03	
349	4.989349e-03	3.429066e-03	
350	4.989350e-03	3.429057e-03	
351	4.989351e-03	3.429049e-03	
352	4.989352e-03	3.429040e-03	
353	4.989353e-03	3.429031e-03	
354	4.989354e-03	3.429022e-03	
355	4.989355e-03	3.429013e-03	
356	4.989356e-03	3.429005e-03	
357	4.989357e-03	3.428996e-03	
358	4.989358e-03	3.428987e-03	
359	4.989359e-03	3.428978e-03	
360	4.989360e-03	3.428970e-03	
361	4.989361e-03	3.428961e-03	
362	4.989362e-03	3.428952e-03	
363	4.989363e-03	3.428943e-03	
364	4.989364e-03	3.428935e-03	
365	4.989365e-03	3.428926e-03	
366	4.989366e-03	3.428917e-03	
367	4.989367e-03	3.428909e-03	
368	4.989368e-03	3.428900e-03	
369	4.989369e-03	3.428891e-03	
370	4.989370e-03	3.428882e-03	
371	4.989371e-03	3.428874e-03	
372	4.989372e-03	3.428865e-03	
373	4.989373e-03	3.428856e-03	
374	4.989374e-03	3.428848e-03	
375	4.989375e-03	3.428839e-03	
376	4.989376e-03	3.428830e-03	
377	4.989377e-03	3.428821e-03	
378	4.989378e-03	3.428813e-03	
379	4.989379e-03	3.428804e-03	
380	4.989380e-03	3.428795e-03	
381	4.989381e-03	3.428787e-03	
382	4.989382e-03	3.428778e-03	
383	4.989383e-03	3.428769e-03	
384	4.989384e-03	3.428761e-03	
385	4.989385e-03	3.428752e-03	
386	4.989386e-03	3.428743e-03	
387	4.989387e-03	3.428734e-03	
388	4.989388e-03	3.428726e-03	
389	4.989389e-03	3.428717e-03	
390	4.989390e-03	3.428708e-03	
391	4.989391e-03	3.428700e-03	
392	4.989392e-03	3.428691e-03	
393	4.989393e-03	3.428682e-03	
394	4.989394e-03	3.428674e-03	
395	4.989395e-03	3.428665e-03	
396	4.989396e-03	3.428656e-03	
397	4.989397e-03	3.428648e-03	
398	4.989398e-03	3.428639e-03	
399	4.989399e-03	3.428630e-03	
400	4.989400e-03	3.428622e-03	
401	4.989401e-03	3.428613e-03	
402	4.989402e-03	3.428605e-03	

Index   time            i(v1n4007)      
--------------------------------------------------------------------------------
403	4.989403e-03	3.428596e-03	
404	4.989404e-03	3.428587e-03	
405	4.989405e-03	3.428579e-03	
406	4.989406e-03	3.428570e-03	
407	4.989407e-03	3.428561e-03	
408	4.989408e-03	3.428553e-03	
409	4.989409e-03	3.428544e-03	
410	4.989410e-03	3.428535e-03	
411	4.989411e-03	3.428527e-03	
412	4.989412e-03	3.428518e-03	
413	4.989413e-03	3.428510e-03	
414	4.989414e-03	3.428501e-03	
415	4.989415e-03	3.428492e-03	
416	4.989416e-03	3.428484e-03	
417	4.989417e-03	3.428475e-03	
418	4.989418e-03	3.428467e-03	
419	4.989419e-03	3.428458e-03	
420	4.989420e-03	3.428449e-03	
421	4.989421e-03	3.428441e-03	
422	4.989422e-03	3.428432e-03	
423	4.989423e-03	3.428424e-03	
424	4.989424e-03	3.428415e-03	
425	4.989425e-03	3.428406e-03	
426	4.989426e-03	3.428398e-03	
427	4.989427e-03	3.428389e-03	
428	4.989428e-03	3.428381e-03	
429	4.989429e-03	3.428372e-03	
430	4.989430e-03	3.428363e-03	
431	4.989431e-03	3.428355e-03	
432	4.989432e-03	3.428346e-03	
433	4.989433e-03	3.428338e-03	
434	4.989434e-03	3.428329e-03	
435	4.989435e-03	3.428321e-03	
436	4.989436e-03	3.428312e-03	
437	4.989437e-03	3.428303e-03	
438	4.989438e-03	3.428295e-03	
439	4.989439e-03	3.428286e-03	
440	4.989440e-03	3.428278e-03	
441	4.989441e-03	3.428269e-03	
442	4.989442e-03	3.428261e-03	
443	4.989443e-03	3.428252e-03	
444	4.989444e-03	3.428244e-03	
445	4.989445e-03	3.428235e-03	
446	4.989446e-03	3.428227e-03	
447	4.989447e-03	3.428218e-03	
448	4.989448e-03	3.428209e-03	
449	4.989449e-03	3.428201e-03	
450	4.989450e-03	3.428192e-03	
451	4.989451e-03	3.428184e-03	
452	4.989452e-03	3.428175e-03	
453	4.989453e-03	3.428167e-03	
454	4.989454e-03	3.428158e-03	
455	4.989455e-03	3.428150e-03	
456	4.989456e-03	3.428141e-03	
457	4.989457e-03	3.428133e-03	
458	4.989458e-03	3.428124e-03	
459	4.989459e-03	3.428116e-03	
460	4.989460e-03	3.428107e-03	

Index   time            i(v1n4007)      
--------------------------------------------------------------------------------
461	4.989461e-03	3.428099e-03	
462	4.989462e-03	3.428090e-03	
463	4.989463e-03	3.428082e-03	
464	4.989464e-03	3.428073e-03	
465	4.989465e-03	3.428065e-03	
466	4.989466e-03	3.428056e-03	
467	4.989467e-03	3.428048e-03	
468	4.989468e-03	3.428039e-03	
469	4.989469e-03	3.428031e-03	
470	4.989470e-03	3.428022e-03	
471	4.989471e-03	3.428014e-03	
472	4.989472e-03	3.428005e-03	
473	4.989473e-03	3.427997e-03	
474	4.989474e-03	3.427988e-03	
475	4.989475e-03	3.427980e-03	
476	4.989476e-03	3.427972e-03	
477	4.989477e-03	3.427963e-03	
478	4.989478e-03	3.427955e-03	
479	4.989479e-03	3.427946e-03	
480	4.989480e-03	3.427938e-03	
481	4.989481e-03	3.427929e-03	
482	4.989482e-03	3.427921e-03	
483	4.989483e-03	3.427912e-03	
484	4.989484e-03	3.427904e-03	
485	4.989485e-03	3.427895e-03	
486	4.989486e-03	3.427887e-03	
487	4.989487e-03	3.427879e-03	
488	4.989488e-03	3.427870e-03	
489	4.989489e-03	3.427862e-03	
490	4.989490e-03	3.427853e-03	
491	4.989491e-03	3.427845e-03	
492	4.989492e-03	3.427836e-03	
493	4.989493e-03	3.427828e-03	
494	4.989494e-03	3.427820e-03	
495	4.989495e-03	3.427811e-03	
496	4.989496e-03	3.427803e-03	
497	4.989497e-03	3.427794e-03	
498	4.989498e-03	3.427786e-03	
499	4.989499e-03	3.427777e-03	
500	4.989500e-03	3.427769e-03	
501	4.989501e-03	3.427761e-03	
502	4.989502e-03	3.427752e-03	
503	4.989503e-03	3.427744e-03	
504	4.989504e-03	3.427735e-03	
505	4.989505e-03	3.427727e-03	
506	4.989506e-03	3.427719e-03	
507	4.989507e-03	3.427710e-03	
508	4.989508e-03	3.427702e-03	
509	4.989509e-03	3.427693e-03	
510	4.989510e-03	3.427685e-03	
511	4.989511e-03	3.427677e-03	
512	4.989512e-03	3.427668e-03	
513	4.989513e-03	3.427660e-03	
514	4.989514e-03	3.427652e-03	
515	4.989515e-03	3.427643e-03	
516	4.989516e-03	3.427635e-03	
517	4.989517e-03	3.427626e-03	
518	4.989518e-03	3.427618e-03	

Index   time            i(v1n4007)      
--------------------------------------------------------------------------------
519	4.989519e-03	3.427610e-03	
520	4.989520e-03	3.427601e-03	
521	4.989521e-03	3.427593e-03	
522	4.989522e-03	3.427585e-03	
523	4.989523e-03	3.427576e-03	
524	4.989524e-03	3.427568e-03	
525	4.989525e-03	3.427560e-03	
526	4.989526e-03	3.427551e-03	
527	4.989527e-03	3.427543e-03	
528	4.989528e-03	3.427535e-03	
529	4.989529e-03	3.427526e-03	
530	4.989530e-03	3.427518e-03	
531	4.989531e-03	3.427510e-03	
532	4.989532e-03	3.427501e-03	
533	4.989533e-03	3.427493e-03	
534	4.989534e-03	3.427485e-03	
535	4.989535e-03	3.427476e-03	
536	4.989536e-03	3.427468e-03	
537	4.989537e-03	3.427460e-03	
538	4.989538e-03	3.427451e-03	
539	4.989539e-03	3.427443e-03	
540	4.989540e-03	3.427435e-03	
541	4.989541e-03	3.427426e-03	
542	4.989542e-03	3.427418e-03	
543	4.989543e-03	3.427410e-03	
544	4.989544e-03	3.427401e-03	
545	4.989545e-03	3.427393e-03	
546	4.989546e-03	3.427385e-03	
547	4.989547e-03	3.427376e-03	
548	4.989548e-03	3.427368e-03	
549	4.989549e-03	3.427360e-03	
550	4.989550e-03	3.427352e-03	
551	4.989551e-03	3.427343e-03	
552	4.989552e-03	3.427335e-03	
553	4.989553e-03	3.427327e-03	
554	4.989554e-03	3.427318e-03	
555	4.989555e-03	3.427310e-03	
556	4.989556e-03	3.427302e-03	
557	4.989557e-03	3.427294e-03	
558	4.989558e-03	3.427285e-03	
559	4.989559e-03	3.427277e-03	
560	4.989560e-03	3.427269e-03	
561	4.989561e-03	3.427261e-03	
562	4.989562e-03	3.427252e-03	
563	4.989563e-03	3.427244e-03	
564	4.989564e-03	3.427236e-03	
565	4.989565e-03	3.427227e-03	
566	4.989566e-03	3.427219e-03	
567	4.989567e-03	3.427211e-03	
568	4.989568e-03	3.427203e-03	
569	4.989569e-03	3.427194e-03	
570	4.989570e-03	3.427186e-03	
571	4.989571e-03	3.427178e-03	
572	4.989572e-03	3.427170e-03	
573	4.989573e-03	3.427162e-03	
574	4.989574e-03	3.427153e-03	
575	4.989575e-03	3.427145e-03	
576	4.989576e-03	3.427137e-03	

Index   time            i(v1n4007)      
--------------------------------------------------------------------------------
577	4.989577e-03	3.427129e-03	
578	4.989578e-03	3.427120e-03	
579	4.989579e-03	3.427112e-03	
580	4.989580e-03	3.427104e-03	
581	4.989581e-03	3.427096e-03	
582	4.989582e-03	3.427087e-03	
583	4.989583e-03	3.427079e-03	
584	4.989584e-03	3.427071e-03	
585	4.989585e-03	3.427063e-03	
586	4.989586e-03	3.427055e-03	
587	4.989587e-03	3.427046e-03	
588	4.989588e-03	3.427038e-03	
589	4.989589e-03	3.427030e-03	
590	4.989590e-03	3.427022e-03	
591	4.989591e-03	3.427014e-03	
592	4.989592e-03	3.427005e-03	
593	4.989593e-03	3.426997e-03	
594	4.989594e-03	3.426989e-03	
595	4.989595e-03	3.426981e-03	
596	4.989596e-03	3.426973e-03	
597	4.989597e-03	3.426964e-03	
598	4.989598e-03	3.426956e-03	
599	4.989599e-03	3.426948e-03	
600	4.989600e-03	3.426940e-03	
601	4.989601e-03	3.426932e-03	
602	4.989602e-03	3.426924e-03	
603	4.989603e-03	3.426915e-03	
604	4.989604e-03	3.426907e-03	
605	4.989605e-03	3.426899e-03	
606	4.989606e-03	3.426891e-03	
607	4.989607e-03	3.426883e-03	
608	4.989608e-03	3.426875e-03	
609	4.989609e-03	3.426866e-03	
610	4.989610e-03	3.426858e-03	
611	4.989611e-03	3.426850e-03	
612	4.989612e-03	3.426842e-03	
613	4.989613e-03	3.426834e-03	
614	4.989614e-03	3.426826e-03	
615	4.989615e-03	3.426818e-03	
616	4.989616e-03	3.426809e-03	
617	4.989617e-03	3.426801e-03	
618	4.989618e-03	3.426793e-03	
619	4.989619e-03	3.426785e-03	
620	4.989620e-03	3.426777e-03	
621	4.989621e-03	3.426769e-03	
622	4.989622e-03	3.426761e-03	
623	4.989623e-03	3.426753e-03	
624	4.989624e-03	3.426744e-03	
625	4.989625e-03	3.426736e-03	
626	4.989626e-03	3.426728e-03	
627	4.989627e-03	3.426720e-03	
628	4.989628e-03	3.426712e-03	
629	4.989629e-03	3.426704e-03	
630	4.989630e-03	3.426696e-03	
631	4.989631e-03	3.426688e-03	
632	4.989632e-03	3.426680e-03	
633	4.989633e-03	3.426671e-03	
634	4.989634e-03	3.426663e-03	

Index   time            i(v1n4007)      
--------------------------------------------------------------------------------
635	4.989635e-03	3.426655e-03	
636	4.989636e-03	3.426647e-03	
637	4.989637e-03	3.426639e-03	
638	4.989638e-03	3.426631e-03	
639	4.989639e-03	3.426623e-03	
640	4.989640e-03	3.426615e-03	
641	4.989641e-03	3.426607e-03	
642	4.989642e-03	3.426599e-03	
643	4.989643e-03	3.426591e-03	
644	4.989644e-03	3.426582e-03	
645	4.989645e-03	3.426574e-03	
646	4.989646e-03	3.426566e-03	
647	4.989647e-03	3.426558e-03	
648	4.989648e-03	3.426550e-03	
649	4.989649e-03	3.426542e-03	
650	4.989650e-03	3.426534e-03	
651	4.989651e-03	3.426526e-03	
652	4.989652e-03	3.426518e-03	
653	4.989653e-03	3.426510e-03	
654	4.989654e-03	3.426502e-03	
655	4.989655e-03	3.426494e-03	
656	4.989656e-03	3.426486e-03	
657	4.989657e-03	3.426478e-03	
658	4.989658e-03	3.426470e-03	
659	4.989659e-03	3.426462e-03	
660	4.989660e-03	3.426454e-03	
661	4.989661e-03	3.426446e-03	
662	4.989662e-03	3.426438e-03	
663	4.989663e-03	3.426429e-03	
664	4.989664e-03	3.426421e-03	
665	4.989665e-03	3.426413e-03	
666	4.989666e-03	3.426405e-03	
667	4.989667e-03	3.426397e-03	
668	4.989668e-03	3.426389e-03	
669	4.989669e-03	3.426381e-03	
670	4.989670e-03	3.426373e-03	
671	4.989671e-03	3.426365e-03	
672	4.989672e-03	3.426357e-03	
673	4.989673e-03	3.426349e-03	
674	4.989674e-03	3.426341e-03	
675	4.989675e-03	3.426333e-03	
676	4.989676e-03	3.426325e-03	
677	4.989677e-03	3.426317e-03	
678	4.989678e-03	3.426309e-03	
679	4.989679e-03	3.426301e-03	
680	4.989680e-03	3.426293e-03	
681	4.989681e-03	3.426285e-03	
682	4.989682e-03	3.426277e-03	
683	4.989683e-03	3.426269e-03	
684	4.989684e-03	3.426261e-03	
685	4.989685e-03	3.426253e-03	
686	4.989686e-03	3.426245e-03	
687	4.989687e-03	3.426237e-03	
688	4.989688e-03	3.426229e-03	
689	4.989689e-03	3.426221e-03	
690	4.989690e-03	3.426213e-03	
691	4.989691e-03	3.426205e-03	
692	4.989692e-03	3.426197e-03	

Index   time            i(v1n4007)      
--------------------------------------------------------------------------------
693	4.989693e-03	3.426190e-03	
694	4.989694e-03	3.426182e-03	
695	4.989695e-03	3.426174e-03	
696	4.989696e-03	3.426166e-03	
697	4.989697e-03	3.426158e-03	
698	4.989698e-03	3.426150e-03	
699	4.989699e-03	3.426142e-03	
700	4.989700e-03	3.426134e-03	
701	4.989701e-03	3.426126e-03	
702	4.989702e-03	3.426118e-03	
703	4.989703e-03	3.426110e-03	
704	4.989704e-03	3.426102e-03	
705	4.989705e-03	3.426094e-03	
706	4.989706e-03	3.426086e-03	
707	4.989707e-03	3.426078e-03	
708	4.989708e-03	3.426070e-03	
709	4.989709e-03	3.426062e-03	
710	4.989710e-03	3.426054e-03	
711	4.989711e-03	3.426047e-03	
712	4.989712e-03	3.426039e-03	
713	4.989713e-03	3.426031e-03	
714	4.989714e-03	3.426023e-03	
715	4.989715e-03	3.426015e-03	
716	4.989716e-03	3.426007e-03	
717	4.989717e-03	3.425999e-03	
718	4.989718e-03	3.425991e-03	
719	4.989719e-03	3.425983e-03	
720	4.989720e-03	3.425975e-03	
721	4.989721e-03	3.425967e-03	
722	4.989722e-03	3.425960e-03	
723	4.989723e-03	3.425952e-03	
724	4.989724e-03	3.425944e-03	
725	4.989725e-03	3.425936e-03	
726	4.989726e-03	3.425928e-03	
727	4.989727e-03	3.425920e-03	
728	4.989728e-03	3.425912e-03	
729	4.989729e-03	3.425904e-03	
730	4.989730e-03	3.425896e-03	
731	4.989731e-03	3.425888e-03	
732	4.989732e-03	3.425881e-03	
733	4.989733e-03	3.425873e-03	
734	4.989734e-03	3.425865e-03	
735	4.989735e-03	3.425857e-03	
736	4.989736e-03	3.425849e-03	
737	4.989737e-03	3.425841e-03	
738	4.989738e-03	3.425833e-03	
739	4.989739e-03	3.425826e-03	
740	4.989740e-03	3.425818e-03	
741	4.989741e-03	3.425810e-03	
742	4.989742e-03	3.425802e-03	
743	4.989743e-03	3.425794e-03	
744	4.989744e-03	3.425786e-03	
745	4.989745e-03	3.425778e-03	
746	4.989746e-03	3.425771e-03	
747	4.989747e-03	3.425763e-03	
748	4.989748e-03	3.425755e-03	
749	4.989749e-03	3.425747e-03	
750	4.989750e-03	3.425739e-03	

Index   time            i(v1n4007)      
--------------------------------------------------------------------------------
751	4.989751e-03	3.425731e-03	
752	4.989752e-03	3.425724e-03	
753	4.989753e-03	3.425716e-03	
754	4.989754e-03	3.425708e-03	
755	4.989755e-03	3.425700e-03	
756	4.989756e-03	3.425692e-03	
757	4.989757e-03	3.425684e-03	
758	4.989758e-03	3.425677e-03	
759	4.989759e-03	3.425669e-03	
760	4.989760e-03	3.425661e-03	
761	4.989761e-03	3.425653e-03	
762	4.989762e-03	3.425645e-03	
763	4.989763e-03	3.425637e-03	
764	4.989764e-03	3.425630e-03	
765	4.989765e-03	3.425622e-03	
766	4.989766e-03	3.425614e-03	
767	4.989767e-03	3.425606e-03	
768	4.989768e-03	3.425598e-03	
769	4.989769e-03	3.425591e-03	
770	4.989770e-03	3.425583e-03	
771	4.989771e-03	3.425575e-03	
772	4.989772e-03	3.425567e-03	
773	4.989773e-03	3.425559e-03	
774	4.989774e-03	3.425552e-03	
775	4.989775e-03	3.425544e-03	
776	4.989776e-03	3.425536e-03	
777	4.989777e-03	3.425528e-03	
778	4.989778e-03	3.425521e-03	
779	4.989779e-03	3.425513e-03	
780	4.989780e-03	3.425505e-03	
781	4.989781e-03	3.425497e-03	
782	4.989782e-03	3.425489e-03	
783	4.989783e-03	3.425482e-03	
784	4.989784e-03	3.425474e-03	
785	4.989785e-03	3.425466e-03	
786	4.989786e-03	3.425458e-03	
787	4.989787e-03	3.425451e-03	
788	4.989788e-03	3.425443e-03	
789	4.989789e-03	3.425435e-03	
790	4.989790e-03	3.425427e-03	
791	4.989791e-03	3.425420e-03	
792	4.989792e-03	3.425412e-03	
793	4.989793e-03	3.425404e-03	
794	4.989794e-03	3.425396e-03	
795	4.989795e-03	3.425389e-03	
796	4.989796e-03	3.425381e-03	
797	4.989797e-03	3.425373e-03	
798	4.989798e-03	3.425365e-03	
799	4.989799e-03	3.425358e-03	
800	4.989800e-03	3.425350e-03	
801	4.989801e-03	3.425342e-03	
802	4.989802e-03	3.425335e-03	
803	4.989803e-03	3.425327e-03	
804	4.989804e-03	3.425319e-03	
805	4.989805e-03	3.425311e-03	
806	4.989806e-03	3.425304e-03	
807	4.989807e-03	3.425296e-03	
808	4.989808e-03	3.425288e-03	

Index   time            i(v1n4007)      
--------------------------------------------------------------------------------
809	4.989809e-03	3.425281e-03	
810	4.989810e-03	3.425273e-03	
811	4.989811e-03	3.425265e-03	
812	4.989812e-03	3.425257e-03	
813	4.989813e-03	3.425250e-03	
814	4.989814e-03	3.425242e-03	
815	4.989815e-03	3.425234e-03	
816	4.989816e-03	3.425227e-03	
817	4.989817e-03	3.425219e-03	
818	4.989818e-03	3.425211e-03	
819	4.989819e-03	3.425204e-03	
820	4.989820e-03	3.425196e-03	
821	4.989821e-03	3.425188e-03	
822	4.989822e-03	3.425180e-03	
823	4.989823e-03	3.425173e-03	
824	4.989824e-03	3.425165e-03	
825	4.989825e-03	3.425157e-03	
826	4.989826e-03	3.425150e-03	
827	4.989827e-03	3.425142e-03	
828	4.989828e-03	3.425134e-03	
829	4.989829e-03	3.425127e-03	
830	4.989830e-03	3.425119e-03	
831	4.989831e-03	3.425111e-03	
832	4.989832e-03	3.425104e-03	
833	4.989833e-03	3.425096e-03	
834	4.989834e-03	3.425088e-03	
835	4.989835e-03	3.425081e-03	
836	4.989836e-03	3.425073e-03	
837	4.989837e-03	3.425066e-03	
838	4.989838e-03	3.425058e-03	
839	4.989839e-03	3.425050e-03	
840	4.989840e-03	3.425043e-03	
841	4.989841e-03	3.425035e-03	
842	4.989842e-03	3.425027e-03	
843	4.989843e-03	3.425020e-03	
844	4.989844e-03	3.425012e-03	
845	4.989845e-03	3.425004e-03	
846	4.989846e-03	3.424997e-03	
847	4.989847e-03	3.424989e-03	
848	4.989848e-03	3.424981e-03	
849	4.989849e-03	3.424974e-03	
850	4.989850e-03	3.424966e-03	
851	4.989851e-03	3.424959e-03	
852	4.989852e-03	3.424951e-03	
853	4.989853e-03	3.424943e-03	
854	4.989854e-03	3.424936e-03	
855	4.989855e-03	3.424928e-03	
856	4.989856e-03	3.424921e-03	
857	4.989857e-03	3.424913e-03	
858	4.989858e-03	3.424905e-03	
859	4.989859e-03	3.424898e-03	
860	4.989860e-03	3.424890e-03	
861	4.989861e-03	3.424883e-03	
862	4.989862e-03	3.424875e-03	
863	4.989863e-03	3.424867e-03	
864	4.989864e-03	3.424860e-03	
865	4.989865e-03	3.424852e-03	
866	4.989866e-03	3.424845e-03	

Index   time            i(v1n4007)      
--------------------------------------------------------------------------------
867	4.989867e-03	3.424837e-03	
868	4.989868e-03	3.424829e-03	
869	4.989869e-03	3.424822e-03	
870	4.989870e-03	3.424814e-03	
871	4.989871e-03	3.424807e-03	
872	4.989872e-03	3.424799e-03	
873	4.989873e-03	3.424791e-03	
874	4.989874e-03	3.424784e-03	
875	4.989875e-03	3.424776e-03	
876	4.989876e-03	3.424769e-03	
877	4.989877e-03	3.424761e-03	
878	4.989878e-03	3.424754e-03	
879	4.989879e-03	3.424746e-03	
880	4.989880e-03	3.424739e-03	
881	4.989881e-03	3.424731e-03	
882	4.989882e-03	3.424723e-03	
883	4.989883e-03	3.424716e-03	
884	4.989884e-03	3.424708e-03	
885	4.989885e-03	3.424701e-03	
886	4.989886e-03	3.424693e-03	
887	4.989887e-03	3.424686e-03	
888	4.989888e-03	3.424678e-03	
889	4.989889e-03	3.424671e-03	
890	4.989890e-03	3.424663e-03	
891	4.989891e-03	3.424656e-03	
892	4.989892e-03	3.424648e-03	
893	4.989893e-03	3.424640e-03	
894	4.989894e-03	3.424633e-03	
895	4.989895e-03	3.424625e-03	
896	4.989896e-03	3.424618e-03	
897	4.989897e-03	3.424610e-03	
898	4.989898e-03	3.424603e-03	
899	4.989899e-03	3.424595e-03	
900	4.989900e-03	3.424588e-03	
901	4.989901e-03	3.424580e-03	
902	4.989902e-03	3.424573e-03	
903	4.989903e-03	3.424565e-03	
904	4.989904e-03	3.424558e-03	
905	4.989905e-03	3.424550e-03	
906	4.989906e-03	3.424543e-03	
907	4.989907e-03	3.424535e-03	
908	4.989908e-03	3.424528e-03	
909	4.989909e-03	3.424520e-03	
910	4.989910e-03	3.424513e-03	
911	4.989911e-03	3.424505e-03	
912	4.989912e-03	3.424498e-03	
913	4.989913e-03	3.424490e-03	
914	4.989914e-03	3.424483e-03	
915	4.989915e-03	3.424475e-03	
916	4.989916e-03	3.424468e-03	
917	4.989917e-03	3.424460e-03	
918	4.989918e-03	3.424453e-03	
919	4.989919e-03	3.424445e-03	
920	4.989920e-03	3.424438e-03	
921	4.989921e-03	3.424430e-03	
922	4.989922e-03	3.424423e-03	
923	4.989923e-03	3.424415e-03	
924	4.989924e-03	3.424408e-03	

Index   time            i(v1n4007)      
--------------------------------------------------------------------------------
925	4.989925e-03	3.424401e-03	
926	4.989926e-03	3.424393e-03	
927	4.989927e-03	3.424386e-03	
928	4.989928e-03	3.424378e-03	
929	4.989929e-03	3.424371e-03	
930	4.989930e-03	3.424363e-03	
931	4.989931e-03	3.424356e-03	
932	4.989932e-03	3.424348e-03	
933	4.989933e-03	3.424341e-03	
934	4.989934e-03	3.424333e-03	
935	4.989935e-03	3.424326e-03	
936	4.989936e-03	3.424319e-03	
937	4.989937e-03	3.424311e-03	
938	4.989938e-03	3.424304e-03	
939	4.989939e-03	3.424296e-03	
940	4.989940e-03	3.424289e-03	
941	4.989941e-03	3.424281e-03	
942	4.989942e-03	3.424274e-03	
943	4.989943e-03	3.424267e-03	
944	4.989944e-03	3.424259e-03	
945	4.989945e-03	3.424252e-03	
946	4.989946e-03	3.424244e-03	
947	4.989947e-03	3.424237e-03	
948	4.989948e-03	3.424229e-03	
949	4.989949e-03	3.424222e-03	
950	4.989950e-03	3.424215e-03	
951	4.989951e-03	3.424207e-03	
952	4.989952e-03	3.424200e-03	
953	4.989953e-03	3.424192e-03	
954	4.989954e-03	3.424185e-03	
955	4.989955e-03	3.424178e-03	
956	4.989956e-03	3.424170e-03	
957	4.989957e-03	3.424163e-03	
958	4.989958e-03	3.424155e-03	
959	4.989959e-03	3.424148e-03	
960	4.989960e-03	3.424141e-03	
961	4.989961e-03	3.424133e-03	
962	4.989962e-03	3.424126e-03	
963	4.989963e-03	3.424118e-03	
964	4.989964e-03	3.424111e-03	
965	4.989965e-03	3.424104e-03	
966	4.989966e-03	3.424096e-03	
967	4.989967e-03	3.424089e-03	
968	4.989968e-03	3.424082e-03	
969	4.989969e-03	3.424074e-03	
970	4.989970e-03	3.424067e-03	
971	4.989971e-03	3.424059e-03	
972	4.989972e-03	3.424052e-03	
973	4.989973e-03	3.424045e-03	
974	4.989974e-03	3.424037e-03	
975	4.989975e-03	3.424030e-03	
976	4.989976e-03	3.424023e-03	
977	4.989977e-03	3.424015e-03	
978	4.989978e-03	3.424008e-03	
979	4.989979e-03	3.424000e-03	
980	4.989980e-03	3.423993e-03	
981	4.989981e-03	3.423986e-03	
982	4.989982e-03	3.423978e-03	

Index   time            i(v1n4007)      
--------------------------------------------------------------------------------
983	4.989983e-03	3.423971e-03	
984	4.989984e-03	3.423964e-03	
985	4.989985e-03	3.423956e-03	
986	4.989986e-03	3.423949e-03	
987	4.989987e-03	3.423942e-03	
988	4.989988e-03	3.423934e-03	
989	4.989989e-03	3.423927e-03	
990	4.989990e-03	3.423920e-03	
991	4.989991e-03	3.423912e-03	
992	4.989992e-03	3.423905e-03	
993	4.989993e-03	3.423898e-03	
994	4.989994e-03	3.423890e-03	
995	4.989995e-03	3.423883e-03	
996	4.989996e-03	3.423876e-03	
997	4.989997e-03	3.423868e-03	
998	4.989998e-03	3.423861e-03	
999	4.989999e-03	3.423854e-03	
1000	4.990000e-03	3.423847e-03	
1001	4.990001e-03	3.423841e-03	
1002	4.990001e-03	1.424685e-03	
1003	4.990001e-03	-2.57362e-03	
1004	4.990002e-03	-1.05701e-02	
1005	4.990002e-03	-1.65675e-02	
1006	4.990002e-03	-1.65674e-02	
1007	4.990002e-03	-1.65674e-02	
1008	4.990003e-03	-1.65672e-02	
1009	4.990003e-03	-1.65668e-02	
1010	4.990004e-03	-1.65663e-02	
1011	4.990005e-03	-1.65658e-02	
1012	4.990006e-03	-1.65652e-02	
1013	4.990007e-03	-1.65647e-02	
1014	4.990008e-03	-1.65641e-02	
1015	4.990009e-03	-1.65636e-02	
1016	4.990010e-03	-1.65630e-02	
1017	4.990011e-03	-1.65625e-02	
1018	4.990012e-03	-1.65619e-02	
1019	4.990013e-03	-1.65614e-02	
1020	4.990014e-03	-1.65608e-02	
1021	4.990015e-03	-1.65603e-02	
1022	4.990016e-03	-1.65597e-02	
1023	4.990017e-03	-1.65592e-02	
1024	4.990018e-03	-1.65586e-02	
1025	4.990019e-03	-1.65581e-02	
1026	4.990020e-03	-1.65575e-02	
1027	4.990021e-03	-1.65570e-02	
1028	4.990022e-03	-1.65564e-02	
1029	4.990023e-03	-1.65558e-02	
1030	4.990024e-03	-1.65553e-02	
1031	4.990025e-03	-1.65547e-02	
1032	4.990026e-03	-1.65542e-02	
1033	4.990027e-03	-1.65536e-02	
1034	4.990028e-03	-1.65531e-02	
1035	4.990029e-03	-1.65525e-02	
1036	4.990030e-03	-1.65519e-02	
1037	4.990031e-03	-1.65514e-02	
1038	4.990032e-03	-1.65508e-02	
1039	4.990033e-03	-1.65502e-02	
1040	4.990034e-03	-1.65497e-02	

Index   time            i(v1n4007)      
--------------------------------------------------------------------------------
1041	4.990035e-03	-1.65491e-02	
1042	4.990036e-03	-1.65486e-02	
1043	4.990037e-03	-1.65480e-02	
1044	4.990038e-03	-1.65474e-02	
1045	4.990039e-03	-1.65469e-02	
1046	4.990040e-03	-1.65463e-02	
1047	4.990041e-03	-1.65457e-02	
1048	4.990042e-03	-1.65452e-02	
1049	4.990043e-03	-1.65446e-02	
1050	4.990044e-03	-1.65440e-02	
1051	4.990045e-03	-1.65434e-02	
1052	4.990046e-03	-1.65429e-02	
1053	4.990047e-03	-1.65423e-02	
1054	4.990048e-03	-1.65417e-02	
1055	4.990049e-03	-1.65411e-02	
1056	4.990050e-03	-1.65406e-02	
1057	4.990051e-03	-1.65400e-02	
1058	4.990052e-03	-1.65394e-02	
1059	4.990053e-03	-1.65388e-02	
1060	4.990054e-03	-1.65383e-02	
1061	4.990055e-03	-1.65377e-02	
1062	4.990056e-03	-1.65371e-02	
1063	4.990057e-03	-1.65365e-02	
1064	4.990058e-03	-1.65359e-02	
1065	4.990059e-03	-1.65354e-02	
1066	4.990060e-03	-1.65348e-02	
1067	4.990061e-03	-1.65342e-02	
1068	4.990062e-03	-1.65336e-02	
1069	4.990063e-03	-1.65330e-02	
1070	4.990064e-03	-1.65324e-02	
1071	4.990065e-03	-1.65319e-02	
1072	4.990066e-03	-1.65313e-02	
1073	4.990067e-03	-1.65307e-02	
1074	4.990068e-03	-1.65301e-02	
1075	4.990069e-03	-1.65295e-02	
1076	4.990070e-03	-1.65289e-02	
1077	4.990071e-03	-1.65283e-02	
1078	4.990072e-03	-1.65277e-02	
1079	4.990073e-03	-1.65271e-02	
1080	4.990074e-03	-1.65265e-02	
1081	4.990075e-03	-1.65260e-02	
1082	4.990076e-03	-1.65254e-02	
1083	4.990077e-03	-1.65248e-02	
1084	4.990078e-03	-1.65242e-02	
1085	4.990079e-03	-1.65236e-02	
1086	4.990080e-03	-1.65230e-02	
1087	4.990081e-03	-1.65224e-02	
1088	4.990082e-03	-1.65218e-02	
1089	4.990083e-03	-1.65212e-02	
1090	4.990084e-03	-1.65206e-02	
1091	4.990085e-03	-1.65200e-02	
1092	4.990086e-03	-1.65194e-02	
1093	4.990087e-03	-1.65188e-02	
1094	4.990088e-03	-1.65182e-02	
1095	4.990089e-03	-1.65176e-02	
1096	4.990090e-03	-1.65169e-02	
1097	4.990091e-03	-1.65163e-02	
1098	4.990092e-03	-1.65157e-02	

Index   time            i(v1n4007)      
--------------------------------------------------------------------------------
1099	4.990093e-03	-1.65151e-02	
1100	4.990094e-03	-1.65145e-02	
1101	4.990095e-03	-1.65139e-02	
1102	4.990096e-03	-1.65133e-02	
1103	4.990097e-03	-1.65127e-02	
1104	4.990098e-03	-1.65121e-02	
1105	4.990099e-03	-1.65115e-02	
1106	4.990100e-03	-1.65108e-02	
1107	4.990101e-03	-1.65102e-02	
1108	4.990102e-03	-1.65096e-02	
1109	4.990103e-03	-1.65090e-02	
1110	4.990104e-03	-1.65084e-02	
1111	4.990105e-03	-1.65078e-02	
1112	4.990106e-03	-1.65071e-02	
1113	4.990107e-03	-1.65065e-02	
1114	4.990108e-03	-1.65059e-02	
1115	4.990109e-03	-1.65053e-02	
1116	4.990110e-03	-1.65046e-02	
1117	4.990111e-03	-1.65040e-02	
1118	4.990112e-03	-1.65034e-02	
1119	4.990113e-03	-1.65028e-02	
1120	4.990114e-03	-1.65021e-02	
1121	4.990115e-03	-1.65015e-02	
1122	4.990116e-03	-1.65009e-02	
1123	4.990117e-03	-1.65003e-02	
1124	4.990118e-03	-1.64996e-02	
1125	4.990119e-03	-1.64990e-02	
1126	4.990120e-03	-1.64984e-02	
1127	4.990121e-03	-1.64977e-02	
1128	4.990122e-03	-1.64971e-02	
1129	4.990123e-03	-1.64965e-02	
1130	4.990124e-03	-1.64958e-02	
1131	4.990125e-03	-1.64952e-02	
1132	4.990126e-03	-1.64946e-02	
1133	4.990127e-03	-1.64939e-02	
1134	4.990128e-03	-1.64933e-02	
1135	4.990129e-03	-1.64926e-02	
1136	4.990130e-03	-1.64920e-02	
1137	4.990131e-03	-1.64914e-02	
1138	4.990132e-03	-1.64907e-02	
1139	4.990133e-03	-1.64901e-02	
1140	4.990134e-03	-1.64894e-02	
1141	4.990135e-03	-1.64888e-02	
1142	4.990136e-03	-1.64881e-02	
1143	4.990137e-03	-1.64875e-02	
1144	4.990138e-03	-1.64868e-02	
1145	4.990139e-03	-1.64862e-02	
1146	4.990140e-03	-1.64855e-02	
1147	4.990141e-03	-1.64849e-02	
1148	4.990142e-03	-1.64842e-02	
1149	4.990143e-03	-1.64836e-02	
1150	4.990144e-03	-1.64829e-02	
1151	4.990145e-03	-1.64823e-02	
1152	4.990146e-03	-1.64816e-02	
1153	4.990147e-03	-1.64810e-02	
1154	4.990148e-03	-1.64803e-02	
1155	4.990149e-03	-1.64796e-02	
1156	4.990150e-03	-1.64790e-02	

Index   time            i(v1n4007)      
--------------------------------------------------------------------------------
1157	4.990151e-03	-1.64783e-02	
1158	4.990152e-03	-1.64777e-02	
1159	4.990153e-03	-1.64770e-02	
1160	4.990154e-03	-1.64763e-02	
1161	4.990155e-03	-1.64757e-02	
1162	4.990156e-03	-1.64750e-02	
1163	4.990157e-03	-1.64743e-02	
1164	4.990158e-03	-1.64737e-02	
1165	4.990159e-03	-1.64730e-02	
1166	4.990160e-03	-1.64723e-02	
1167	4.990161e-03	-1.64717e-02	
1168	4.990162e-03	-1.64710e-02	
1169	4.990163e-03	-1.64703e-02	
1170	4.990164e-03	-1.64696e-02	
1171	4.990165e-03	-1.64690e-02	
1172	4.990166e-03	-1.64683e-02	
1173	4.990167e-03	-1.64676e-02	
1174	4.990168e-03	-1.64669e-02	
1175	4.990169e-03	-1.64663e-02	
1176	4.990170e-03	-1.64656e-02	
1177	4.990171e-03	-1.64649e-02	
1178	4.990172e-03	-1.64642e-02	
1179	4.990173e-03	-1.64635e-02	
1180	4.990174e-03	-1.64628e-02	
1181	4.990175e-03	-1.64622e-02	
1182	4.990176e-03	-1.64615e-02	
1183	4.990177e-03	-1.64608e-02	
1184	4.990178e-03	-1.64601e-02	
1185	4.990179e-03	-1.64594e-02	
1186	4.990180e-03	-1.64587e-02	
1187	4.990181e-03	-1.64580e-02	
1188	4.990182e-03	-1.64573e-02	
1189	4.990183e-03	-1.64566e-02	
1190	4.990184e-03	-1.64559e-02	
1191	4.990185e-03	-1.64552e-02	
1192	4.990186e-03	-1.64545e-02	
1193	4.990187e-03	-1.64538e-02	
1194	4.990188e-03	-1.64531e-02	
1195	4.990189e-03	-1.64524e-02	
1196	4.990190e-03	-1.64517e-02	
1197	4.990191e-03	-1.64510e-02	
1198	4.990192e-03	-1.64503e-02	
1199	4.990193e-03	-1.64496e-02	
1200	4.990194e-03	-1.64489e-02	
1201	4.990195e-03	-1.64482e-02	
1202	4.990196e-03	-1.64475e-02	
1203	4.990197e-03	-1.64468e-02	
1204	4.990198e-03	-1.64461e-02	
1205	4.990199e-03	-1.64454e-02	
1206	4.990200e-03	-1.64447e-02	
1207	4.990201e-03	-1.64439e-02	
1208	4.990202e-03	-1.64432e-02	
1209	4.990203e-03	-1.64425e-02	
1210	4.990204e-03	-1.64418e-02	
1211	4.990205e-03	-1.64411e-02	
1212	4.990206e-03	-1.64403e-02	
1213	4.990207e-03	-1.64396e-02	
1214	4.990208e-03	-1.64389e-02	

Index   time            i(v1n4007)      
--------------------------------------------------------------------------------
1215	4.990209e-03	-1.64382e-02	
1216	4.990210e-03	-1.64374e-02	
1217	4.990211e-03	-1.64367e-02	
1218	4.990212e-03	-1.64360e-02	
1219	4.990213e-03	-1.64353e-02	
1220	4.990214e-03	-1.64345e-02	
1221	4.990215e-03	-1.64338e-02	
1222	4.990216e-03	-1.64331e-02	
1223	4.990217e-03	-1.64323e-02	
1224	4.990218e-03	-1.64316e-02	
1225	4.990219e-03	-1.64309e-02	
1226	4.990220e-03	-1.64301e-02	
1227	4.990221e-03	-1.64294e-02	
1228	4.990222e-03	-1.64286e-02	
1229	4.990223e-03	-1.64279e-02	
1230	4.990224e-03	-1.64272e-02	
1231	4.990225e-03	-1.64264e-02	
1232	4.990226e-03	-1.64257e-02	
1233	4.990227e-03	-1.64249e-02	
1234	4.990228e-03	-1.64242e-02	
1235	4.990229e-03	-1.64234e-02	
1236	4.990230e-03	-1.64227e-02	
1237	4.990231e-03	-1.64219e-02	
1238	4.990232e-03	-1.64212e-02	
1239	4.990233e-03	-1.64204e-02	
1240	4.990234e-03	-1.64197e-02	
1241	4.990235e-03	-1.64189e-02	
1242	4.990236e-03	-1.64181e-02	
1243	4.990237e-03	-1.64174e-02	
1244	4.990238e-03	-1.64166e-02	
1245	4.990239e-03	-1.64159e-02	
1246	4.990240e-03	-1.64151e-02	
1247	4.990241e-03	-1.64143e-02	
1248	4.990242e-03	-1.64136e-02	
1249	4.990243e-03	-1.64128e-02	
1250	4.990244e-03	-1.64120e-02	
1251	4.990245e-03	-1.64113e-02	
1252	4.990246e-03	-1.64105e-02	
1253	4.990247e-03	-1.64097e-02	
1254	4.990248e-03	-1.64089e-02	
1255	4.990249e-03	-1.64082e-02	
1256	4.990250e-03	-1.64074e-02	
1257	4.990251e-03	-1.64066e-02	
1258	4.990252e-03	-1.64058e-02	
1259	4.990253e-03	-1.64050e-02	
1260	4.990254e-03	-1.64043e-02	
1261	4.990255e-03	-1.64035e-02	
1262	4.990256e-03	-1.64027e-02	
1263	4.990257e-03	-1.64019e-02	
1264	4.990258e-03	-1.64011e-02	
1265	4.990259e-03	-1.64003e-02	
1266	4.990260e-03	-1.63995e-02	
1267	4.990261e-03	-1.63987e-02	
1268	4.990262e-03	-1.63979e-02	
1269	4.990263e-03	-1.63971e-02	
1270	4.990264e-03	-1.63964e-02	
1271	4.990265e-03	-1.63956e-02	
1272	4.990266e-03	-1.63948e-02	

Index   time            i(v1n4007)      
--------------------------------------------------------------------------------
1273	4.990267e-03	-1.63939e-02	
1274	4.990268e-03	-1.63931e-02	
1275	4.990269e-03	-1.63923e-02	
1276	4.990270e-03	-1.63915e-02	
1277	4.990271e-03	-1.63907e-02	
1278	4.990272e-03	-1.63899e-02	
1279	4.990273e-03	-1.63891e-02	
1280	4.990274e-03	-1.63883e-02	
1281	4.990275e-03	-1.63875e-02	
1282	4.990276e-03	-1.63867e-02	
1283	4.990277e-03	-1.63858e-02	
1284	4.990278e-03	-1.63850e-02	
1285	4.990279e-03	-1.63842e-02	
1286	4.990280e-03	-1.63834e-02	
1287	4.990281e-03	-1.63826e-02	
1288	4.990282e-03	-1.63817e-02	
1289	4.990283e-03	-1.63809e-02	
1290	4.990284e-03	-1.63801e-02	
1291	4.990285e-03	-1.63792e-02	
1292	4.990286e-03	-1.63784e-02	
1293	4.990287e-03	-1.63776e-02	
1294	4.990288e-03	-1.63767e-02	
1295	4.990289e-03	-1.63759e-02	
1296	4.990290e-03	-1.63751e-02	
1297	4.990291e-03	-1.63742e-02	
1298	4.990292e-03	-1.63734e-02	
1299	4.990293e-03	-1.63726e-02	
1300	4.990294e-03	-1.63717e-02	
1301	4.990295e-03	-1.63709e-02	
1302	4.990296e-03	-1.63700e-02	
1303	4.990297e-03	-1.63692e-02	
1304	4.990298e-03	-1.63683e-02	
1305	4.990299e-03	-1.63675e-02	
1306	4.990300e-03	-1.63666e-02	
1307	4.990301e-03	-1.63657e-02	
1308	4.990302e-03	-1.63649e-02	
1309	4.990303e-03	-1.63640e-02	
1310	4.990304e-03	-1.63632e-02	
1311	4.990305e-03	-1.63623e-02	
1312	4.990306e-03	-1.63614e-02	
1313	4.990307e-03	-1.63606e-02	
1314	4.990308e-03	-1.63597e-02	
1315	4.990309e-03	-1.63588e-02	
1316	4.990310e-03	-1.63580e-02	
1317	4.990311e-03	-1.63571e-02	
1318	4.990312e-03	-1.63562e-02	
1319	4.990313e-03	-1.63553e-02	
1320	4.990314e-03	-1.63544e-02	
1321	4.990315e-03	-1.63536e-02	
1322	4.990316e-03	-1.63527e-02	
1323	4.990317e-03	-1.63518e-02	
1324	4.990318e-03	-1.63509e-02	
1325	4.990319e-03	-1.63500e-02	
1326	4.990320e-03	-1.63491e-02	
1327	4.990321e-03	-1.63482e-02	
1328	4.990322e-03	-1.63473e-02	
1329	4.990323e-03	-1.63464e-02	
1330	4.990324e-03	-1.63456e-02	

Index   time            i(v1n4007)      
--------------------------------------------------------------------------------
1331	4.990325e-03	-1.63447e-02	
1332	4.990326e-03	-1.63437e-02	
1333	4.990327e-03	-1.63428e-02	
1334	4.990328e-03	-1.63419e-02	
1335	4.990329e-03	-1.63410e-02	
1336	4.990330e-03	-1.63401e-02	
1337	4.990331e-03	-1.63392e-02	
1338	4.990332e-03	-1.63383e-02	
1339	4.990333e-03	-1.63374e-02	
1340	4.990334e-03	-1.63365e-02	
1341	4.990335e-03	-1.63355e-02	
1342	4.990336e-03	-1.63346e-02	
1343	4.990337e-03	-1.63337e-02	
1344	4.990338e-03	-1.63328e-02	
1345	4.990339e-03	-1.63318e-02	
1346	4.990340e-03	-1.63309e-02	
1347	4.990341e-03	-1.63300e-02	
1348	4.990342e-03	-1.63290e-02	
1349	4.990343e-03	-1.63281e-02	
1350	4.990344e-03	-1.63272e-02	
1351	4.990345e-03	-1.63262e-02	
1352	4.990346e-03	-1.63253e-02	
1353	4.990347e-03	-1.63243e-02	
1354	4.990348e-03	-1.63234e-02	
1355	4.990349e-03	-1.63225e-02	
1356	4.990350e-03	-1.63215e-02	
1357	4.990351e-03	-1.63206e-02	
1358	4.990352e-03	-1.63196e-02	
1359	4.990353e-03	-1.63186e-02	
1360	4.990354e-03	-1.63177e-02	
1361	4.990355e-03	-1.63167e-02	
1362	4.990356e-03	-1.63158e-02	
1363	4.990357e-03	-1.63148e-02	
1364	4.990358e-03	-1.63138e-02	
1365	4.990359e-03	-1.63129e-02	
1366	4.990360e-03	-1.63119e-02	
1367	4.990361e-03	-1.63109e-02	
1368	4.990362e-03	-1.63099e-02	
1369	4.990363e-03	-1.63089e-02	
1370	4.990364e-03	-1.63080e-02	
1371	4.990365e-03	-1.63070e-02	
1372	4.990366e-03	-1.63060e-02	
1373	4.990367e-03	-1.63050e-02	
1374	4.990368e-03	-1.63040e-02	
1375	4.990369e-03	-1.63030e-02	
1376	4.990370e-03	-1.63020e-02	
1377	4.990371e-03	-1.63010e-02	
1378	4.990372e-03	-1.63000e-02	
1379	4.990373e-03	-1.62990e-02	
1380	4.990374e-03	-1.62980e-02	
1381	4.990375e-03	-1.62970e-02	
1382	4.990376e-03	-1.62960e-02	
1383	4.990377e-03	-1.62950e-02	
1384	4.990378e-03	-1.62940e-02	
1385	4.990379e-03	-1.62930e-02	
1386	4.990380e-03	-1.62919e-02	
1387	4.990381e-03	-1.62909e-02	
1388	4.990382e-03	-1.62899e-02	

Index   time            i(v1n4007)      
--------------------------------------------------------------------------------
1389	4.990383e-03	-1.62889e-02	
1390	4.990384e-03	-1.62878e-02	
1391	4.990385e-03	-1.62868e-02	
1392	4.990386e-03	-1.62858e-02	
1393	4.990387e-03	-1.62847e-02	
1394	4.990388e-03	-1.62837e-02	
1395	4.990389e-03	-1.62826e-02	
1396	4.990390e-03	-1.62816e-02	
1397	4.990391e-03	-1.62806e-02	
1398	4.990392e-03	-1.62795e-02	
1399	4.990393e-03	-1.62785e-02	
1400	4.990394e-03	-1.62774e-02	
1401	4.990395e-03	-1.62763e-02	
1402	4.990396e-03	-1.62753e-02	
1403	4.990397e-03	-1.62742e-02	
1404	4.990398e-03	-1.62731e-02	
1405	4.990399e-03	-1.62721e-02	
1406	4.990400e-03	-1.62710e-02	
1407	4.990401e-03	-1.62699e-02	
1408	4.990402e-03	-1.62689e-02	
1409	4.990403e-03	-1.62678e-02	
1410	4.990404e-03	-1.62667e-02	
1411	4.990405e-03	-1.62656e-02	
1412	4.990406e-03	-1.62645e-02	
1413	4.990407e-03	-1.62634e-02	
1414	4.990408e-03	-1.62623e-02	
1415	4.990409e-03	-1.62612e-02	
1416	4.990410e-03	-1.62601e-02	
1417	4.990411e-03	-1.62590e-02	
1418	4.990412e-03	-1.62579e-02	
1419	4.990413e-03	-1.62568e-02	
1420	4.990414e-03	-1.62557e-02	
1421	4.990415e-03	-1.62546e-02	
1422	4.990416e-03	-1.62535e-02	
1423	4.990417e-03	-1.62523e-02	
1424	4.990418e-03	-1.62512e-02	
1425	4.990419e-03	-1.62501e-02	
1426	4.990420e-03	-1.62490e-02	
1427	4.990421e-03	-1.62478e-02	
1428	4.990422e-03	-1.62467e-02	
1429	4.990423e-03	-1.62456e-02	
1430	4.990424e-03	-1.62444e-02	
1431	4.990425e-03	-1.62433e-02	
1432	4.990426e-03	-1.62421e-02	
1433	4.990427e-03	-1.62410e-02	
1434	4.990428e-03	-1.62398e-02	
1435	4.990429e-03	-1.62387e-02	
1436	4.990430e-03	-1.62375e-02	
1437	4.990431e-03	-1.62363e-02	
1438	4.990432e-03	-1.62352e-02	
1439	4.990433e-03	-1.62340e-02	
1440	4.990434e-03	-1.62328e-02	
1441	4.990435e-03	-1.62316e-02	
1442	4.990436e-03	-1.62305e-02	
1443	4.990437e-03	-1.62293e-02	
1444	4.990438e-03	-1.62281e-02	
1445	4.990439e-03	-1.62269e-02	
1446	4.990440e-03	-1.62257e-02	

Index   time            i(v1n4007)      
--------------------------------------------------------------------------------
1447	4.990441e-03	-1.62245e-02	
1448	4.990442e-03	-1.62233e-02	
1449	4.990443e-03	-1.62221e-02	
1450	4.990444e-03	-1.62209e-02	
1451	4.990445e-03	-1.62197e-02	
1452	4.990446e-03	-1.62184e-02	
1453	4.990447e-03	-1.62172e-02	
1454	4.990448e-03	-1.62160e-02	
1455	4.990449e-03	-1.62148e-02	
1456	4.990450e-03	-1.62135e-02	
1457	4.990451e-03	-1.62123e-02	
1458	4.990452e-03	-1.62111e-02	
1459	4.990453e-03	-1.62098e-02	
1460	4.990454e-03	-1.62086e-02	
1461	4.990455e-03	-1.62073e-02	
1462	4.990456e-03	-1.62061e-02	
1463	4.990457e-03	-1.62048e-02	
1464	4.990458e-03	-1.62036e-02	
1465	4.990459e-03	-1.62023e-02	
1466	4.990460e-03	-1.62010e-02	
1467	4.990461e-03	-1.61998e-02	
1468	4.990462e-03	-1.61985e-02	
1469	4.990463e-03	-1.61972e-02	
1470	4.990464e-03	-1.61959e-02	
1471	4.990465e-03	-1.61946e-02	
1472	4.990466e-03	-1.61933e-02	
1473	4.990467e-03	-1.61920e-02	
1474	4.990468e-03	-1.61907e-02	
1475	4.990469e-03	-1.61894e-02	
1476	4.990470e-03	-1.61881e-02	
1477	4.990471e-03	-1.61868e-02	
1478	4.990472e-03	-1.61855e-02	
1479	4.990473e-03	-1.61842e-02	
1480	4.990474e-03	-1.61828e-02	
1481	4.990475e-03	-1.61815e-02	
1482	4.990476e-03	-1.61802e-02	
1483	4.990477e-03	-1.61788e-02	
1484	4.990478e-03	-1.61775e-02	
1485	4.990479e-03	-1.61762e-02	
1486	4.990480e-03	-1.61748e-02	
1487	4.990481e-03	-1.61734e-02	
1488	4.990482e-03	-1.61721e-02	
1489	4.990483e-03	-1.61707e-02	
1490	4.990484e-03	-1.61693e-02	
1491	4.990485e-03	-1.61680e-02	
1492	4.990486e-03	-1.61666e-02	
1493	4.990487e-03	-1.61652e-02	
1494	4.990488e-03	-1.61638e-02	
1495	4.990489e-03	-1.61624e-02	
1496	4.990490e-03	-1.61610e-02	
1497	4.990491e-03	-1.61596e-02	
1498	4.990492e-03	-1.61582e-02	
1499	4.990493e-03	-1.61568e-02	
1500	4.990494e-03	-1.61554e-02	
1501	4.990495e-03	-1.61540e-02	
1502	4.990496e-03	-1.61525e-02	
1503	4.990497e-03	-1.61511e-02	
1504	4.990498e-03	-1.61497e-02	

Index   time            i(v1n4007)      
--------------------------------------------------------------------------------
1505	4.990499e-03	-1.61482e-02	
1506	4.990500e-03	-1.61468e-02	
1507	4.990501e-03	-1.61453e-02	
1508	4.990502e-03	-1.61439e-02	
1509	4.990503e-03	-1.61424e-02	
1510	4.990504e-03	-1.61409e-02	
1511	4.990505e-03	-1.61395e-02	
1512	4.990506e-03	-1.61380e-02	
1513	4.990507e-03	-1.61365e-02	
1514	4.990508e-03	-1.61350e-02	
1515	4.990509e-03	-1.61335e-02	
1516	4.990510e-03	-1.61320e-02	
1517	4.990511e-03	-1.61305e-02	
1518	4.990512e-03	-1.61290e-02	
1519	4.990513e-03	-1.61275e-02	
1520	4.990514e-03	-1.61260e-02	
1521	4.990515e-03	-1.61244e-02	
1522	4.990516e-03	-1.61229e-02	
1523	4.990517e-03	-1.61213e-02	
1524	4.990518e-03	-1.61198e-02	
1525	4.990519e-03	-1.61182e-02	
1526	4.990520e-03	-1.61167e-02	
1527	4.990521e-03	-1.61151e-02	
1528	4.990522e-03	-1.61136e-02	
1529	4.990523e-03	-1.61120e-02	
1530	4.990524e-03	-1.61104e-02	
1531	4.990525e-03	-1.61088e-02	
1532	4.990526e-03	-1.61072e-02	
1533	4.990527e-03	-1.61056e-02	
1534	4.990528e-03	-1.61040e-02	
1535	4.990529e-03	-1.61024e-02	
1536	4.990530e-03	-1.61008e-02	
1537	4.990531e-03	-1.60991e-02	
1538	4.990532e-03	-1.60975e-02	
1539	4.990533e-03	-1.60959e-02	
1540	4.990534e-03	-1.60942e-02	
1541	4.990535e-03	-1.60926e-02	
1542	4.990536e-03	-1.60909e-02	
1543	4.990537e-03	-1.60892e-02	
1544	4.990538e-03	-1.60876e-02	
1545	4.990539e-03	-1.60859e-02	
1546	4.990540e-03	-1.60842e-02	
1547	4.990541e-03	-1.60825e-02	
1548	4.990542e-03	-1.60808e-02	
1549	4.990543e-03	-1.60791e-02	
1550	4.990544e-03	-1.60774e-02	
1551	4.990545e-03	-1.60756e-02	
1552	4.990546e-03	-1.60739e-02	
1553	4.990547e-03	-1.60722e-02	
1554	4.990548e-03	-1.60704e-02	
1555	4.990549e-03	-1.60687e-02	
1556	4.990550e-03	-1.60669e-02	
1557	4.990551e-03	-1.60651e-02	
1558	4.990552e-03	-1.60634e-02	
1559	4.990553e-03	-1.60616e-02	
1560	4.990554e-03	-1.60598e-02	
1561	4.990555e-03	-1.60580e-02	
1562	4.990556e-03	-1.60562e-02	

Index   time            i(v1n4007)      
--------------------------------------------------------------------------------
1563	4.990557e-03	-1.60544e-02	
1564	4.990558e-03	-1.60525e-02	
1565	4.990559e-03	-1.60507e-02	
1566	4.990560e-03	-1.60489e-02	
1567	4.990561e-03	-1.60470e-02	
1568	4.990562e-03	-1.60451e-02	
1569	4.990563e-03	-1.60433e-02	
1570	4.990564e-03	-1.60414e-02	
1571	4.990565e-03	-1.60395e-02	
1572	4.990566e-03	-1.60376e-02	
1573	4.990567e-03	-1.60357e-02	
1574	4.990568e-03	-1.60338e-02	
1575	4.990569e-03	-1.60319e-02	
1576	4.990570e-03	-1.60300e-02	
1577	4.990571e-03	-1.60280e-02	
1578	4.990572e-03	-1.60261e-02	
1579	4.990573e-03	-1.60241e-02	
1580	4.990574e-03	-1.60221e-02	
1581	4.990575e-03	-1.60202e-02	
1582	4.990576e-03	-1.60182e-02	
1583	4.990577e-03	-1.60162e-02	
1584	4.990578e-03	-1.60142e-02	
1585	4.990579e-03	-1.60122e-02	
1586	4.990580e-03	-1.60101e-02	
1587	4.990581e-03	-1.60081e-02	
1588	4.990582e-03	-1.60060e-02	
1589	4.990583e-03	-1.60040e-02	
1590	4.990584e-03	-1.60019e-02	
1591	4.990585e-03	-1.59998e-02	
1592	4.990586e-03	-1.59977e-02	
1593	4.990587e-03	-1.59956e-02	
1594	4.990588e-03	-1.59935e-02	
1595	4.990589e-03	-1.59914e-02	
1596	4.990590e-03	-1.59893e-02	
1597	4.990591e-03	-1.59871e-02	
1598	4.990592e-03	-1.59850e-02	
1599	4.990593e-03	-1.59828e-02	
1600	4.990594e-03	-1.59806e-02	
1601	4.990595e-03	-1.59784e-02	
1602	4.990596e-03	-1.59762e-02	
1603	4.990597e-03	-1.59740e-02	
1604	4.990598e-03	-1.59717e-02	
1605	4.990599e-03	-1.59695e-02	
1606	4.990600e-03	-1.59672e-02	
1607	4.990601e-03	-1.59650e-02	
1608	4.990602e-03	-1.59627e-02	
1609	4.990603e-03	-1.59604e-02	
1610	4.990604e-03	-1.59581e-02	
1611	4.990605e-03	-1.59558e-02	
1612	4.990606e-03	-1.59534e-02	
1613	4.990607e-03	-1.59511e-02	
1614	4.990608e-03	-1.59487e-02	
1615	4.990609e-03	-1.59463e-02	
1616	4.990610e-03	-1.59439e-02	
1617	4.990611e-03	-1.59415e-02	
1618	4.990612e-03	-1.59391e-02	
1619	4.990613e-03	-1.59367e-02	
1620	4.990614e-03	-1.59342e-02	

Index   time            i(v1n4007)      
--------------------------------------------------------------------------------
1621	4.990615e-03	-1.59318e-02	
1622	4.990616e-03	-1.59293e-02	
1623	4.990617e-03	-1.59268e-02	
1624	4.990618e-03	-1.59243e-02	
1625	4.990619e-03	-1.59217e-02	
1626	4.990620e-03	-1.59192e-02	
1627	4.990621e-03	-1.59166e-02	
1628	4.990622e-03	-1.59141e-02	
1629	4.990623e-03	-1.59115e-02	
1630	4.990624e-03	-1.59089e-02	
1631	4.990625e-03	-1.59062e-02	
1632	4.990626e-03	-1.59036e-02	
1633	4.990627e-03	-1.59009e-02	
1634	4.990628e-03	-1.58982e-02	
1635	4.990629e-03	-1.58955e-02	
1636	4.990630e-03	-1.58928e-02	
1637	4.990631e-03	-1.58901e-02	
1638	4.990632e-03	-1.58873e-02	
1639	4.990633e-03	-1.58845e-02	
1640	4.990634e-03	-1.58818e-02	
1641	4.990635e-03	-1.58789e-02	
1642	4.990636e-03	-1.58761e-02	
1643	4.990637e-03	-1.58732e-02	
1644	4.990638e-03	-1.58704e-02	
1645	4.990639e-03	-1.58675e-02	
1646	4.990640e-03	-1.58645e-02	
1647	4.990641e-03	-1.58616e-02	
1648	4.990642e-03	-1.58586e-02	
1649	4.990643e-03	-1.58557e-02	
1650	4.990644e-03	-1.58527e-02	
1651	4.990645e-03	-1.58496e-02	
1652	4.990646e-03	-1.58466e-02	
1653	4.990647e-03	-1.58435e-02	
1654	4.990648e-03	-1.58404e-02	
1655	4.990649e-03	-1.58373e-02	
1656	4.990650e-03	-1.58341e-02	
1657	4.990651e-03	-1.58309e-02	
1658	4.990652e-03	-1.58277e-02	
1659	4.990653e-03	-1.58245e-02	
1660	4.990654e-03	-1.58212e-02	
1661	4.990655e-03	-1.58180e-02	
1662	4.990656e-03	-1.58146e-02	
1663	4.990657e-03	-1.58113e-02	
1664	4.990658e-03	-1.58079e-02	
1665	4.990659e-03	-1.58045e-02	
1666	4.990660e-03	-1.58011e-02	
1667	4.990661e-03	-1.57977e-02	
1668	4.990662e-03	-1.57942e-02	
1669	4.990663e-03	-1.57907e-02	
1670	4.990664e-03	-1.57871e-02	
1671	4.990665e-03	-1.57835e-02	
1672	4.990666e-03	-1.57799e-02	
1673	4.990667e-03	-1.57763e-02	
1674	4.990668e-03	-1.57726e-02	
1675	4.990669e-03	-1.57689e-02	
1676	4.990670e-03	-1.57651e-02	
1677	4.990671e-03	-1.57613e-02	
1678	4.990672e-03	-1.57575e-02	

Index   time            i(v1n4007)      
--------------------------------------------------------------------------------
1679	4.990673e-03	-1.57536e-02	
1680	4.990674e-03	-1.57497e-02	
1681	4.990675e-03	-1.57458e-02	
1682	4.990676e-03	-1.57418e-02	
1683	4.990677e-03	-1.57378e-02	
1684	4.990678e-03	-1.57337e-02	
1685	4.990679e-03	-1.57296e-02	
1686	4.990680e-03	-1.57255e-02	
1687	4.990681e-03	-1.57213e-02	
1688	4.990682e-03	-1.57171e-02	
1689	4.990683e-03	-1.57128e-02	
1690	4.990684e-03	-1.57085e-02	
1691	4.990685e-03	-1.57041e-02	
1692	4.990686e-03	-1.56996e-02	
1693	4.990687e-03	-1.56952e-02	
1694	4.990688e-03	-1.56906e-02	
1695	4.990689e-03	-1.56860e-02	
1696	4.990690e-03	-1.56814e-02	
1697	4.990691e-03	-1.56767e-02	
1698	4.990692e-03	-1.56720e-02	
1699	4.990693e-03	-1.56672e-02	
1700	4.990694e-03	-1.56623e-02	
1701	4.990695e-03	-1.56574e-02	
1702	4.990696e-03	-1.56524e-02	
1703	4.990697e-03	-1.56473e-02	
1704	4.990698e-03	-1.56422e-02	
1705	4.990699e-03	-1.56370e-02	
1706	4.990700e-03	-1.56317e-02	
1707	4.990701e-03	-1.56264e-02	
1708	4.990702e-03	-1.56210e-02	
1709	4.990703e-03	-1.56155e-02	
1710	4.990704e-03	-1.56099e-02	
1711	4.990705e-03	-1.56043e-02	
1712	4.990706e-03	-1.55986e-02	
1713	4.990707e-03	-1.55928e-02	
1714	4.990708e-03	-1.55869e-02	
1715	4.990709e-03	-1.55809e-02	
1716	4.990710e-03	-1.55748e-02	
1717	4.990711e-03	-1.55686e-02	
1718	4.990712e-03	-1.55623e-02	
1719	4.990713e-03	-1.55560e-02	
1720	4.990714e-03	-1.55495e-02	
1721	4.990715e-03	-1.55429e-02	
1722	4.990716e-03	-1.55362e-02	
1723	4.990717e-03	-1.55294e-02	
1724	4.990718e-03	-1.55224e-02	
1725	4.990719e-03	-1.55153e-02	
1726	4.990720e-03	-1.55081e-02	
1727	4.990721e-03	-1.55008e-02	
1728	4.990722e-03	-1.54933e-02	
1729	4.990723e-03	-1.54857e-02	
1730	4.990724e-03	-1.54779e-02	
1731	4.990725e-03	-1.54700e-02	
1732	4.990726e-03	-1.54619e-02	
1733	4.990727e-03	-1.54536e-02	
1734	4.990728e-03	-1.54451e-02	
1735	4.990729e-03	-1.54365e-02	
1736	4.990730e-03	-1.54276e-02	

Index   time            i(v1n4007)      
--------------------------------------------------------------------------------
1737	4.990731e-03	-1.54186e-02	
1738	4.990732e-03	-1.54093e-02	
1739	4.990733e-03	-1.53998e-02	
1740	4.990734e-03	-1.53901e-02	
1741	4.990735e-03	-1.53801e-02	
1742	4.990736e-03	-1.53699e-02	
1743	4.990737e-03	-1.53594e-02	
1744	4.990738e-03	-1.53486e-02	
1745	4.990739e-03	-1.53374e-02	
1746	4.990740e-03	-1.53260e-02	
1747	4.990741e-03	-1.53142e-02	
1748	4.990742e-03	-1.53020e-02	
1749	4.990743e-03	-1.52895e-02	
1750	4.990744e-03	-1.52765e-02	
1751	4.990745e-03	-1.52631e-02	
1752	4.990746e-03	-1.52492e-02	
1753	4.990747e-03	-1.52347e-02	
1754	4.990748e-03	-1.52197e-02	
1755	4.990749e-03	-1.52042e-02	
1756	4.990750e-03	-1.51879e-02	
1757	4.990751e-03	-1.51710e-02	
1758	4.990752e-03	-1.51532e-02	
1759	4.990753e-03	-1.51347e-02	
1760	4.990754e-03	-1.51152e-02	
1761	4.990755e-03	-1.50946e-02	
1762	4.990756e-03	-1.50729e-02	
1763	4.990757e-03	-1.50500e-02	
1764	4.990758e-03	-1.50256e-02	
1765	4.990759e-03	-1.49995e-02	
1766	4.990760e-03	-1.49716e-02	
1767	4.990761e-03	-1.49415e-02	
1768	4.990762e-03	-1.49089e-02	
1769	4.990763e-03	-1.48733e-02	
1770	4.990764e-03	-1.48341e-02	
1771	4.990765e-03	-1.47905e-02	
1772	4.990766e-03	-1.47414e-02	
1773	4.990767e-03	-1.46853e-02	
1774	4.990768e-03	-1.46198e-02	
1775	4.990769e-03	-1.45413e-02	
1776	4.990770e-03	-1.44434e-02	
1777	4.990771e-03	-1.43139e-02	
1778	4.990772e-03	-1.41202e-02	
1779	4.990773e-03	-1.37396e-02	
1780	4.990774e-03	-1.18529e-02	
1781	4.990775e-03	-8.11427e-03	
1782	4.990776e-03	-5.33011e-03	
1783	4.990777e-03	-3.41669e-03	
1784	4.990778e-03	-2.15722e-03	
1785	4.990779e-03	-1.34930e-03	
1786	4.990780e-03	-8.39692e-04	
1787	4.990781e-03	-5.21177e-04	
1788	4.990782e-03	-3.22579e-04	
1789	4.990783e-03	-1.99307e-04	
1790	4.990784e-03	-1.23008e-04	
1791	4.990785e-03	-7.58662e-05	
1792	4.990786e-03	-4.67713e-05	
1793	4.990787e-03	-2.88268e-05	
1794	4.990788e-03	-1.77641e-05	

Index   time            i(v1n4007)      
--------------------------------------------------------------------------------
1795	4.990789e-03	-1.09458e-05	
1796	4.990790e-03	-6.74416e-06	
1797	4.990791e-03	-4.15519e-06	
1798	4.990792e-03	-2.56003e-06	
1799	4.990793e-03	-1.57724e-06	
1800	4.990794e-03	-9.71742e-07	
1801	4.990795e-03	-5.98701e-07	
1802	4.990796e-03	-3.68877e-07	
1803	4.990797e-03	-2.27287e-07	
1804	4.990798e-03	-1.40056e-07	
1805	4.990799e-03	-8.63149e-08	
1806	4.990800e-03	-5.32064e-08	
1807	4.990801e-03	-3.28091e-08	
1808	4.990802e-03	-2.02428e-08	
1809	4.990803e-03	-1.25010e-08	
1810	4.990804e-03	-7.73144e-09	
1811	4.990805e-03	-4.79305e-09	
1812	4.990806e-03	-2.98279e-09	
1813	4.990807e-03	-1.86753e-09	
1814	4.990808e-03	-1.18044e-09	
1815	4.990809e-03	-7.57148e-10	
1816	4.990810e-03	-4.96367e-10	
1817	4.990811e-03	-3.35705e-10	
1818	4.990812e-03	-2.36725e-10	
1819	4.990813e-03	-1.75747e-10	
1820	4.990814e-03	-1.38179e-10	
1821	4.990815e-03	-1.15035e-10	
1822	4.990816e-03	-1.00775e-10	
1823	4.990817e-03	-9.19911e-11	
1824	4.990818e-03	-8.65800e-11	
1825	4.990819e-03	-8.32465e-11	
1826	4.990820e-03	-8.11924e-11	
1827	4.990821e-03	-7.99264e-11	
1828	4.990822e-03	-7.91466e-11	
1829	4.990823e-03	-7.86666e-11	
1830	4.990824e-03	-7.83710e-11	
1831	4.990825e-03	-7.81891e-11	
1832	4.990826e-03	-7.80765e-11	
1833	4.990827e-03	-7.80078e-11	
1834	4.990828e-03	-7.79657e-11	
1835	4.990829e-03	-7.79391e-11	
1836	4.990830e-03	-7.79221e-11	
1837	4.990831e-03	-7.79114e-11	
1838	4.990832e-03	-7.79050e-11	
1839	4.990833e-03	-7.79013e-11	
1840	4.990834e-03	-7.78994e-11	
1841	4.990835e-03	-7.78984e-11	
1842	4.990836e-03	-7.78978e-11	
1843	4.990837e-03	-7.78968e-11	
1844	4.990838e-03	-7.78957e-11	
1845	4.990839e-03	-7.78954e-11	
1846	4.990840e-03	-7.78953e-11	
1847	4.990841e-03	-7.78951e-11	
1848	4.990842e-03	-7.78951e-11	
1849	4.990843e-03	-7.78950e-11	
1850	4.990844e-03	-7.78950e-11	
1851	4.990845e-03	-7.78950e-11	
1852	4.990846e-03	-7.78950e-11	

Index   time            i(v1n4007)      
--------------------------------------------------------------------------------
1853	4.990847e-03	-7.78950e-11	
1854	4.990848e-03	-7.78950e-11	
1855	4.990849e-03	-7.78950e-11	
1856	4.990850e-03	-7.78950e-11	
1857	4.990851e-03	-7.78950e-11	
1858	4.990852e-03	-7.78950e-11	
1859	4.990853e-03	-7.78950e-11	
1860	4.990854e-03	-7.78950e-11	
1861	4.990855e-03	-7.78950e-11	
1862	4.990856e-03	-7.78950e-11	
1863	4.990857e-03	-7.78950e-11	
1864	4.990858e-03	-7.78950e-11	
1865	4.990859e-03	-7.78950e-11	
1866	4.990860e-03	-7.78950e-11	
1867	4.990861e-03	-7.78950e-11	
1868	4.990862e-03	-7.78950e-11	
1869	4.990863e-03	-7.78950e-11	
1870	4.990864e-03	-7.78950e-11	
1871	4.990865e-03	-7.78950e-11	
1872	4.990866e-03	-7.78950e-11	
1873	4.990867e-03	-7.78950e-11	
1874	4.990868e-03	-7.78950e-11	
1875	4.990869e-03	-7.78950e-11	
1876	4.990870e-03	-7.78950e-11	
1877	4.990871e-03	-7.78950e-11	
1878	4.990872e-03	-7.78950e-11	
1879	4.990873e-03	-7.78950e-11	
1880	4.990874e-03	-7.78950e-11	
1881	4.990875e-03	-7.78950e-11	
1882	4.990876e-03	-7.78950e-11	
1883	4.990877e-03	-7.78950e-11	
1884	4.990878e-03	-7.78950e-11	
1885	4.990879e-03	-7.78950e-11	
1886	4.990880e-03	-7.78950e-11	
1887	4.990881e-03	-7.78950e-11	
1888	4.990882e-03	-7.78950e-11	
1889	4.990883e-03	-7.78950e-11	
1890	4.990884e-03	-7.78950e-11	
1891	4.990885e-03	-7.78950e-11	
1892	4.990886e-03	-7.78950e-11	
1893	4.990887e-03	-7.78950e-11	
1894	4.990888e-03	-7.78950e-11	
1895	4.990889e-03	-7.78950e-11	
1896	4.990890e-03	-7.78950e-11	
1897	4.990891e-03	-7.78950e-11	
1898	4.990892e-03	-7.78950e-11	
1899	4.990893e-03	-7.78950e-11	
1900	4.990894e-03	-7.78950e-11	
1901	4.990895e-03	-7.78950e-11	
1902	4.990896e-03	-7.78950e-11	
1903	4.990897e-03	-7.78950e-11	
1904	4.990898e-03	-7.78950e-11	
1905	4.990899e-03	-7.78950e-11	
1906	4.990900e-03	-7.78950e-11	
1907	4.990901e-03	-7.78950e-11	
1908	4.990902e-03	-7.78950e-11	
1909	4.990903e-03	-7.78950e-11	
1910	4.990904e-03	-7.78950e-11	

Index   time            i(v1n4007)      
--------------------------------------------------------------------------------
1911	4.990905e-03	-7.78950e-11	
1912	4.990906e-03	-7.78950e-11	
1913	4.990907e-03	-7.78950e-11	
1914	4.990908e-03	-7.78950e-11	
1915	4.990909e-03	-7.78950e-11	
1916	4.990910e-03	-7.78950e-11	
1917	4.990911e-03	-7.78950e-11	
1918	4.990912e-03	-7.78950e-11	
1919	4.990913e-03	-7.78950e-11	
1920	4.990914e-03	-7.78950e-11	
1921	4.990915e-03	-7.78950e-11	
1922	4.990916e-03	-7.78950e-11	
1923	4.990917e-03	-7.78950e-11	
1924	4.990918e-03	-7.78950e-11	
1925	4.990919e-03	-7.78950e-11	
1926	4.990920e-03	-7.78950e-11	
1927	4.990921e-03	-7.78950e-11	
1928	4.990922e-03	-7.78950e-11	
1929	4.990923e-03	-7.78950e-11	
1930	4.990924e-03	-7.78950e-11	
1931	4.990925e-03	-7.78950e-11	
1932	4.990926e-03	-7.78950e-11	
1933	4.990927e-03	-7.78950e-11	
1934	4.990928e-03	-7.78950e-11	
1935	4.990929e-03	-7.78950e-11	
1936	4.990930e-03	-7.78950e-11	
1937	4.990931e-03	-7.78950e-11	
1938	4.990932e-03	-7.78950e-11	
1939	4.990933e-03	-7.78950e-11	
1940	4.990934e-03	-7.78950e-11	
1941	4.990935e-03	-7.78950e-11	
1942	4.990936e-03	-7.78950e-11	
1943	4.990937e-03	-7.78950e-11	
1944	4.990938e-03	-7.78950e-11	
1945	4.990939e-03	-7.78950e-11	
1946	4.990940e-03	-7.78950e-11	
1947	4.990941e-03	-7.78950e-11	
1948	4.990942e-03	-7.78950e-11	
1949	4.990943e-03	-7.78950e-11	
1950	4.990944e-03	-7.78950e-11	
1951	4.990945e-03	-7.78950e-11	
1952	4.990946e-03	-7.78950e-11	
1953	4.990947e-03	-7.78950e-11	
1954	4.990948e-03	-7.78950e-11	
1955	4.990949e-03	-7.78950e-11	
1956	4.990950e-03	-7.78950e-11	
1957	4.990951e-03	-7.78950e-11	
1958	4.990952e-03	-7.78950e-11	
1959	4.990953e-03	-7.78950e-11	
1960	4.990954e-03	-7.78950e-11	
1961	4.990955e-03	-7.78950e-11	
1962	4.990956e-03	-7.78950e-11	
1963	4.990957e-03	-7.78950e-11	
1964	4.990958e-03	-7.78950e-11	
1965	4.990959e-03	-7.78950e-11	
1966	4.990960e-03	-7.78950e-11	
1967	4.990961e-03	-7.78950e-11	
1968	4.990962e-03	-7.78950e-11	

Index   time            i(v1n4007)      
--------------------------------------------------------------------------------
1969	4.990963e-03	-7.78950e-11	
1970	4.990964e-03	-7.78950e-11	
1971	4.990965e-03	-7.78950e-11	
1972	4.990966e-03	-7.78950e-11	
1973	4.990967e-03	-7.78950e-11	
1974	4.990968e-03	-7.78950e-11	
1975	4.990969e-03	-7.78950e-11	
1976	4.990970e-03	-7.78950e-11	
1977	4.990971e-03	-7.78950e-11	
1978	4.990972e-03	-7.78950e-11	
1979	4.990973e-03	-7.78950e-11	
1980	4.990974e-03	-7.78950e-11	
1981	4.990975e-03	-7.78950e-11	
1982	4.990976e-03	-7.78950e-11	
1983	4.990977e-03	-7.78950e-11	
1984	4.990978e-03	-7.78950e-11	
1985	4.990979e-03	-7.78950e-11	
1986	4.990980e-03	-7.78950e-11	
1987	4.990981e-03	-7.78950e-11	
1988	4.990982e-03	-7.78950e-11	
1989	4.990983e-03	-7.78950e-11	
1990	4.990984e-03	-7.78950e-11	
1991	4.990985e-03	-7.78950e-11	
1992	4.990986e-03	-7.78950e-11	
1993	4.990987e-03	-7.78950e-11	
1994	4.990988e-03	-7.78950e-11	
1995	4.990989e-03	-7.78950e-11	
1996	4.990990e-03	-7.78950e-11	
1997	4.990991e-03	-7.78950e-11	
1998	4.990992e-03	-7.78950e-11	
1999	4.990993e-03	-7.78950e-11	
2000	4.990994e-03	-7.78950e-11	
2001	4.990995e-03	-7.78950e-11	
2002	4.990996e-03	-7.78950e-11	
2003	4.990997e-03	-7.78950e-11	
2004	4.990998e-03	-7.78950e-11	
2005	4.990999e-03	-7.78950e-11	
2006	4.991000e-03	-7.78950e-11	
