                      1n4007 diode recovery time at 10khz
                      Transient Analysis  Sun Aug 28 18:30:05  2022
--------------------------------------------------------------------------------
Index   time            v(4)            
--------------------------------------------------------------------------------
0	2.899000e-03	6.603471e-01	
1	2.899001e-03	6.603471e-01	
2	2.899002e-03	6.603471e-01	
3	2.899003e-03	6.603471e-01	
4	2.899004e-03	6.603471e-01	
5	2.899005e-03	6.603471e-01	
6	2.899006e-03	6.603471e-01	
7	2.899007e-03	6.603471e-01	
8	2.899008e-03	6.603471e-01	
9	2.899009e-03	6.603471e-01	
10	2.899010e-03	6.603471e-01	
11	2.899011e-03	6.603471e-01	
12	2.899012e-03	6.603471e-01	
13	2.899013e-03	6.603471e-01	
14	2.899014e-03	6.603471e-01	
15	2.899015e-03	6.603471e-01	
16	2.899016e-03	6.603471e-01	
17	2.899017e-03	6.603471e-01	
18	2.899018e-03	6.603471e-01	
19	2.899019e-03	6.603471e-01	
20	2.899020e-03	6.603471e-01	
21	2.899021e-03	6.603471e-01	
22	2.899022e-03	6.603471e-01	
23	2.899023e-03	6.603471e-01	
24	2.899024e-03	6.603471e-01	
25	2.899025e-03	6.603471e-01	
26	2.899026e-03	6.603471e-01	
27	2.899027e-03	6.603471e-01	
28	2.899028e-03	6.603471e-01	
29	2.899029e-03	6.603471e-01	
30	2.899030e-03	6.603471e-01	
31	2.899031e-03	6.603471e-01	
32	2.899032e-03	6.603471e-01	
33	2.899033e-03	6.603471e-01	
34	2.899034e-03	6.603471e-01	
35	2.899035e-03	6.603471e-01	
36	2.899036e-03	6.603471e-01	
37	2.899037e-03	6.603471e-01	
38	2.899038e-03	6.603471e-01	
39	2.899039e-03	6.603471e-01	
40	2.899040e-03	6.603471e-01	
41	2.899041e-03	6.603471e-01	
42	2.899042e-03	6.603471e-01	
43	2.899043e-03	6.603471e-01	
44	2.899044e-03	6.603471e-01	
45	2.899045e-03	6.603471e-01	
46	2.899046e-03	6.603471e-01	
47	2.899047e-03	6.603471e-01	
48	2.899048e-03	6.603471e-01	
49	2.899049e-03	6.603471e-01	
50	2.899050e-03	6.603471e-01	
51	2.899051e-03	6.603471e-01	
52	2.899052e-03	6.603471e-01	
53	2.899053e-03	6.603471e-01	
54	2.899054e-03	6.603471e-01	

Index   time            v(4)            
--------------------------------------------------------------------------------
55	2.899055e-03	6.603471e-01	
56	2.899056e-03	6.603471e-01	
57	2.899057e-03	6.603471e-01	
58	2.899058e-03	6.603471e-01	
59	2.899059e-03	6.603471e-01	
60	2.899060e-03	6.603471e-01	
61	2.899061e-03	6.603471e-01	
62	2.899062e-03	6.603471e-01	
63	2.899063e-03	6.603471e-01	
64	2.899064e-03	6.603471e-01	
65	2.899065e-03	6.603471e-01	
66	2.899066e-03	6.603471e-01	
67	2.899067e-03	6.603471e-01	
68	2.899068e-03	6.603471e-01	
69	2.899069e-03	6.603471e-01	
70	2.899070e-03	6.603471e-01	
71	2.899071e-03	6.603471e-01	
72	2.899072e-03	6.603471e-01	
73	2.899073e-03	6.603471e-01	
74	2.899074e-03	6.603471e-01	
75	2.899075e-03	6.603471e-01	
76	2.899076e-03	6.603471e-01	
77	2.899077e-03	6.603471e-01	
78	2.899078e-03	6.603471e-01	
79	2.899079e-03	6.603471e-01	
80	2.899080e-03	6.603471e-01	
81	2.899081e-03	6.603471e-01	
82	2.899082e-03	6.603471e-01	
83	2.899083e-03	6.603471e-01	
84	2.899084e-03	6.603471e-01	
85	2.899085e-03	6.603471e-01	
86	2.899086e-03	6.603471e-01	
87	2.899087e-03	6.603471e-01	
88	2.899088e-03	6.603471e-01	
89	2.899089e-03	6.603471e-01	
90	2.899090e-03	6.603471e-01	
91	2.899091e-03	6.603471e-01	
92	2.899092e-03	6.603471e-01	
93	2.899093e-03	6.603471e-01	
94	2.899094e-03	6.603471e-01	
95	2.899095e-03	6.603471e-01	
96	2.899096e-03	6.603471e-01	
97	2.899097e-03	6.603471e-01	
98	2.899098e-03	6.603471e-01	
99	2.899099e-03	6.603471e-01	
100	2.899100e-03	6.603471e-01	
101	2.899101e-03	6.603471e-01	
102	2.899102e-03	6.603471e-01	
103	2.899103e-03	6.603471e-01	
104	2.899104e-03	6.603471e-01	
105	2.899105e-03	6.603471e-01	
106	2.899106e-03	6.603471e-01	
107	2.899107e-03	6.603471e-01	
108	2.899108e-03	6.603471e-01	
109	2.899109e-03	6.603471e-01	
110	2.899110e-03	6.603471e-01	
111	2.899111e-03	6.603471e-01	
112	2.899112e-03	6.603471e-01	

Index   time            v(4)            
--------------------------------------------------------------------------------
113	2.899113e-03	6.603471e-01	
114	2.899114e-03	6.603471e-01	
115	2.899115e-03	6.603471e-01	
116	2.899116e-03	6.603471e-01	
117	2.899117e-03	6.603471e-01	
118	2.899118e-03	6.603471e-01	
119	2.899119e-03	6.603471e-01	
120	2.899120e-03	6.603471e-01	
121	2.899121e-03	6.603471e-01	
122	2.899122e-03	6.603471e-01	
123	2.899123e-03	6.603471e-01	
124	2.899124e-03	6.603471e-01	
125	2.899125e-03	6.603471e-01	
126	2.899126e-03	6.603471e-01	
127	2.899127e-03	6.603471e-01	
128	2.899128e-03	6.603471e-01	
129	2.899129e-03	6.603471e-01	
130	2.899130e-03	6.603471e-01	
131	2.899131e-03	6.603471e-01	
132	2.899132e-03	6.603471e-01	
133	2.899133e-03	6.603471e-01	
134	2.899134e-03	6.603471e-01	
135	2.899135e-03	6.603471e-01	
136	2.899136e-03	6.603471e-01	
137	2.899137e-03	6.603471e-01	
138	2.899138e-03	6.603471e-01	
139	2.899139e-03	6.603471e-01	
140	2.899140e-03	6.603471e-01	
141	2.899141e-03	6.603471e-01	
142	2.899142e-03	6.603471e-01	
143	2.899143e-03	6.603471e-01	
144	2.899144e-03	6.603471e-01	
145	2.899145e-03	6.603471e-01	
146	2.899146e-03	6.603471e-01	
147	2.899147e-03	6.603471e-01	
148	2.899148e-03	6.603471e-01	
149	2.899149e-03	6.603471e-01	
150	2.899150e-03	6.603471e-01	
151	2.899151e-03	6.603471e-01	
152	2.899152e-03	6.603471e-01	
153	2.899153e-03	6.603471e-01	
154	2.899154e-03	6.603471e-01	
155	2.899155e-03	6.603471e-01	
156	2.899156e-03	6.603471e-01	
157	2.899157e-03	6.603471e-01	
158	2.899158e-03	6.603471e-01	
159	2.899159e-03	6.603471e-01	
160	2.899160e-03	6.603471e-01	
161	2.899161e-03	6.603471e-01	
162	2.899162e-03	6.603471e-01	
163	2.899163e-03	6.603471e-01	
164	2.899164e-03	6.603471e-01	
165	2.899165e-03	6.603471e-01	
166	2.899166e-03	6.603471e-01	
167	2.899167e-03	6.603471e-01	
168	2.899168e-03	6.603471e-01	
169	2.899169e-03	6.603471e-01	
170	2.899170e-03	6.603471e-01	

Index   time            v(4)            
--------------------------------------------------------------------------------
171	2.899171e-03	6.603471e-01	
172	2.899172e-03	6.603471e-01	
173	2.899173e-03	6.603471e-01	
174	2.899174e-03	6.603471e-01	
175	2.899175e-03	6.603471e-01	
176	2.899176e-03	6.603471e-01	
177	2.899177e-03	6.603471e-01	
178	2.899178e-03	6.603471e-01	
179	2.899179e-03	6.603471e-01	
180	2.899180e-03	6.603471e-01	
181	2.899181e-03	6.603471e-01	
182	2.899182e-03	6.603471e-01	
183	2.899183e-03	6.603471e-01	
184	2.899184e-03	6.603471e-01	
185	2.899185e-03	6.603471e-01	
186	2.899186e-03	6.603471e-01	
187	2.899187e-03	6.603471e-01	
188	2.899188e-03	6.603471e-01	
189	2.899189e-03	6.603471e-01	
190	2.899190e-03	6.603471e-01	
191	2.899191e-03	6.603471e-01	
192	2.899192e-03	6.603471e-01	
193	2.899193e-03	6.603471e-01	
194	2.899194e-03	6.603471e-01	
195	2.899195e-03	6.603471e-01	
196	2.899196e-03	6.603471e-01	
197	2.899197e-03	6.603471e-01	
198	2.899198e-03	6.603471e-01	
199	2.899199e-03	6.603471e-01	
200	2.899200e-03	6.603471e-01	
201	2.899201e-03	6.603471e-01	
202	2.899202e-03	6.603471e-01	
203	2.899203e-03	6.603471e-01	
204	2.899204e-03	6.603471e-01	
205	2.899205e-03	6.603471e-01	
206	2.899206e-03	6.603471e-01	
207	2.899207e-03	6.603471e-01	
208	2.899208e-03	6.603471e-01	
209	2.899209e-03	6.603471e-01	
210	2.899210e-03	6.603471e-01	
211	2.899211e-03	6.603471e-01	
212	2.899212e-03	6.603471e-01	
213	2.899213e-03	6.603471e-01	
214	2.899214e-03	6.603471e-01	
215	2.899215e-03	6.603471e-01	
216	2.899216e-03	6.603471e-01	
217	2.899217e-03	6.603471e-01	
218	2.899218e-03	6.603471e-01	
219	2.899219e-03	6.603471e-01	
220	2.899220e-03	6.603471e-01	
221	2.899221e-03	6.603471e-01	
222	2.899222e-03	6.603471e-01	
223	2.899223e-03	6.603471e-01	
224	2.899224e-03	6.603471e-01	
225	2.899225e-03	6.603471e-01	
226	2.899226e-03	6.603471e-01	
227	2.899227e-03	6.603471e-01	
228	2.899228e-03	6.603471e-01	

Index   time            v(4)            
--------------------------------------------------------------------------------
229	2.899229e-03	6.603471e-01	
230	2.899230e-03	6.603471e-01	
231	2.899231e-03	6.603471e-01	
232	2.899232e-03	6.603471e-01	
233	2.899233e-03	6.603471e-01	
234	2.899234e-03	6.603471e-01	
235	2.899235e-03	6.603471e-01	
236	2.899236e-03	6.603471e-01	
237	2.899237e-03	6.603471e-01	
238	2.899238e-03	6.603471e-01	
239	2.899239e-03	6.603471e-01	
240	2.899240e-03	6.603471e-01	
241	2.899241e-03	6.603471e-01	
242	2.899242e-03	6.603471e-01	
243	2.899243e-03	6.603471e-01	
244	2.899244e-03	6.603471e-01	
245	2.899245e-03	6.603471e-01	
246	2.899246e-03	6.603471e-01	
247	2.899247e-03	6.603471e-01	
248	2.899248e-03	6.603471e-01	
249	2.899249e-03	6.603471e-01	
250	2.899250e-03	6.603471e-01	
251	2.899251e-03	6.603471e-01	
252	2.899252e-03	6.603471e-01	
253	2.899253e-03	6.603471e-01	
254	2.899254e-03	6.603471e-01	
255	2.899255e-03	6.603471e-01	
256	2.899256e-03	6.603471e-01	
257	2.899257e-03	6.603471e-01	
258	2.899258e-03	6.603471e-01	
259	2.899259e-03	6.603471e-01	
260	2.899260e-03	6.603471e-01	
261	2.899261e-03	6.603471e-01	
262	2.899262e-03	6.603471e-01	
263	2.899263e-03	6.603471e-01	
264	2.899264e-03	6.603471e-01	
265	2.899265e-03	6.603471e-01	
266	2.899266e-03	6.603471e-01	
267	2.899267e-03	6.603471e-01	
268	2.899268e-03	6.603471e-01	
269	2.899269e-03	6.603471e-01	
270	2.899270e-03	6.603471e-01	
271	2.899271e-03	6.603471e-01	
272	2.899272e-03	6.603471e-01	
273	2.899273e-03	6.603471e-01	
274	2.899274e-03	6.603471e-01	
275	2.899275e-03	6.603471e-01	
276	2.899276e-03	6.603471e-01	
277	2.899277e-03	6.603471e-01	
278	2.899278e-03	6.603471e-01	
279	2.899279e-03	6.603471e-01	
280	2.899280e-03	6.603471e-01	
281	2.899281e-03	6.603471e-01	
282	2.899282e-03	6.603471e-01	
283	2.899283e-03	6.603471e-01	
284	2.899284e-03	6.603471e-01	
285	2.899285e-03	6.603471e-01	
286	2.899286e-03	6.603471e-01	

Index   time            v(4)            
--------------------------------------------------------------------------------
287	2.899287e-03	6.603471e-01	
288	2.899288e-03	6.603471e-01	
289	2.899289e-03	6.603471e-01	
290	2.899290e-03	6.603471e-01	
291	2.899291e-03	6.603471e-01	
292	2.899292e-03	6.603471e-01	
293	2.899293e-03	6.603471e-01	
294	2.899294e-03	6.603471e-01	
295	2.899295e-03	6.603471e-01	
296	2.899296e-03	6.603471e-01	
297	2.899297e-03	6.603471e-01	
298	2.899298e-03	6.603471e-01	
299	2.899299e-03	6.603471e-01	
300	2.899300e-03	6.603471e-01	
301	2.899301e-03	6.603471e-01	
302	2.899302e-03	6.603471e-01	
303	2.899303e-03	6.603471e-01	
304	2.899304e-03	6.603471e-01	
305	2.899305e-03	6.603471e-01	
306	2.899306e-03	6.603471e-01	
307	2.899307e-03	6.603471e-01	
308	2.899308e-03	6.603471e-01	
309	2.899309e-03	6.603471e-01	
310	2.899310e-03	6.603471e-01	
311	2.899311e-03	6.603471e-01	
312	2.899312e-03	6.603471e-01	
313	2.899313e-03	6.603471e-01	
314	2.899314e-03	6.603471e-01	
315	2.899315e-03	6.603471e-01	
316	2.899316e-03	6.603471e-01	
317	2.899317e-03	6.603471e-01	
318	2.899318e-03	6.603471e-01	
319	2.899319e-03	6.603471e-01	
320	2.899320e-03	6.603471e-01	
321	2.899321e-03	6.603471e-01	
322	2.899322e-03	6.603471e-01	
323	2.899323e-03	6.603471e-01	
324	2.899324e-03	6.603471e-01	
325	2.899325e-03	6.603471e-01	
326	2.899326e-03	6.603471e-01	
327	2.899327e-03	6.603471e-01	
328	2.899328e-03	6.603471e-01	
329	2.899329e-03	6.603471e-01	
330	2.899330e-03	6.603471e-01	
331	2.899331e-03	6.603471e-01	
332	2.899332e-03	6.603471e-01	
333	2.899333e-03	6.603471e-01	
334	2.899334e-03	6.603471e-01	
335	2.899335e-03	6.603471e-01	
336	2.899336e-03	6.603471e-01	
337	2.899337e-03	6.603471e-01	
338	2.899338e-03	6.603471e-01	
339	2.899339e-03	6.603471e-01	
340	2.899340e-03	6.603471e-01	
341	2.899341e-03	6.603471e-01	
342	2.899342e-03	6.603471e-01	
343	2.899343e-03	6.603471e-01	
344	2.899344e-03	6.603471e-01	

Index   time            v(4)            
--------------------------------------------------------------------------------
345	2.899345e-03	6.603471e-01	
346	2.899346e-03	6.603471e-01	
347	2.899347e-03	6.603471e-01	
348	2.899348e-03	6.603471e-01	
349	2.899349e-03	6.603471e-01	
350	2.899350e-03	6.603471e-01	
351	2.899351e-03	6.603471e-01	
352	2.899352e-03	6.603471e-01	
353	2.899353e-03	6.603471e-01	
354	2.899354e-03	6.603471e-01	
355	2.899355e-03	6.603471e-01	
356	2.899356e-03	6.603471e-01	
357	2.899357e-03	6.603471e-01	
358	2.899358e-03	6.603471e-01	
359	2.899359e-03	6.603471e-01	
360	2.899360e-03	6.603471e-01	
361	2.899361e-03	6.603471e-01	
362	2.899362e-03	6.603471e-01	
363	2.899363e-03	6.603471e-01	
364	2.899364e-03	6.603471e-01	
365	2.899365e-03	6.603471e-01	
366	2.899366e-03	6.603471e-01	
367	2.899367e-03	6.603471e-01	
368	2.899368e-03	6.603471e-01	
369	2.899369e-03	6.603471e-01	
370	2.899370e-03	6.603471e-01	
371	2.899371e-03	6.603471e-01	
372	2.899372e-03	6.603471e-01	
373	2.899373e-03	6.603471e-01	
374	2.899374e-03	6.603471e-01	
375	2.899375e-03	6.603471e-01	
376	2.899376e-03	6.603471e-01	
377	2.899377e-03	6.603471e-01	
378	2.899378e-03	6.603471e-01	
379	2.899379e-03	6.603471e-01	
380	2.899380e-03	6.603471e-01	
381	2.899381e-03	6.603471e-01	
382	2.899382e-03	6.603471e-01	
383	2.899383e-03	6.603471e-01	
384	2.899384e-03	6.603471e-01	
385	2.899385e-03	6.603471e-01	
386	2.899386e-03	6.603471e-01	
387	2.899387e-03	6.603471e-01	
388	2.899388e-03	6.603471e-01	
389	2.899389e-03	6.603471e-01	
390	2.899390e-03	6.603471e-01	
391	2.899391e-03	6.603471e-01	
392	2.899392e-03	6.603471e-01	
393	2.899393e-03	6.603471e-01	
394	2.899394e-03	6.603471e-01	
395	2.899395e-03	6.603471e-01	
396	2.899396e-03	6.603471e-01	
397	2.899397e-03	6.603471e-01	
398	2.899398e-03	6.603471e-01	
399	2.899399e-03	6.603471e-01	
400	2.899400e-03	6.603471e-01	
401	2.899401e-03	6.603471e-01	
402	2.899402e-03	6.603471e-01	

Index   time            v(4)            
--------------------------------------------------------------------------------
403	2.899403e-03	6.603471e-01	
404	2.899404e-03	6.603471e-01	
405	2.899405e-03	6.603471e-01	
406	2.899406e-03	6.603471e-01	
407	2.899407e-03	6.603471e-01	
408	2.899408e-03	6.603471e-01	
409	2.899409e-03	6.603471e-01	
410	2.899410e-03	6.603471e-01	
411	2.899411e-03	6.603471e-01	
412	2.899412e-03	6.603471e-01	
413	2.899413e-03	6.603471e-01	
414	2.899414e-03	6.603471e-01	
415	2.899415e-03	6.603471e-01	
416	2.899416e-03	6.603471e-01	
417	2.899417e-03	6.603471e-01	
418	2.899418e-03	6.603471e-01	
419	2.899419e-03	6.603471e-01	
420	2.899420e-03	6.603471e-01	
421	2.899421e-03	6.603471e-01	
422	2.899422e-03	6.603471e-01	
423	2.899423e-03	6.603471e-01	
424	2.899424e-03	6.603471e-01	
425	2.899425e-03	6.603471e-01	
426	2.899426e-03	6.603471e-01	
427	2.899427e-03	6.603471e-01	
428	2.899428e-03	6.603471e-01	
429	2.899429e-03	6.603471e-01	
430	2.899430e-03	6.603471e-01	
431	2.899431e-03	6.603471e-01	
432	2.899432e-03	6.603471e-01	
433	2.899433e-03	6.603471e-01	
434	2.899434e-03	6.603471e-01	
435	2.899435e-03	6.603471e-01	
436	2.899436e-03	6.603471e-01	
437	2.899437e-03	6.603471e-01	
438	2.899438e-03	6.603471e-01	
439	2.899439e-03	6.603471e-01	
440	2.899440e-03	6.603471e-01	
441	2.899441e-03	6.603471e-01	
442	2.899442e-03	6.603471e-01	
443	2.899443e-03	6.603471e-01	
444	2.899444e-03	6.603471e-01	
445	2.899445e-03	6.603471e-01	
446	2.899446e-03	6.603471e-01	
447	2.899447e-03	6.603471e-01	
448	2.899448e-03	6.603471e-01	
449	2.899449e-03	6.603471e-01	
450	2.899450e-03	6.603471e-01	
451	2.899451e-03	6.603471e-01	
452	2.899452e-03	6.603471e-01	
453	2.899453e-03	6.603471e-01	
454	2.899454e-03	6.603471e-01	
455	2.899455e-03	6.603471e-01	
456	2.899456e-03	6.603471e-01	
457	2.899457e-03	6.603471e-01	
458	2.899458e-03	6.603471e-01	
459	2.899459e-03	6.603471e-01	
460	2.899460e-03	6.603471e-01	

Index   time            v(4)            
--------------------------------------------------------------------------------
461	2.899461e-03	6.603471e-01	
462	2.899462e-03	6.603471e-01	
463	2.899463e-03	6.603471e-01	
464	2.899464e-03	6.603471e-01	
465	2.899465e-03	6.603471e-01	
466	2.899466e-03	6.603471e-01	
467	2.899467e-03	6.603471e-01	
468	2.899468e-03	6.603471e-01	
469	2.899469e-03	6.603471e-01	
470	2.899470e-03	6.603471e-01	
471	2.899471e-03	6.603471e-01	
472	2.899472e-03	6.603471e-01	
473	2.899473e-03	6.603471e-01	
474	2.899474e-03	6.603471e-01	
475	2.899475e-03	6.603471e-01	
476	2.899476e-03	6.603471e-01	
477	2.899477e-03	6.603471e-01	
478	2.899478e-03	6.603471e-01	
479	2.899479e-03	6.603471e-01	
480	2.899480e-03	6.603471e-01	
481	2.899481e-03	6.603471e-01	
482	2.899482e-03	6.603471e-01	
483	2.899483e-03	6.603471e-01	
484	2.899484e-03	6.603471e-01	
485	2.899485e-03	6.603471e-01	
486	2.899486e-03	6.603471e-01	
487	2.899487e-03	6.603471e-01	
488	2.899488e-03	6.603471e-01	
489	2.899489e-03	6.603471e-01	
490	2.899490e-03	6.603471e-01	
491	2.899491e-03	6.603471e-01	
492	2.899492e-03	6.603471e-01	
493	2.899493e-03	6.603471e-01	
494	2.899494e-03	6.603471e-01	
495	2.899495e-03	6.603471e-01	
496	2.899496e-03	6.603471e-01	
497	2.899497e-03	6.603471e-01	
498	2.899498e-03	6.603471e-01	
499	2.899499e-03	6.603471e-01	
500	2.899500e-03	6.603471e-01	
501	2.899501e-03	6.603471e-01	
502	2.899502e-03	6.603471e-01	
503	2.899503e-03	6.603471e-01	
504	2.899504e-03	6.603471e-01	
505	2.899505e-03	6.603471e-01	
506	2.899506e-03	6.603471e-01	
507	2.899507e-03	6.603471e-01	
508	2.899508e-03	6.603471e-01	
509	2.899509e-03	6.603471e-01	
510	2.899510e-03	6.603471e-01	
511	2.899511e-03	6.603471e-01	
512	2.899512e-03	6.603471e-01	
513	2.899513e-03	6.603471e-01	
514	2.899514e-03	6.603471e-01	
515	2.899515e-03	6.603471e-01	
516	2.899516e-03	6.603471e-01	
517	2.899517e-03	6.603471e-01	
518	2.899518e-03	6.603471e-01	

Index   time            v(4)            
--------------------------------------------------------------------------------
519	2.899519e-03	6.603471e-01	
520	2.899520e-03	6.603471e-01	
521	2.899521e-03	6.603471e-01	
522	2.899522e-03	6.603471e-01	
523	2.899523e-03	6.603471e-01	
524	2.899524e-03	6.603471e-01	
525	2.899525e-03	6.603471e-01	
526	2.899526e-03	6.603471e-01	
527	2.899527e-03	6.603471e-01	
528	2.899528e-03	6.603471e-01	
529	2.899529e-03	6.603471e-01	
530	2.899530e-03	6.603471e-01	
531	2.899531e-03	6.603471e-01	
532	2.899532e-03	6.603471e-01	
533	2.899533e-03	6.603471e-01	
534	2.899534e-03	6.603471e-01	
535	2.899535e-03	6.603471e-01	
536	2.899536e-03	6.603471e-01	
537	2.899537e-03	6.603471e-01	
538	2.899538e-03	6.603471e-01	
539	2.899539e-03	6.603471e-01	
540	2.899540e-03	6.603471e-01	
541	2.899541e-03	6.603471e-01	
542	2.899542e-03	6.603471e-01	
543	2.899543e-03	6.603471e-01	
544	2.899544e-03	6.603471e-01	
545	2.899545e-03	6.603471e-01	
546	2.899546e-03	6.603471e-01	
547	2.899547e-03	6.603471e-01	
548	2.899548e-03	6.603471e-01	
549	2.899549e-03	6.603471e-01	
550	2.899550e-03	6.603471e-01	
551	2.899551e-03	6.603471e-01	
552	2.899552e-03	6.603471e-01	
553	2.899553e-03	6.603471e-01	
554	2.899554e-03	6.603471e-01	
555	2.899555e-03	6.603471e-01	
556	2.899556e-03	6.603471e-01	
557	2.899557e-03	6.603471e-01	
558	2.899558e-03	6.603471e-01	
559	2.899559e-03	6.603471e-01	
560	2.899560e-03	6.603471e-01	
561	2.899561e-03	6.603471e-01	
562	2.899562e-03	6.603471e-01	
563	2.899563e-03	6.603471e-01	
564	2.899564e-03	6.603471e-01	
565	2.899565e-03	6.603471e-01	
566	2.899566e-03	6.603471e-01	
567	2.899567e-03	6.603471e-01	
568	2.899568e-03	6.603471e-01	
569	2.899569e-03	6.603471e-01	
570	2.899570e-03	6.603471e-01	
571	2.899571e-03	6.603471e-01	
572	2.899572e-03	6.603471e-01	
573	2.899573e-03	6.603471e-01	
574	2.899574e-03	6.603471e-01	
575	2.899575e-03	6.603471e-01	
576	2.899576e-03	6.603471e-01	

Index   time            v(4)            
--------------------------------------------------------------------------------
577	2.899577e-03	6.603471e-01	
578	2.899578e-03	6.603471e-01	
579	2.899579e-03	6.603471e-01	
580	2.899580e-03	6.603471e-01	
581	2.899581e-03	6.603471e-01	
582	2.899582e-03	6.603471e-01	
583	2.899583e-03	6.603471e-01	
584	2.899584e-03	6.603471e-01	
585	2.899585e-03	6.603471e-01	
586	2.899586e-03	6.603471e-01	
587	2.899587e-03	6.603471e-01	
588	2.899588e-03	6.603471e-01	
589	2.899589e-03	6.603471e-01	
590	2.899590e-03	6.603471e-01	
591	2.899591e-03	6.603471e-01	
592	2.899592e-03	6.603471e-01	
593	2.899593e-03	6.603471e-01	
594	2.899594e-03	6.603471e-01	
595	2.899595e-03	6.603471e-01	
596	2.899596e-03	6.603471e-01	
597	2.899597e-03	6.603471e-01	
598	2.899598e-03	6.603471e-01	
599	2.899599e-03	6.603471e-01	
600	2.899600e-03	6.603471e-01	
601	2.899601e-03	6.603471e-01	
602	2.899602e-03	6.603471e-01	
603	2.899603e-03	6.603471e-01	
604	2.899604e-03	6.603471e-01	
605	2.899605e-03	6.603471e-01	
606	2.899606e-03	6.603471e-01	
607	2.899607e-03	6.603471e-01	
608	2.899608e-03	6.603471e-01	
609	2.899609e-03	6.603471e-01	
610	2.899610e-03	6.603471e-01	
611	2.899611e-03	6.603471e-01	
612	2.899612e-03	6.603471e-01	
613	2.899613e-03	6.603471e-01	
614	2.899614e-03	6.603471e-01	
615	2.899615e-03	6.603471e-01	
616	2.899616e-03	6.603471e-01	
617	2.899617e-03	6.603471e-01	
618	2.899618e-03	6.603471e-01	
619	2.899619e-03	6.603471e-01	
620	2.899620e-03	6.603471e-01	
621	2.899621e-03	6.603471e-01	
622	2.899622e-03	6.603471e-01	
623	2.899623e-03	6.603471e-01	
624	2.899624e-03	6.603471e-01	
625	2.899625e-03	6.603471e-01	
626	2.899626e-03	6.603471e-01	
627	2.899627e-03	6.603471e-01	
628	2.899628e-03	6.603471e-01	
629	2.899629e-03	6.603471e-01	
630	2.899630e-03	6.603471e-01	
631	2.899631e-03	6.603471e-01	
632	2.899632e-03	6.603471e-01	
633	2.899633e-03	6.603471e-01	
634	2.899634e-03	6.603471e-01	

Index   time            v(4)            
--------------------------------------------------------------------------------
635	2.899635e-03	6.603471e-01	
636	2.899636e-03	6.603471e-01	
637	2.899637e-03	6.603471e-01	
638	2.899638e-03	6.603471e-01	
639	2.899639e-03	6.603471e-01	
640	2.899640e-03	6.603471e-01	
641	2.899641e-03	6.603471e-01	
642	2.899642e-03	6.603471e-01	
643	2.899643e-03	6.603471e-01	
644	2.899644e-03	6.603471e-01	
645	2.899645e-03	6.603471e-01	
646	2.899646e-03	6.603471e-01	
647	2.899647e-03	6.603471e-01	
648	2.899648e-03	6.603471e-01	
649	2.899649e-03	6.603471e-01	
650	2.899650e-03	6.603471e-01	
651	2.899651e-03	6.603471e-01	
652	2.899652e-03	6.603471e-01	
653	2.899653e-03	6.603471e-01	
654	2.899654e-03	6.603471e-01	
655	2.899655e-03	6.603471e-01	
656	2.899656e-03	6.603471e-01	
657	2.899657e-03	6.603471e-01	
658	2.899658e-03	6.603471e-01	
659	2.899659e-03	6.603471e-01	
660	2.899660e-03	6.603471e-01	
661	2.899661e-03	6.603471e-01	
662	2.899662e-03	6.603471e-01	
663	2.899663e-03	6.603471e-01	
664	2.899664e-03	6.603471e-01	
665	2.899665e-03	6.603471e-01	
666	2.899666e-03	6.603471e-01	
667	2.899667e-03	6.603471e-01	
668	2.899668e-03	6.603471e-01	
669	2.899669e-03	6.603471e-01	
670	2.899670e-03	6.603471e-01	
671	2.899671e-03	6.603471e-01	
672	2.899672e-03	6.603471e-01	
673	2.899673e-03	6.603471e-01	
674	2.899674e-03	6.603471e-01	
675	2.899675e-03	6.603471e-01	
676	2.899676e-03	6.603471e-01	
677	2.899677e-03	6.603471e-01	
678	2.899678e-03	6.603471e-01	
679	2.899679e-03	6.603471e-01	
680	2.899680e-03	6.603471e-01	
681	2.899681e-03	6.603471e-01	
682	2.899682e-03	6.603471e-01	
683	2.899683e-03	6.603471e-01	
684	2.899684e-03	6.603471e-01	
685	2.899685e-03	6.603471e-01	
686	2.899686e-03	6.603471e-01	
687	2.899687e-03	6.603471e-01	
688	2.899688e-03	6.603471e-01	
689	2.899689e-03	6.603471e-01	
690	2.899690e-03	6.603471e-01	
691	2.899691e-03	6.603471e-01	
692	2.899692e-03	6.603471e-01	

Index   time            v(4)            
--------------------------------------------------------------------------------
693	2.899693e-03	6.603471e-01	
694	2.899694e-03	6.603471e-01	
695	2.899695e-03	6.603471e-01	
696	2.899696e-03	6.603471e-01	
697	2.899697e-03	6.603471e-01	
698	2.899698e-03	6.603471e-01	
699	2.899699e-03	6.603471e-01	
700	2.899700e-03	6.603471e-01	
701	2.899701e-03	6.603471e-01	
702	2.899702e-03	6.603471e-01	
703	2.899703e-03	6.603471e-01	
704	2.899704e-03	6.603471e-01	
705	2.899705e-03	6.603471e-01	
706	2.899706e-03	6.603471e-01	
707	2.899707e-03	6.603471e-01	
708	2.899708e-03	6.603471e-01	
709	2.899709e-03	6.603471e-01	
710	2.899710e-03	6.603471e-01	
711	2.899711e-03	6.603471e-01	
712	2.899712e-03	6.603471e-01	
713	2.899713e-03	6.603471e-01	
714	2.899714e-03	6.603471e-01	
715	2.899715e-03	6.603471e-01	
716	2.899716e-03	6.603471e-01	
717	2.899717e-03	6.603471e-01	
718	2.899718e-03	6.603471e-01	
719	2.899719e-03	6.603471e-01	
720	2.899720e-03	6.603471e-01	
721	2.899721e-03	6.603471e-01	
722	2.899722e-03	6.603471e-01	
723	2.899723e-03	6.603471e-01	
724	2.899724e-03	6.603471e-01	
725	2.899725e-03	6.603471e-01	
726	2.899726e-03	6.603471e-01	
727	2.899727e-03	6.603471e-01	
728	2.899728e-03	6.603471e-01	
729	2.899729e-03	6.603471e-01	
730	2.899730e-03	6.603471e-01	
731	2.899731e-03	6.603471e-01	
732	2.899732e-03	6.603471e-01	
733	2.899733e-03	6.603471e-01	
734	2.899734e-03	6.603471e-01	
735	2.899735e-03	6.603471e-01	
736	2.899736e-03	6.603471e-01	
737	2.899737e-03	6.603471e-01	
738	2.899738e-03	6.603471e-01	
739	2.899739e-03	6.603471e-01	
740	2.899740e-03	6.603471e-01	
741	2.899741e-03	6.603471e-01	
742	2.899742e-03	6.603471e-01	
743	2.899743e-03	6.603471e-01	
744	2.899744e-03	6.603471e-01	
745	2.899745e-03	6.603471e-01	
746	2.899746e-03	6.603471e-01	
747	2.899747e-03	6.603471e-01	
748	2.899748e-03	6.603471e-01	
749	2.899749e-03	6.603471e-01	
750	2.899750e-03	6.603471e-01	

Index   time            v(4)            
--------------------------------------------------------------------------------
751	2.899751e-03	6.603471e-01	
752	2.899752e-03	6.603471e-01	
753	2.899753e-03	6.603471e-01	
754	2.899754e-03	6.603471e-01	
755	2.899755e-03	6.603471e-01	
756	2.899756e-03	6.603471e-01	
757	2.899757e-03	6.603471e-01	
758	2.899758e-03	6.603471e-01	
759	2.899759e-03	6.603471e-01	
760	2.899760e-03	6.603471e-01	
761	2.899761e-03	6.603471e-01	
762	2.899762e-03	6.603471e-01	
763	2.899763e-03	6.603471e-01	
764	2.899764e-03	6.603471e-01	
765	2.899765e-03	6.603471e-01	
766	2.899766e-03	6.603471e-01	
767	2.899767e-03	6.603471e-01	
768	2.899768e-03	6.603471e-01	
769	2.899769e-03	6.603471e-01	
770	2.899770e-03	6.603471e-01	
771	2.899771e-03	6.603471e-01	
772	2.899772e-03	6.603471e-01	
773	2.899773e-03	6.603471e-01	
774	2.899774e-03	6.603471e-01	
775	2.899775e-03	6.603471e-01	
776	2.899776e-03	6.603471e-01	
777	2.899777e-03	6.603471e-01	
778	2.899778e-03	6.603471e-01	
779	2.899779e-03	6.603471e-01	
780	2.899780e-03	6.603471e-01	
781	2.899781e-03	6.603471e-01	
782	2.899782e-03	6.603471e-01	
783	2.899783e-03	6.603471e-01	
784	2.899784e-03	6.603471e-01	
785	2.899785e-03	6.603471e-01	
786	2.899786e-03	6.603471e-01	
787	2.899787e-03	6.603471e-01	
788	2.899788e-03	6.603471e-01	
789	2.899789e-03	6.603471e-01	
790	2.899790e-03	6.603471e-01	
791	2.899791e-03	6.603471e-01	
792	2.899792e-03	6.603471e-01	
793	2.899793e-03	6.603471e-01	
794	2.899794e-03	6.603471e-01	
795	2.899795e-03	6.603471e-01	
796	2.899796e-03	6.603471e-01	
797	2.899797e-03	6.603471e-01	
798	2.899798e-03	6.603471e-01	
799	2.899799e-03	6.603471e-01	
800	2.899800e-03	6.603471e-01	
801	2.899801e-03	6.603471e-01	
802	2.899802e-03	6.603471e-01	
803	2.899803e-03	6.603471e-01	
804	2.899804e-03	6.603471e-01	
805	2.899805e-03	6.603471e-01	
806	2.899806e-03	6.603471e-01	
807	2.899807e-03	6.603471e-01	
808	2.899808e-03	6.603471e-01	

Index   time            v(4)            
--------------------------------------------------------------------------------
809	2.899809e-03	6.603471e-01	
810	2.899810e-03	6.603471e-01	
811	2.899811e-03	6.603471e-01	
812	2.899812e-03	6.603471e-01	
813	2.899813e-03	6.603471e-01	
814	2.899814e-03	6.603471e-01	
815	2.899815e-03	6.603471e-01	
816	2.899816e-03	6.603471e-01	
817	2.899817e-03	6.603471e-01	
818	2.899818e-03	6.603471e-01	
819	2.899819e-03	6.603471e-01	
820	2.899820e-03	6.603471e-01	
821	2.899821e-03	6.603471e-01	
822	2.899822e-03	6.603471e-01	
823	2.899823e-03	6.603471e-01	
824	2.899824e-03	6.603471e-01	
825	2.899825e-03	6.603471e-01	
826	2.899826e-03	6.603471e-01	
827	2.899827e-03	6.603471e-01	
828	2.899828e-03	6.603471e-01	
829	2.899829e-03	6.603471e-01	
830	2.899830e-03	6.603471e-01	
831	2.899831e-03	6.603471e-01	
832	2.899832e-03	6.603471e-01	
833	2.899833e-03	6.603471e-01	
834	2.899834e-03	6.603471e-01	
835	2.899835e-03	6.603471e-01	
836	2.899836e-03	6.603471e-01	
837	2.899837e-03	6.603471e-01	
838	2.899838e-03	6.603471e-01	
839	2.899839e-03	6.603471e-01	
840	2.899840e-03	6.603471e-01	
841	2.899841e-03	6.603471e-01	
842	2.899842e-03	6.603471e-01	
843	2.899843e-03	6.603471e-01	
844	2.899844e-03	6.603471e-01	
845	2.899845e-03	6.603471e-01	
846	2.899846e-03	6.603471e-01	
847	2.899847e-03	6.603471e-01	
848	2.899848e-03	6.603471e-01	
849	2.899849e-03	6.603471e-01	
850	2.899850e-03	6.603471e-01	
851	2.899851e-03	6.603471e-01	
852	2.899852e-03	6.603471e-01	
853	2.899853e-03	6.603471e-01	
854	2.899854e-03	6.603471e-01	
855	2.899855e-03	6.603471e-01	
856	2.899856e-03	6.603471e-01	
857	2.899857e-03	6.603471e-01	
858	2.899858e-03	6.603471e-01	
859	2.899859e-03	6.603471e-01	
860	2.899860e-03	6.603471e-01	
861	2.899861e-03	6.603471e-01	
862	2.899862e-03	6.603471e-01	
863	2.899863e-03	6.603471e-01	
864	2.899864e-03	6.603471e-01	
865	2.899865e-03	6.603471e-01	
866	2.899866e-03	6.603471e-01	

Index   time            v(4)            
--------------------------------------------------------------------------------
867	2.899867e-03	6.603471e-01	
868	2.899868e-03	6.603471e-01	
869	2.899869e-03	6.603471e-01	
870	2.899870e-03	6.603471e-01	
871	2.899871e-03	6.603471e-01	
872	2.899872e-03	6.603471e-01	
873	2.899873e-03	6.603471e-01	
874	2.899874e-03	6.603471e-01	
875	2.899875e-03	6.603471e-01	
876	2.899876e-03	6.603471e-01	
877	2.899877e-03	6.603471e-01	
878	2.899878e-03	6.603471e-01	
879	2.899879e-03	6.603471e-01	
880	2.899880e-03	6.603471e-01	
881	2.899881e-03	6.603471e-01	
882	2.899882e-03	6.603471e-01	
883	2.899883e-03	6.603471e-01	
884	2.899884e-03	6.603471e-01	
885	2.899885e-03	6.603471e-01	
886	2.899886e-03	6.603471e-01	
887	2.899887e-03	6.603471e-01	
888	2.899888e-03	6.603471e-01	
889	2.899889e-03	6.603471e-01	
890	2.899890e-03	6.603471e-01	
891	2.899891e-03	6.603471e-01	
892	2.899892e-03	6.603471e-01	
893	2.899893e-03	6.603471e-01	
894	2.899894e-03	6.603471e-01	
895	2.899895e-03	6.603471e-01	
896	2.899896e-03	6.603471e-01	
897	2.899897e-03	6.603471e-01	
898	2.899898e-03	6.603471e-01	
899	2.899899e-03	6.603471e-01	
900	2.899900e-03	6.603471e-01	
901	2.899901e-03	6.603471e-01	
902	2.899902e-03	6.603471e-01	
903	2.899903e-03	6.603471e-01	
904	2.899904e-03	6.603471e-01	
905	2.899905e-03	6.603471e-01	
906	2.899906e-03	6.603471e-01	
907	2.899907e-03	6.603471e-01	
908	2.899908e-03	6.603471e-01	
909	2.899909e-03	6.603471e-01	
910	2.899910e-03	6.603471e-01	
911	2.899911e-03	6.603471e-01	
912	2.899912e-03	6.603471e-01	
913	2.899913e-03	6.603471e-01	
914	2.899914e-03	6.603471e-01	
915	2.899915e-03	6.603471e-01	
916	2.899916e-03	6.603471e-01	
917	2.899917e-03	6.603471e-01	
918	2.899918e-03	6.603471e-01	
919	2.899919e-03	6.603471e-01	
920	2.899920e-03	6.603471e-01	
921	2.899921e-03	6.603471e-01	
922	2.899922e-03	6.603471e-01	
923	2.899923e-03	6.603471e-01	
924	2.899924e-03	6.603471e-01	

Index   time            v(4)            
--------------------------------------------------------------------------------
925	2.899925e-03	6.603471e-01	
926	2.899926e-03	6.603471e-01	
927	2.899927e-03	6.603471e-01	
928	2.899928e-03	6.603471e-01	
929	2.899929e-03	6.603471e-01	
930	2.899930e-03	6.603471e-01	
931	2.899931e-03	6.603471e-01	
932	2.899932e-03	6.603471e-01	
933	2.899933e-03	6.603471e-01	
934	2.899934e-03	6.603471e-01	
935	2.899935e-03	6.603471e-01	
936	2.899936e-03	6.603471e-01	
937	2.899937e-03	6.603471e-01	
938	2.899938e-03	6.603471e-01	
939	2.899939e-03	6.603471e-01	
940	2.899940e-03	6.603471e-01	
941	2.899941e-03	6.603471e-01	
942	2.899942e-03	6.603471e-01	
943	2.899943e-03	6.603471e-01	
944	2.899944e-03	6.603471e-01	
945	2.899945e-03	6.603471e-01	
946	2.899946e-03	6.603471e-01	
947	2.899947e-03	6.603471e-01	
948	2.899948e-03	6.603471e-01	
949	2.899949e-03	6.603471e-01	
950	2.899950e-03	6.603471e-01	
951	2.899951e-03	6.603471e-01	
952	2.899952e-03	6.603471e-01	
953	2.899953e-03	6.603471e-01	
954	2.899954e-03	6.603471e-01	
955	2.899955e-03	6.603471e-01	
956	2.899956e-03	6.603471e-01	
957	2.899957e-03	6.603471e-01	
958	2.899958e-03	6.603471e-01	
959	2.899959e-03	6.603471e-01	
960	2.899960e-03	6.603471e-01	
961	2.899961e-03	6.603471e-01	
962	2.899962e-03	6.603471e-01	
963	2.899963e-03	6.603471e-01	
964	2.899964e-03	6.603471e-01	
965	2.899965e-03	6.603471e-01	
966	2.899966e-03	6.603471e-01	
967	2.899967e-03	6.603471e-01	
968	2.899968e-03	6.603471e-01	
969	2.899969e-03	6.603471e-01	
970	2.899970e-03	6.603471e-01	
971	2.899971e-03	6.603471e-01	
972	2.899972e-03	6.603471e-01	
973	2.899973e-03	6.603471e-01	
974	2.899974e-03	6.603471e-01	
975	2.899975e-03	6.603471e-01	
976	2.899976e-03	6.603471e-01	
977	2.899977e-03	6.603471e-01	
978	2.899978e-03	6.603471e-01	
979	2.899979e-03	6.603471e-01	
980	2.899980e-03	6.603471e-01	
981	2.899981e-03	6.603471e-01	
982	2.899982e-03	6.603471e-01	

Index   time            v(4)            
--------------------------------------------------------------------------------
983	2.899983e-03	6.603471e-01	
984	2.899984e-03	6.603471e-01	
985	2.899985e-03	6.603471e-01	
986	2.899986e-03	6.603471e-01	
987	2.899987e-03	6.603471e-01	
988	2.899988e-03	6.603471e-01	
989	2.899989e-03	6.603471e-01	
990	2.899990e-03	6.603471e-01	
991	2.899991e-03	6.603471e-01	
992	2.899992e-03	6.603471e-01	
993	2.899993e-03	6.603471e-01	
994	2.899994e-03	6.603471e-01	
995	2.899995e-03	6.603471e-01	
996	2.899996e-03	6.603471e-01	
997	2.899997e-03	6.603471e-01	
998	2.899998e-03	6.603471e-01	
999	2.899999e-03	6.603471e-01	
1000	2.900000e-03	6.603471e-01	
1001	2.900001e-03	6.603471e-01	
1002	2.900001e-03	6.602626e-01	
1003	2.900001e-03	6.600927e-01	
1004	2.900002e-03	6.597466e-01	
1005	2.900002e-03	6.594817e-01	
1006	2.900002e-03	6.594776e-01	
1007	2.900002e-03	6.594694e-01	
1008	2.900003e-03	6.594531e-01	
1009	2.900003e-03	6.594203e-01	
1010	2.900004e-03	6.593691e-01	
1011	2.900005e-03	6.593179e-01	
1012	2.900006e-03	6.592666e-01	
1013	2.900007e-03	6.592152e-01	
1014	2.900008e-03	6.591638e-01	
1015	2.900009e-03	6.591123e-01	
1016	2.900010e-03	6.590607e-01	
1017	2.900011e-03	6.590091e-01	
1018	2.900012e-03	6.589575e-01	
1019	2.900013e-03	6.589058e-01	
1020	2.900014e-03	6.588540e-01	
1021	2.900015e-03	6.588022e-01	
1022	2.900016e-03	6.587503e-01	
1023	2.900017e-03	6.586983e-01	
1024	2.900018e-03	6.586463e-01	
1025	2.900019e-03	6.585943e-01	
1026	2.900020e-03	6.585421e-01	
1027	2.900021e-03	6.584900e-01	
1028	2.900022e-03	6.584377e-01	
1029	2.900023e-03	6.583854e-01	
1030	2.900024e-03	6.583331e-01	
1031	2.900025e-03	6.582806e-01	
1032	2.900026e-03	6.582282e-01	
1033	2.900027e-03	6.581756e-01	
1034	2.900028e-03	6.581230e-01	
1035	2.900029e-03	6.580704e-01	
1036	2.900030e-03	6.580176e-01	
1037	2.900031e-03	6.579649e-01	
1038	2.900032e-03	6.579120e-01	
1039	2.900033e-03	6.578591e-01	
1040	2.900034e-03	6.578061e-01	

Index   time            v(4)            
--------------------------------------------------------------------------------
1041	2.900035e-03	6.577531e-01	
1042	2.900036e-03	6.577000e-01	
1043	2.900037e-03	6.576469e-01	
1044	2.900038e-03	6.575937e-01	
1045	2.900039e-03	6.575404e-01	
1046	2.900040e-03	6.574871e-01	
1047	2.900041e-03	6.574337e-01	
1048	2.900042e-03	6.573802e-01	
1049	2.900043e-03	6.573267e-01	
1050	2.900044e-03	6.572731e-01	
1051	2.900045e-03	6.572195e-01	
1052	2.900046e-03	6.571658e-01	
1053	2.900047e-03	6.571120e-01	
1054	2.900048e-03	6.570581e-01	
1055	2.900049e-03	6.570043e-01	
1056	2.900050e-03	6.569503e-01	
1057	2.900051e-03	6.568963e-01	
1058	2.900052e-03	6.568422e-01	
1059	2.900053e-03	6.567880e-01	
1060	2.900054e-03	6.567338e-01	
1061	2.900055e-03	6.566795e-01	
1062	2.900056e-03	6.566252e-01	
1063	2.900057e-03	6.565708e-01	
1064	2.900058e-03	6.565163e-01	
1065	2.900059e-03	6.564617e-01	
1066	2.900060e-03	6.564071e-01	
1067	2.900061e-03	6.563525e-01	
1068	2.900062e-03	6.562977e-01	
1069	2.900063e-03	6.562429e-01	
1070	2.900064e-03	6.561880e-01	
1071	2.900065e-03	6.561331e-01	
1072	2.900066e-03	6.560781e-01	
1073	2.900067e-03	6.560230e-01	
1074	2.900068e-03	6.559679e-01	
1075	2.900069e-03	6.559127e-01	
1076	2.900070e-03	6.558574e-01	
1077	2.900071e-03	6.558021e-01	
1078	2.900072e-03	6.557467e-01	
1079	2.900073e-03	6.556912e-01	
1080	2.900074e-03	6.556357e-01	
1081	2.900075e-03	6.555800e-01	
1082	2.900076e-03	6.555244e-01	
1083	2.900077e-03	6.554686e-01	
1084	2.900078e-03	6.554128e-01	
1085	2.900079e-03	6.553569e-01	
1086	2.900080e-03	6.553010e-01	
1087	2.900081e-03	6.552450e-01	
1088	2.900082e-03	6.551889e-01	
1089	2.900083e-03	6.551327e-01	
1090	2.900084e-03	6.550765e-01	
1091	2.900085e-03	6.550202e-01	
1092	2.900086e-03	6.549638e-01	
1093	2.900087e-03	6.549074e-01	
1094	2.900088e-03	6.548509e-01	
1095	2.900089e-03	6.547943e-01	
1096	2.900090e-03	6.547376e-01	
1097	2.900091e-03	6.546809e-01	
1098	2.900092e-03	6.546241e-01	

Index   time            v(4)            
--------------------------------------------------------------------------------
1099	2.900093e-03	6.545673e-01	
1100	2.900094e-03	6.545103e-01	
1101	2.900095e-03	6.544533e-01	
1102	2.900096e-03	6.543962e-01	
1103	2.900097e-03	6.543391e-01	
1104	2.900098e-03	6.542819e-01	
1105	2.900099e-03	6.542246e-01	
1106	2.900100e-03	6.541672e-01	
1107	2.900101e-03	6.541098e-01	
1108	2.900102e-03	6.540523e-01	
1109	2.900103e-03	6.539947e-01	
1110	2.900104e-03	6.539370e-01	
1111	2.900105e-03	6.538793e-01	
1112	2.900106e-03	6.538215e-01	
1113	2.900107e-03	6.537636e-01	
1114	2.900108e-03	6.537056e-01	
1115	2.900109e-03	6.536476e-01	
1116	2.900110e-03	6.535895e-01	
1117	2.900111e-03	6.535313e-01	
1118	2.900112e-03	6.534730e-01	
1119	2.900113e-03	6.534147e-01	
1120	2.900114e-03	6.533563e-01	
1121	2.900115e-03	6.532978e-01	
1122	2.900116e-03	6.532393e-01	
1123	2.900117e-03	6.531806e-01	
1124	2.900118e-03	6.531219e-01	
1125	2.900119e-03	6.530631e-01	
1126	2.900120e-03	6.530043e-01	
1127	2.900121e-03	6.529453e-01	
1128	2.900122e-03	6.528863e-01	
1129	2.900123e-03	6.528272e-01	
1130	2.900124e-03	6.527680e-01	
1131	2.900125e-03	6.527088e-01	
1132	2.900126e-03	6.526494e-01	
1133	2.900127e-03	6.525900e-01	
1134	2.900128e-03	6.525305e-01	
1135	2.900129e-03	6.524710e-01	
1136	2.900130e-03	6.524113e-01	
1137	2.900131e-03	6.523516e-01	
1138	2.900132e-03	6.522918e-01	
1139	2.900133e-03	6.522319e-01	
1140	2.900134e-03	6.521719e-01	
1141	2.900135e-03	6.521119e-01	
1142	2.900136e-03	6.520518e-01	
1143	2.900137e-03	6.519916e-01	
1144	2.900138e-03	6.519313e-01	
1145	2.900139e-03	6.518709e-01	
1146	2.900140e-03	6.518104e-01	
1147	2.900141e-03	6.517499e-01	
1148	2.900142e-03	6.516893e-01	
1149	2.900143e-03	6.516286e-01	
1150	2.900144e-03	6.515678e-01	
1151	2.900145e-03	6.515070e-01	
1152	2.900146e-03	6.514460e-01	
1153	2.900147e-03	6.513850e-01	
1154	2.900148e-03	6.513239e-01	
1155	2.900149e-03	6.512627e-01	
1156	2.900150e-03	6.512014e-01	

Index   time            v(4)            
--------------------------------------------------------------------------------
1157	2.900151e-03	6.511400e-01	
1158	2.900152e-03	6.510786e-01	
1159	2.900153e-03	6.510171e-01	
1160	2.900154e-03	6.509554e-01	
1161	2.900155e-03	6.508937e-01	
1162	2.900156e-03	6.508320e-01	
1163	2.900157e-03	6.507701e-01	
1164	2.900158e-03	6.507081e-01	
1165	2.900159e-03	6.506461e-01	
1166	2.900160e-03	6.505839e-01	
1167	2.900161e-03	6.505217e-01	
1168	2.900162e-03	6.504594e-01	
1169	2.900163e-03	6.503970e-01	
1170	2.900164e-03	6.503345e-01	
1171	2.900165e-03	6.502720e-01	
1172	2.900166e-03	6.502093e-01	
1173	2.900167e-03	6.501466e-01	
1174	2.900168e-03	6.500837e-01	
1175	2.900169e-03	6.500208e-01	
1176	2.900170e-03	6.499578e-01	
1177	2.900171e-03	6.498947e-01	
1178	2.900172e-03	6.498315e-01	
1179	2.900173e-03	6.497682e-01	
1180	2.900174e-03	6.497049e-01	
1181	2.900175e-03	6.496414e-01	
1182	2.900176e-03	6.495779e-01	
1183	2.900177e-03	6.495142e-01	
1184	2.900178e-03	6.494505e-01	
1185	2.900179e-03	6.493867e-01	
1186	2.900180e-03	6.493227e-01	
1187	2.900181e-03	6.492587e-01	
1188	2.900182e-03	6.491946e-01	
1189	2.900183e-03	6.491304e-01	
1190	2.900184e-03	6.490661e-01	
1191	2.900185e-03	6.490018e-01	
1192	2.900186e-03	6.489373e-01	
1193	2.900187e-03	6.488727e-01	
1194	2.900188e-03	6.488081e-01	
1195	2.900189e-03	6.487433e-01	
1196	2.900190e-03	6.486785e-01	
1197	2.900191e-03	6.486135e-01	
1198	2.900192e-03	6.485485e-01	
1199	2.900193e-03	6.484833e-01	
1200	2.900194e-03	6.484181e-01	
1201	2.900195e-03	6.483528e-01	
1202	2.900196e-03	6.482873e-01	
1203	2.900197e-03	6.482218e-01	
1204	2.900198e-03	6.481562e-01	
1205	2.900199e-03	6.480905e-01	
1206	2.900200e-03	6.480247e-01	
1207	2.900201e-03	6.479587e-01	
1208	2.900202e-03	6.478927e-01	
1209	2.900203e-03	6.478266e-01	
1210	2.900204e-03	6.477604e-01	
1211	2.900205e-03	6.476941e-01	
1212	2.900206e-03	6.476277e-01	
1213	2.900207e-03	6.475612e-01	
1214	2.900208e-03	6.474946e-01	

Index   time            v(4)            
--------------------------------------------------------------------------------
1215	2.900209e-03	6.474278e-01	
1216	2.900210e-03	6.473610e-01	
1217	2.900211e-03	6.472941e-01	
1218	2.900212e-03	6.472271e-01	
1219	2.900213e-03	6.471600e-01	
1220	2.900214e-03	6.470928e-01	
1221	2.900215e-03	6.470254e-01	
1222	2.900216e-03	6.469580e-01	
1223	2.900217e-03	6.468905e-01	
1224	2.900218e-03	6.468229e-01	
1225	2.900219e-03	6.467551e-01	
1226	2.900220e-03	6.466873e-01	
1227	2.900221e-03	6.466193e-01	
1228	2.900222e-03	6.465513e-01	
1229	2.900223e-03	6.464831e-01	
1230	2.900224e-03	6.464149e-01	
1231	2.900225e-03	6.463465e-01	
1232	2.900226e-03	6.462780e-01	
1233	2.900227e-03	6.462094e-01	
1234	2.900228e-03	6.461407e-01	
1235	2.900229e-03	6.460719e-01	
1236	2.900230e-03	6.460030e-01	
1237	2.900231e-03	6.459340e-01	
1238	2.900232e-03	6.458649e-01	
1239	2.900233e-03	6.457957e-01	
1240	2.900234e-03	6.457263e-01	
1241	2.900235e-03	6.456569e-01	
1242	2.900236e-03	6.455873e-01	
1243	2.900237e-03	6.455176e-01	
1244	2.900238e-03	6.454479e-01	
1245	2.900239e-03	6.453780e-01	
1246	2.900240e-03	6.453080e-01	
1247	2.900241e-03	6.452378e-01	
1248	2.900242e-03	6.451676e-01	
1249	2.900243e-03	6.450973e-01	
1250	2.900244e-03	6.450268e-01	
1251	2.900245e-03	6.449562e-01	
1252	2.900246e-03	6.448856e-01	
1253	2.900247e-03	6.448148e-01	
1254	2.900248e-03	6.447438e-01	
1255	2.900249e-03	6.446728e-01	
1256	2.900250e-03	6.446017e-01	
1257	2.900251e-03	6.445304e-01	
1258	2.900252e-03	6.444590e-01	
1259	2.900253e-03	6.443875e-01	
1260	2.900254e-03	6.443159e-01	
1261	2.900255e-03	6.442442e-01	
1262	2.900256e-03	6.441723e-01	
1263	2.900257e-03	6.441004e-01	
1264	2.900258e-03	6.440283e-01	
1265	2.900259e-03	6.439561e-01	
1266	2.900260e-03	6.438838e-01	
1267	2.900261e-03	6.438113e-01	
1268	2.900262e-03	6.437388e-01	
1269	2.900263e-03	6.436661e-01	
1270	2.900264e-03	6.435933e-01	
1271	2.900265e-03	6.435203e-01	
1272	2.900266e-03	6.434473e-01	

Index   time            v(4)            
--------------------------------------------------------------------------------
1273	2.900267e-03	6.433741e-01	
1274	2.900268e-03	6.433008e-01	
1275	2.900269e-03	6.432274e-01	
1276	2.900270e-03	6.431539e-01	
1277	2.900271e-03	6.430802e-01	
1278	2.900272e-03	6.430064e-01	
1279	2.900273e-03	6.429325e-01	
1280	2.900274e-03	6.428584e-01	
1281	2.900275e-03	6.427843e-01	
1282	2.900276e-03	6.427100e-01	
1283	2.900277e-03	6.426355e-01	
1284	2.900278e-03	6.425610e-01	
1285	2.900279e-03	6.424863e-01	
1286	2.900280e-03	6.424115e-01	
1287	2.900281e-03	6.423365e-01	
1288	2.900282e-03	6.422615e-01	
1289	2.900283e-03	6.421863e-01	
1290	2.900284e-03	6.421109e-01	
1291	2.900285e-03	6.420355e-01	
1292	2.900286e-03	6.419599e-01	
1293	2.900287e-03	6.418842e-01	
1294	2.900288e-03	6.418083e-01	
1295	2.900289e-03	6.417323e-01	
1296	2.900290e-03	6.416562e-01	
1297	2.900291e-03	6.415799e-01	
1298	2.900292e-03	6.415035e-01	
1299	2.900293e-03	6.414270e-01	
1300	2.900294e-03	6.413504e-01	
1301	2.900295e-03	6.412736e-01	
1302	2.900296e-03	6.411966e-01	
1303	2.900297e-03	6.411195e-01	
1304	2.900298e-03	6.410423e-01	
1305	2.900299e-03	6.409650e-01	
1306	2.900300e-03	6.408875e-01	
1307	2.900301e-03	6.408099e-01	
1308	2.900302e-03	6.407321e-01	
1309	2.900303e-03	6.406542e-01	
1310	2.900304e-03	6.405761e-01	
1311	2.900305e-03	6.404980e-01	
1312	2.900306e-03	6.404196e-01	
1313	2.900307e-03	6.403412e-01	
1314	2.900308e-03	6.402625e-01	
1315	2.900309e-03	6.401838e-01	
1316	2.900310e-03	6.401049e-01	
1317	2.900311e-03	6.400258e-01	
1318	2.900312e-03	6.399466e-01	
1319	2.900313e-03	6.398673e-01	
1320	2.900314e-03	6.397878e-01	
1321	2.900315e-03	6.397082e-01	
1322	2.900316e-03	6.396284e-01	
1323	2.900317e-03	6.395485e-01	
1324	2.900318e-03	6.394684e-01	
1325	2.900319e-03	6.393882e-01	
1326	2.900320e-03	6.393078e-01	
1327	2.900321e-03	6.392272e-01	
1328	2.900322e-03	6.391466e-01	
1329	2.900323e-03	6.390657e-01	
1330	2.900324e-03	6.389848e-01	

Index   time            v(4)            
--------------------------------------------------------------------------------
1331	2.900325e-03	6.389036e-01	
1332	2.900326e-03	6.388223e-01	
1333	2.900327e-03	6.387409e-01	
1334	2.900328e-03	6.386593e-01	
1335	2.900329e-03	6.385775e-01	
1336	2.900330e-03	6.384956e-01	
1337	2.900331e-03	6.384136e-01	
1338	2.900332e-03	6.383313e-01	
1339	2.900333e-03	6.382490e-01	
1340	2.900334e-03	6.381664e-01	
1341	2.900335e-03	6.380837e-01	
1342	2.900336e-03	6.380009e-01	
1343	2.900337e-03	6.379178e-01	
1344	2.900338e-03	6.378347e-01	
1345	2.900339e-03	6.377513e-01	
1346	2.900340e-03	6.376678e-01	
1347	2.900341e-03	6.375841e-01	
1348	2.900342e-03	6.375003e-01	
1349	2.900343e-03	6.374163e-01	
1350	2.900344e-03	6.373322e-01	
1351	2.900345e-03	6.372478e-01	
1352	2.900346e-03	6.371633e-01	
1353	2.900347e-03	6.370787e-01	
1354	2.900348e-03	6.369938e-01	
1355	2.900349e-03	6.369088e-01	
1356	2.900350e-03	6.368237e-01	
1357	2.900351e-03	6.367383e-01	
1358	2.900352e-03	6.366528e-01	
1359	2.900353e-03	6.365672e-01	
1360	2.900354e-03	6.364813e-01	
1361	2.900355e-03	6.363953e-01	
1362	2.900356e-03	6.363091e-01	
1363	2.900357e-03	6.362227e-01	
1364	2.900358e-03	6.361362e-01	
1365	2.900359e-03	6.360494e-01	
1366	2.900360e-03	6.359625e-01	
1367	2.900361e-03	6.358755e-01	
1368	2.900362e-03	6.357882e-01	
1369	2.900363e-03	6.357008e-01	
1370	2.900364e-03	6.356131e-01	
1371	2.900365e-03	6.355253e-01	
1372	2.900366e-03	6.354374e-01	
1373	2.900367e-03	6.353492e-01	
1374	2.900368e-03	6.352609e-01	
1375	2.900369e-03	6.351723e-01	
1376	2.900370e-03	6.350836e-01	
1377	2.900371e-03	6.349947e-01	
1378	2.900372e-03	6.349056e-01	
1379	2.900373e-03	6.348164e-01	
1380	2.900374e-03	6.347269e-01	
1381	2.900375e-03	6.346373e-01	
1382	2.900376e-03	6.345474e-01	
1383	2.900377e-03	6.344574e-01	
1384	2.900378e-03	6.343672e-01	
1385	2.900379e-03	6.342768e-01	
1386	2.900380e-03	6.341862e-01	
1387	2.900381e-03	6.340954e-01	
1388	2.900382e-03	6.340044e-01	

Index   time            v(4)            
--------------------------------------------------------------------------------
1389	2.900383e-03	6.339132e-01	
1390	2.900384e-03	6.338218e-01	
1391	2.900385e-03	6.337302e-01	
1392	2.900386e-03	6.336384e-01	
1393	2.900387e-03	6.335465e-01	
1394	2.900388e-03	6.334543e-01	
1395	2.900389e-03	6.333619e-01	
1396	2.900390e-03	6.332693e-01	
1397	2.900391e-03	6.331765e-01	
1398	2.900392e-03	6.330836e-01	
1399	2.900393e-03	6.329904e-01	
1400	2.900394e-03	6.328970e-01	
1401	2.900395e-03	6.328034e-01	
1402	2.900396e-03	6.327095e-01	
1403	2.900397e-03	6.326155e-01	
1404	2.900398e-03	6.325213e-01	
1405	2.900399e-03	6.324268e-01	
1406	2.900400e-03	6.323322e-01	
1407	2.900401e-03	6.322373e-01	
1408	2.900402e-03	6.321422e-01	
1409	2.900403e-03	6.320469e-01	
1410	2.900404e-03	6.319514e-01	
1411	2.900405e-03	6.318557e-01	
1412	2.900406e-03	6.317598e-01	
1413	2.900407e-03	6.316636e-01	
1414	2.900408e-03	6.315672e-01	
1415	2.900409e-03	6.314706e-01	
1416	2.900410e-03	6.313738e-01	
1417	2.900411e-03	6.312767e-01	
1418	2.900412e-03	6.311795e-01	
1419	2.900413e-03	6.310820e-01	
1420	2.900414e-03	6.309842e-01	
1421	2.900415e-03	6.308863e-01	
1422	2.900416e-03	6.307881e-01	
1423	2.900417e-03	6.306897e-01	
1424	2.900418e-03	6.305911e-01	
1425	2.900419e-03	6.304922e-01	
1426	2.900420e-03	6.303931e-01	
1427	2.900421e-03	6.302937e-01	
1428	2.900422e-03	6.301942e-01	
1429	2.900423e-03	6.300944e-01	
1430	2.900424e-03	6.299943e-01	
1431	2.900425e-03	6.298940e-01	
1432	2.900426e-03	6.297935e-01	
1433	2.900427e-03	6.296927e-01	
1434	2.900428e-03	6.295917e-01	
1435	2.900429e-03	6.294905e-01	
1436	2.900430e-03	6.293890e-01	
1437	2.900431e-03	6.292872e-01	
1438	2.900432e-03	6.291852e-01	
1439	2.900433e-03	6.290830e-01	
1440	2.900434e-03	6.289805e-01	
1441	2.900435e-03	6.288778e-01	
1442	2.900436e-03	6.287748e-01	
1443	2.900437e-03	6.286715e-01	
1444	2.900438e-03	6.285680e-01	
1445	2.900439e-03	6.284643e-01	
1446	2.900440e-03	6.283602e-01	

Index   time            v(4)            
--------------------------------------------------------------------------------
1447	2.900441e-03	6.282560e-01	
1448	2.900442e-03	6.281514e-01	
1449	2.900443e-03	6.280466e-01	
1450	2.900444e-03	6.279416e-01	
1451	2.900445e-03	6.278362e-01	
1452	2.900446e-03	6.277306e-01	
1453	2.900447e-03	6.276248e-01	
1454	2.900448e-03	6.275187e-01	
1455	2.900449e-03	6.274123e-01	
1456	2.900450e-03	6.273056e-01	
1457	2.900451e-03	6.271986e-01	
1458	2.900452e-03	6.270914e-01	
1459	2.900453e-03	6.269839e-01	
1460	2.900454e-03	6.268762e-01	
1461	2.900455e-03	6.267681e-01	
1462	2.900456e-03	6.266598e-01	
1463	2.900457e-03	6.265512e-01	
1464	2.900458e-03	6.264423e-01	
1465	2.900459e-03	6.263331e-01	
1466	2.900460e-03	6.262236e-01	
1467	2.900461e-03	6.261139e-01	
1468	2.900462e-03	6.260038e-01	
1469	2.900463e-03	6.258935e-01	
1470	2.900464e-03	6.257829e-01	
1471	2.900465e-03	6.256719e-01	
1472	2.900466e-03	6.255607e-01	
1473	2.900467e-03	6.254492e-01	
1474	2.900468e-03	6.253374e-01	
1475	2.900469e-03	6.252252e-01	
1476	2.900470e-03	6.251128e-01	
1477	2.900471e-03	6.250001e-01	
1478	2.900472e-03	6.248871e-01	
1479	2.900473e-03	6.247737e-01	
1480	2.900474e-03	6.246601e-01	
1481	2.900475e-03	6.245461e-01	
1482	2.900476e-03	6.244318e-01	
1483	2.900477e-03	6.243172e-01	
1484	2.900478e-03	6.242023e-01	
1485	2.900479e-03	6.240871e-01	
1486	2.900480e-03	6.239715e-01	
1487	2.900481e-03	6.238557e-01	
1488	2.900482e-03	6.237395e-01	
1489	2.900483e-03	6.236229e-01	
1490	2.900484e-03	6.235061e-01	
1491	2.900485e-03	6.233889e-01	
1492	2.900486e-03	6.232714e-01	
1493	2.900487e-03	6.231535e-01	
1494	2.900488e-03	6.230354e-01	
1495	2.900489e-03	6.229168e-01	
1496	2.900490e-03	6.227980e-01	
1497	2.900491e-03	6.226788e-01	
1498	2.900492e-03	6.225592e-01	
1499	2.900493e-03	6.224393e-01	
1500	2.900494e-03	6.223191e-01	
1501	2.900495e-03	6.221985e-01	
1502	2.900496e-03	6.220775e-01	
1503	2.900497e-03	6.219562e-01	
1504	2.900498e-03	6.218346e-01	

Index   time            v(4)            
--------------------------------------------------------------------------------
1505	2.900499e-03	6.217125e-01	
1506	2.900500e-03	6.215902e-01	
1507	2.900501e-03	6.214674e-01	
1508	2.900502e-03	6.213443e-01	
1509	2.900503e-03	6.212208e-01	
1510	2.900504e-03	6.210970e-01	
1511	2.900505e-03	6.209728e-01	
1512	2.900506e-03	6.208482e-01	
1513	2.900507e-03	6.207232e-01	
1514	2.900508e-03	6.205978e-01	
1515	2.900509e-03	6.204721e-01	
1516	2.900510e-03	6.203460e-01	
1517	2.900511e-03	6.202195e-01	
1518	2.900512e-03	6.200926e-01	
1519	2.900513e-03	6.199653e-01	
1520	2.900514e-03	6.198376e-01	
1521	2.900515e-03	6.197095e-01	
1522	2.900516e-03	6.195810e-01	
1523	2.900517e-03	6.194522e-01	
1524	2.900518e-03	6.193229e-01	
1525	2.900519e-03	6.191932e-01	
1526	2.900520e-03	6.190631e-01	
1527	2.900521e-03	6.189326e-01	
1528	2.900522e-03	6.188016e-01	
1529	2.900523e-03	6.186703e-01	
1530	2.900524e-03	6.185385e-01	
1531	2.900525e-03	6.184063e-01	
1532	2.900526e-03	6.182737e-01	
1533	2.900527e-03	6.181406e-01	
1534	2.900528e-03	6.180071e-01	
1535	2.900529e-03	6.178732e-01	
1536	2.900530e-03	6.177388e-01	
1537	2.900531e-03	6.176040e-01	
1538	2.900532e-03	6.174688e-01	
1539	2.900533e-03	6.173331e-01	
1540	2.900534e-03	6.171970e-01	
1541	2.900535e-03	6.170604e-01	
1542	2.900536e-03	6.169233e-01	
1543	2.900537e-03	6.167858e-01	
1544	2.900538e-03	6.166478e-01	
1545	2.900539e-03	6.165094e-01	
1546	2.900540e-03	6.163705e-01	
1547	2.900541e-03	6.162311e-01	
1548	2.900542e-03	6.160912e-01	
1549	2.900543e-03	6.159509e-01	
1550	2.900544e-03	6.158100e-01	
1551	2.900545e-03	6.156687e-01	
1552	2.900546e-03	6.155269e-01	
1553	2.900547e-03	6.153846e-01	
1554	2.900548e-03	6.152418e-01	
1555	2.900549e-03	6.150985e-01	
1556	2.900550e-03	6.149547e-01	
1557	2.900551e-03	6.148104e-01	
1558	2.900552e-03	6.146656e-01	
1559	2.900553e-03	6.145203e-01	
1560	2.900554e-03	6.143744e-01	
1561	2.900555e-03	6.142281e-01	
1562	2.900556e-03	6.140812e-01	

Index   time            v(4)            
--------------------------------------------------------------------------------
1563	2.900557e-03	6.139337e-01	
1564	2.900558e-03	6.137858e-01	
1565	2.900559e-03	6.136373e-01	
1566	2.900560e-03	6.134882e-01	
1567	2.900561e-03	6.133386e-01	
1568	2.900562e-03	6.131885e-01	
1569	2.900563e-03	6.130378e-01	
1570	2.900564e-03	6.128865e-01	
1571	2.900565e-03	6.127347e-01	
1572	2.900566e-03	6.125823e-01	
1573	2.900567e-03	6.124293e-01	
1574	2.900568e-03	6.122758e-01	
1575	2.900569e-03	6.121216e-01	
1576	2.900570e-03	6.119669e-01	
1577	2.900571e-03	6.118116e-01	
1578	2.900572e-03	6.116557e-01	
1579	2.900573e-03	6.114992e-01	
1580	2.900574e-03	6.113421e-01	
1581	2.900575e-03	6.111844e-01	
1582	2.900576e-03	6.110261e-01	
1583	2.900577e-03	6.108671e-01	
1584	2.900578e-03	6.107076e-01	
1585	2.900579e-03	6.105474e-01	
1586	2.900580e-03	6.103865e-01	
1587	2.900581e-03	6.102250e-01	
1588	2.900582e-03	6.100629e-01	
1589	2.900583e-03	6.099001e-01	
1590	2.900584e-03	6.097367e-01	
1591	2.900585e-03	6.095726e-01	
1592	2.900586e-03	6.094079e-01	
1593	2.900587e-03	6.092424e-01	
1594	2.900588e-03	6.090763e-01	
1595	2.900589e-03	6.089095e-01	
1596	2.900590e-03	6.087421e-01	
1597	2.900591e-03	6.085739e-01	
1598	2.900592e-03	6.084050e-01	
1599	2.900593e-03	6.082354e-01	
1600	2.900594e-03	6.080651e-01	
1601	2.900595e-03	6.078941e-01	
1602	2.900596e-03	6.077224e-01	
1603	2.900597e-03	6.075499e-01	
1604	2.900598e-03	6.073767e-01	
1605	2.900599e-03	6.072027e-01	
1606	2.900600e-03	6.070280e-01	
1607	2.900601e-03	6.068525e-01	
1608	2.900602e-03	6.066763e-01	
1609	2.900603e-03	6.064993e-01	
1610	2.900604e-03	6.063215e-01	
1611	2.900605e-03	6.061429e-01	
1612	2.900606e-03	6.059635e-01	
1613	2.900607e-03	6.057833e-01	
1614	2.900608e-03	6.056024e-01	
1615	2.900609e-03	6.054206e-01	
1616	2.900610e-03	6.052379e-01	
1617	2.900611e-03	6.050545e-01	
1618	2.900612e-03	6.048702e-01	
1619	2.900613e-03	6.046851e-01	
1620	2.900614e-03	6.044991e-01	

Index   time            v(4)            
--------------------------------------------------------------------------------
1621	2.900615e-03	6.043122e-01	
1622	2.900616e-03	6.041245e-01	
1623	2.900617e-03	6.039359e-01	
1624	2.900618e-03	6.037464e-01	
1625	2.900619e-03	6.035560e-01	
1626	2.900620e-03	6.033647e-01	
1627	2.900621e-03	6.031725e-01	
1628	2.900622e-03	6.029794e-01	
1629	2.900623e-03	6.027853e-01	
1630	2.900624e-03	6.025903e-01	
1631	2.900625e-03	6.023943e-01	
1632	2.900626e-03	6.021974e-01	
1633	2.900627e-03	6.019995e-01	
1634	2.900628e-03	6.018006e-01	
1635	2.900629e-03	6.016008e-01	
1636	2.900630e-03	6.013999e-01	
1637	2.900631e-03	6.011981e-01	
1638	2.900632e-03	6.009952e-01	
1639	2.900633e-03	6.007913e-01	
1640	2.900634e-03	6.005863e-01	
1641	2.900635e-03	6.003803e-01	
1642	2.900636e-03	6.001732e-01	
1643	2.900637e-03	5.999650e-01	
1644	2.900638e-03	5.997558e-01	
1645	2.900639e-03	5.995455e-01	
1646	2.900640e-03	5.993340e-01	
1647	2.900641e-03	5.991214e-01	
1648	2.900642e-03	5.989077e-01	
1649	2.900643e-03	5.986929e-01	
1650	2.900644e-03	5.984768e-01	
1651	2.900645e-03	5.982597e-01	
1652	2.900646e-03	5.980413e-01	
1653	2.900647e-03	5.978217e-01	
1654	2.900648e-03	5.976009e-01	
1655	2.900649e-03	5.973789e-01	
1656	2.900650e-03	5.971557e-01	
1657	2.900651e-03	5.969312e-01	
1658	2.900652e-03	5.967054e-01	
1659	2.900653e-03	5.964783e-01	
1660	2.900654e-03	5.962500e-01	
1661	2.900655e-03	5.960203e-01	
1662	2.900656e-03	5.957893e-01	
1663	2.900657e-03	5.955569e-01	
1664	2.900658e-03	5.953232e-01	
1665	2.900659e-03	5.950882e-01	
1666	2.900660e-03	5.948517e-01	
1667	2.900661e-03	5.946138e-01	
1668	2.900662e-03	5.943745e-01	
1669	2.900663e-03	5.941337e-01	
1670	2.900664e-03	5.938915e-01	
1671	2.900665e-03	5.936478e-01	
1672	2.900666e-03	5.934026e-01	
1673	2.900667e-03	5.931558e-01	
1674	2.900668e-03	5.929076e-01	
1675	2.900669e-03	5.926577e-01	
1676	2.900670e-03	5.924063e-01	
1677	2.900671e-03	5.921533e-01	
1678	2.900672e-03	5.918987e-01	

Index   time            v(4)            
--------------------------------------------------------------------------------
1679	2.900673e-03	5.916425e-01	
1680	2.900674e-03	5.913845e-01	
1681	2.900675e-03	5.911249e-01	
1682	2.900676e-03	5.908636e-01	
1683	2.900677e-03	5.906005e-01	
1684	2.900678e-03	5.903357e-01	
1685	2.900679e-03	5.900692e-01	
1686	2.900680e-03	5.898008e-01	
1687	2.900681e-03	5.895306e-01	
1688	2.900682e-03	5.892585e-01	
1689	2.900683e-03	5.889846e-01	
1690	2.900684e-03	5.887087e-01	
1691	2.900685e-03	5.884310e-01	
1692	2.900686e-03	5.881512e-01	
1693	2.900687e-03	5.878695e-01	
1694	2.900688e-03	5.875858e-01	
1695	2.900689e-03	5.873000e-01	
1696	2.900690e-03	5.870121e-01	
1697	2.900691e-03	5.867221e-01	
1698	2.900692e-03	5.864300e-01	
1699	2.900693e-03	5.861357e-01	
1700	2.900694e-03	5.858393e-01	
1701	2.900695e-03	5.855405e-01	
1702	2.900696e-03	5.852395e-01	
1703	2.900697e-03	5.849362e-01	
1704	2.900698e-03	5.846306e-01	
1705	2.900699e-03	5.843226e-01	
1706	2.900700e-03	5.840121e-01	
1707	2.900701e-03	5.836992e-01	
1708	2.900702e-03	5.833838e-01	
1709	2.900703e-03	5.830659e-01	
1710	2.900704e-03	5.827453e-01	
1711	2.900705e-03	5.824222e-01	
1712	2.900706e-03	5.820964e-01	
1713	2.900707e-03	5.817679e-01	
1714	2.900708e-03	5.814366e-01	
1715	2.900709e-03	5.811025e-01	
1716	2.900710e-03	5.807656e-01	
1717	2.900711e-03	5.804257e-01	
1718	2.900712e-03	5.800829e-01	
1719	2.900713e-03	5.797371e-01	
1720	2.900714e-03	5.793883e-01	
1721	2.900715e-03	5.790363e-01	
1722	2.900716e-03	5.786811e-01	
1723	2.900717e-03	5.783227e-01	
1724	2.900718e-03	5.779611e-01	
1725	2.900719e-03	5.775960e-01	
1726	2.900720e-03	5.772276e-01	
1727	2.900721e-03	5.768557e-01	
1728	2.900722e-03	5.764802e-01	
1729	2.900723e-03	5.761011e-01	
1730	2.900724e-03	5.757183e-01	
1731	2.900725e-03	5.753317e-01	
1732	2.900726e-03	5.749413e-01	
1733	2.900727e-03	5.745470e-01	
1734	2.900728e-03	5.741487e-01	
1735	2.900729e-03	5.737464e-01	
1736	2.900730e-03	5.733398e-01	

Index   time            v(4)            
--------------------------------------------------------------------------------
1737	2.900731e-03	5.729290e-01	
1738	2.900732e-03	5.725139e-01	
1739	2.900733e-03	5.720943e-01	
1740	2.900734e-03	5.716702e-01	
1741	2.900735e-03	5.712414e-01	
1742	2.900736e-03	5.708080e-01	
1743	2.900737e-03	5.703696e-01	
1744	2.900738e-03	5.699263e-01	
1745	2.900739e-03	5.694780e-01	
1746	2.900740e-03	5.690244e-01	
1747	2.900741e-03	5.685656e-01	
1748	2.900742e-03	5.681013e-01	
1749	2.900743e-03	5.676315e-01	
1750	2.900744e-03	5.671559e-01	
1751	2.900745e-03	5.666745e-01	
1752	2.900746e-03	5.661871e-01	
1753	2.900747e-03	5.656935e-01	
1754	2.900748e-03	5.651937e-01	
1755	2.900749e-03	5.646874e-01	
1756	2.900750e-03	5.641744e-01	
1757	2.900751e-03	5.636546e-01	
1758	2.900752e-03	5.631278e-01	
1759	2.900753e-03	5.625939e-01	
1760	2.900754e-03	5.620525e-01	
1761	2.900755e-03	5.615035e-01	
1762	2.900756e-03	5.609467e-01	
1763	2.900757e-03	5.603819e-01	
1764	2.900758e-03	5.598087e-01	
1765	2.900759e-03	5.592270e-01	
1766	2.900760e-03	5.586366e-01	
1767	2.900761e-03	5.580370e-01	
1768	2.900762e-03	5.574281e-01	
1769	2.900763e-03	5.568095e-01	
1770	2.900764e-03	5.561810e-01	
1771	2.900765e-03	5.555422e-01	
1772	2.900766e-03	5.548927e-01	
1773	2.900767e-03	5.542323e-01	
1774	2.900768e-03	5.535604e-01	
1775	2.900769e-03	5.528768e-01	
1776	2.900770e-03	5.521810e-01	
1777	2.900771e-03	5.514725e-01	
1778	2.900772e-03	5.507509e-01	
1779	2.900773e-03	5.500156e-01	
1780	2.900774e-03	5.492662e-01	
1781	2.900775e-03	5.485021e-01	
1782	2.900776e-03	5.477227e-01	
1783	2.900777e-03	5.469274e-01	
1784	2.900778e-03	5.461154e-01	
1785	2.900779e-03	5.452862e-01	
1786	2.900780e-03	5.444389e-01	
1787	2.900781e-03	5.435727e-01	
1788	2.900782e-03	5.426868e-01	
1789	2.900783e-03	5.417802e-01	
1790	2.900784e-03	5.408520e-01	
1791	2.900785e-03	5.399011e-01	
1792	2.900786e-03	5.389263e-01	
1793	2.900787e-03	5.379264e-01	
1794	2.900788e-03	5.369001e-01	

Index   time            v(4)            
--------------------------------------------------------------------------------
1795	2.900789e-03	5.358459e-01	
1796	2.900790e-03	5.347623e-01	
1797	2.900791e-03	5.336477e-01	
1798	2.900792e-03	5.325000e-01	
1799	2.900793e-03	5.313174e-01	
1800	2.900794e-03	5.300977e-01	
1801	2.900795e-03	5.288383e-01	
1802	2.900796e-03	5.275367e-01	
1803	2.900797e-03	5.261900e-01	
1804	2.900798e-03	5.247947e-01	
1805	2.900799e-03	5.233475e-01	
1806	2.900800e-03	5.218441e-01	
1807	2.900801e-03	5.202802e-01	
1808	2.900802e-03	5.186505e-01	
1809	2.900803e-03	5.169493e-01	
1810	2.900804e-03	5.151701e-01	
1811	2.900805e-03	5.133054e-01	
1812	2.900806e-03	5.113464e-01	
1813	2.900807e-03	5.092833e-01	
1814	2.900808e-03	5.071043e-01	
1815	2.900809e-03	5.047956e-01	
1816	2.900810e-03	5.023408e-01	
1817	2.900811e-03	4.997202e-01	
1818	2.900812e-03	4.969100e-01	
1819	2.900813e-03	4.938806e-01	
1820	2.900814e-03	4.905949e-01	
1821	2.900815e-03	4.870060e-01	
1822	2.900816e-03	4.830525e-01	
1823	2.900817e-03	4.786524e-01	
1824	2.900818e-03	4.736930e-01	
1825	2.900819e-03	4.680131e-01	
1826	2.900820e-03	4.613713e-01	
1827	2.900821e-03	4.533829e-01	
1828	2.900822e-03	4.433819e-01	
1829	2.900823e-03	4.300723e-01	
1830	2.900824e-03	4.098864e-01	
1831	2.900825e-03	3.686381e-01	
1832	2.900826e-03	1.534216e-01	
1833	2.900827e-03	-2.14245e-01	
1834	2.900828e-03	-4.85087e-01	
1835	2.900829e-03	-6.70422e-01	
1836	2.900830e-03	-7.92104e-01	
1837	2.900831e-03	-8.70039e-01	
1838	2.900832e-03	-9.19153e-01	
1839	2.900833e-03	-9.49834e-01	
1840	2.900834e-03	-9.68955e-01	
1841	2.900835e-03	-9.80821e-01	
1842	2.900836e-03	-9.88164e-01	
1843	2.900837e-03	-9.92700e-01	
1844	2.900838e-03	-9.95500e-01	
1845	2.900839e-03	-9.97226e-01	
1846	2.900840e-03	-9.98291e-01	
1847	2.900841e-03	-9.98947e-01	
1848	2.900842e-03	-9.99351e-01	
1849	2.900843e-03	-9.99600e-01	
1850	2.900844e-03	-9.99754e-01	
1851	2.900845e-03	-9.99848e-01	
1852	2.900846e-03	-9.99907e-01	

Index   time            v(4)            
--------------------------------------------------------------------------------
1853	2.900847e-03	-9.99942e-01	
1854	2.900848e-03	-9.99965e-01	
1855	2.900849e-03	-9.99978e-01	
1856	2.900850e-03	-9.99987e-01	
1857	2.900851e-03	-9.99992e-01	
1858	2.900852e-03	-9.99995e-01	
1859	2.900853e-03	-9.99997e-01	
1860	2.900854e-03	-9.99998e-01	
1861	2.900855e-03	-9.99999e-01	
1862	2.900856e-03	-9.99999e-01	
1863	2.900857e-03	-1.00000e+00	
1864	2.900858e-03	-1.00000e+00	
1865	2.900859e-03	-1.00000e+00	
1866	2.900860e-03	-1.00000e+00	
1867	2.900861e-03	-1.00000e+00	
1868	2.900862e-03	-1.00000e+00	
1869	2.900863e-03	-1.00000e+00	
1870	2.900864e-03	-1.00000e+00	
1871	2.900865e-03	-1.00000e+00	
1872	2.900866e-03	-1.00000e+00	
1873	2.900867e-03	-1.00000e+00	
1874	2.900868e-03	-1.00000e+00	
1875	2.900869e-03	-1.00000e+00	
1876	2.900870e-03	-1.00000e+00	
1877	2.900871e-03	-1.00000e+00	
1878	2.900872e-03	-1.00000e+00	
1879	2.900873e-03	-1.00000e+00	
1880	2.900874e-03	-1.00000e+00	
1881	2.900875e-03	-1.00000e+00	
1882	2.900876e-03	-1.00000e+00	
1883	2.900877e-03	-1.00000e+00	
1884	2.900878e-03	-1.00000e+00	
1885	2.900879e-03	-1.00000e+00	
1886	2.900880e-03	-1.00000e+00	
1887	2.900881e-03	-1.00000e+00	
1888	2.900882e-03	-1.00000e+00	
1889	2.900883e-03	-1.00000e+00	
1890	2.900884e-03	-1.00000e+00	
1891	2.900885e-03	-1.00000e+00	
1892	2.900886e-03	-1.00000e+00	
1893	2.900887e-03	-1.00000e+00	
1894	2.900888e-03	-1.00000e+00	
1895	2.900889e-03	-1.00000e+00	
1896	2.900890e-03	-1.00000e+00	
1897	2.900891e-03	-1.00000e+00	
1898	2.900892e-03	-1.00000e+00	
1899	2.900893e-03	-1.00000e+00	
1900	2.900894e-03	-1.00000e+00	
1901	2.900895e-03	-1.00000e+00	
1902	2.900896e-03	-1.00000e+00	
1903	2.900897e-03	-1.00000e+00	
1904	2.900898e-03	-1.00000e+00	
1905	2.900899e-03	-1.00000e+00	
1906	2.900900e-03	-1.00000e+00	
1907	2.900901e-03	-1.00000e+00	
1908	2.900902e-03	-1.00000e+00	
1909	2.900903e-03	-1.00000e+00	
1910	2.900904e-03	-1.00000e+00	

Index   time            v(4)            
--------------------------------------------------------------------------------
1911	2.900905e-03	-1.00000e+00	
1912	2.900906e-03	-1.00000e+00	
1913	2.900907e-03	-1.00000e+00	
1914	2.900908e-03	-1.00000e+00	
1915	2.900909e-03	-1.00000e+00	
1916	2.900910e-03	-1.00000e+00	
1917	2.900911e-03	-1.00000e+00	
1918	2.900912e-03	-1.00000e+00	
1919	2.900913e-03	-1.00000e+00	
1920	2.900914e-03	-1.00000e+00	
1921	2.900915e-03	-1.00000e+00	
1922	2.900916e-03	-1.00000e+00	
1923	2.900917e-03	-1.00000e+00	
1924	2.900918e-03	-1.00000e+00	
1925	2.900919e-03	-1.00000e+00	
1926	2.900920e-03	-1.00000e+00	
1927	2.900921e-03	-1.00000e+00	
1928	2.900922e-03	-1.00000e+00	
1929	2.900923e-03	-1.00000e+00	
1930	2.900924e-03	-1.00000e+00	
1931	2.900925e-03	-1.00000e+00	
1932	2.900926e-03	-1.00000e+00	
1933	2.900927e-03	-1.00000e+00	
1934	2.900928e-03	-1.00000e+00	
1935	2.900929e-03	-1.00000e+00	
1936	2.900930e-03	-1.00000e+00	
1937	2.900931e-03	-1.00000e+00	
1938	2.900932e-03	-1.00000e+00	
1939	2.900933e-03	-1.00000e+00	
1940	2.900934e-03	-1.00000e+00	
1941	2.900935e-03	-1.00000e+00	
1942	2.900936e-03	-1.00000e+00	
1943	2.900937e-03	-1.00000e+00	
1944	2.900938e-03	-1.00000e+00	
1945	2.900939e-03	-1.00000e+00	
1946	2.900940e-03	-1.00000e+00	
1947	2.900941e-03	-1.00000e+00	
1948	2.900942e-03	-1.00000e+00	
1949	2.900943e-03	-1.00000e+00	
1950	2.900944e-03	-1.00000e+00	
1951	2.900945e-03	-1.00000e+00	
1952	2.900946e-03	-1.00000e+00	
1953	2.900947e-03	-1.00000e+00	
1954	2.900948e-03	-1.00000e+00	
1955	2.900949e-03	-1.00000e+00	
1956	2.900950e-03	-1.00000e+00	
1957	2.900951e-03	-1.00000e+00	
1958	2.900952e-03	-1.00000e+00	
1959	2.900953e-03	-1.00000e+00	
1960	2.900954e-03	-1.00000e+00	
1961	2.900955e-03	-1.00000e+00	
1962	2.900956e-03	-1.00000e+00	
1963	2.900957e-03	-1.00000e+00	
1964	2.900958e-03	-1.00000e+00	
1965	2.900959e-03	-1.00000e+00	
1966	2.900960e-03	-1.00000e+00	
1967	2.900961e-03	-1.00000e+00	
1968	2.900962e-03	-1.00000e+00	

Index   time            v(4)            
--------------------------------------------------------------------------------
1969	2.900963e-03	-1.00000e+00	
1970	2.900964e-03	-1.00000e+00	
1971	2.900965e-03	-1.00000e+00	
1972	2.900966e-03	-1.00000e+00	
1973	2.900967e-03	-1.00000e+00	
1974	2.900968e-03	-1.00000e+00	
1975	2.900969e-03	-1.00000e+00	
1976	2.900970e-03	-1.00000e+00	
1977	2.900971e-03	-1.00000e+00	
1978	2.900972e-03	-1.00000e+00	
1979	2.900973e-03	-1.00000e+00	
1980	2.900974e-03	-1.00000e+00	
1981	2.900975e-03	-1.00000e+00	
1982	2.900976e-03	-1.00000e+00	
1983	2.900977e-03	-1.00000e+00	
1984	2.900978e-03	-1.00000e+00	
1985	2.900979e-03	-1.00000e+00	
1986	2.900980e-03	-1.00000e+00	
1987	2.900981e-03	-1.00000e+00	
1988	2.900982e-03	-1.00000e+00	
1989	2.900983e-03	-1.00000e+00	
1990	2.900984e-03	-1.00000e+00	
1991	2.900985e-03	-1.00000e+00	
1992	2.900986e-03	-1.00000e+00	
1993	2.900987e-03	-1.00000e+00	
1994	2.900988e-03	-1.00000e+00	
1995	2.900989e-03	-1.00000e+00	
1996	2.900990e-03	-1.00000e+00	
1997	2.900991e-03	-1.00000e+00	
1998	2.900992e-03	-1.00000e+00	
1999	2.900993e-03	-1.00000e+00	
2000	2.900994e-03	-1.00000e+00	
2001	2.900995e-03	-1.00000e+00	
2002	2.900996e-03	-1.00000e+00	
2003	2.900997e-03	-1.00000e+00	
2004	2.900998e-03	-1.00000e+00	
2005	2.900999e-03	-1.00000e+00	
2006	2.901000e-03	-1.00000e+00	
