                       1n4007 diode recovery time at 1khz
                       Transient Analysis  Sat Aug 27 11:14:44  2022
--------------------------------------------------------------------------------
Index   time            i(v1n4007)      
--------------------------------------------------------------------------------
0	2.999001e-03	3.396529e-03	
1	2.999002e-03	3.396529e-03	
2	2.999003e-03	3.396529e-03	
3	2.999004e-03	3.396529e-03	
4	2.999005e-03	3.396529e-03	
5	2.999006e-03	3.396529e-03	
6	2.999007e-03	3.396529e-03	
7	2.999008e-03	3.396529e-03	
8	2.999009e-03	3.396529e-03	
9	2.999010e-03	3.396529e-03	
10	2.999011e-03	3.396529e-03	
11	2.999012e-03	3.396529e-03	
12	2.999013e-03	3.396529e-03	
13	2.999014e-03	3.396529e-03	
14	2.999015e-03	3.396529e-03	
15	2.999016e-03	3.396529e-03	
16	2.999017e-03	3.396529e-03	
17	2.999018e-03	3.396529e-03	
18	2.999019e-03	3.396529e-03	
19	2.999020e-03	3.396529e-03	
20	2.999021e-03	3.396529e-03	
21	2.999022e-03	3.396529e-03	
22	2.999023e-03	3.396529e-03	
23	2.999024e-03	3.396529e-03	
24	2.999025e-03	3.396529e-03	
25	2.999026e-03	3.396529e-03	
26	2.999027e-03	3.396529e-03	
27	2.999028e-03	3.396529e-03	
28	2.999029e-03	3.396529e-03	
29	2.999030e-03	3.396529e-03	
30	2.999031e-03	3.396529e-03	
31	2.999032e-03	3.396529e-03	
32	2.999033e-03	3.396529e-03	
33	2.999034e-03	3.396529e-03	
34	2.999035e-03	3.396529e-03	
35	2.999036e-03	3.396529e-03	
36	2.999037e-03	3.396529e-03	
37	2.999038e-03	3.396529e-03	
38	2.999039e-03	3.396529e-03	
39	2.999040e-03	3.396529e-03	
40	2.999041e-03	3.396529e-03	
41	2.999042e-03	3.396529e-03	
42	2.999043e-03	3.396529e-03	
43	2.999044e-03	3.396529e-03	
44	2.999045e-03	3.396529e-03	
45	2.999046e-03	3.396529e-03	
46	2.999047e-03	3.396529e-03	
47	2.999048e-03	3.396529e-03	
48	2.999049e-03	3.396529e-03	
49	2.999050e-03	3.396529e-03	
50	2.999051e-03	3.396529e-03	
51	2.999052e-03	3.396529e-03	
52	2.999053e-03	3.396529e-03	
53	2.999054e-03	3.396529e-03	
54	2.999055e-03	3.396529e-03	

Index   time            i(v1n4007)      
--------------------------------------------------------------------------------
55	2.999056e-03	3.396529e-03	
56	2.999057e-03	3.396529e-03	
57	2.999058e-03	3.396529e-03	
58	2.999059e-03	3.396529e-03	
59	2.999060e-03	3.396529e-03	
60	2.999061e-03	3.396529e-03	
61	2.999062e-03	3.396529e-03	
62	2.999063e-03	3.396529e-03	
63	2.999064e-03	3.396529e-03	
64	2.999065e-03	3.396529e-03	
65	2.999066e-03	3.396529e-03	
66	2.999067e-03	3.396529e-03	
67	2.999068e-03	3.396529e-03	
68	2.999069e-03	3.396529e-03	
69	2.999070e-03	3.396529e-03	
70	2.999071e-03	3.396529e-03	
71	2.999072e-03	3.396529e-03	
72	2.999073e-03	3.396529e-03	
73	2.999074e-03	3.396529e-03	
74	2.999075e-03	3.396529e-03	
75	2.999076e-03	3.396529e-03	
76	2.999077e-03	3.396529e-03	
77	2.999078e-03	3.396529e-03	
78	2.999079e-03	3.396529e-03	
79	2.999080e-03	3.396529e-03	
80	2.999081e-03	3.396529e-03	
81	2.999082e-03	3.396529e-03	
82	2.999083e-03	3.396529e-03	
83	2.999084e-03	3.396529e-03	
84	2.999085e-03	3.396529e-03	
85	2.999086e-03	3.396529e-03	
86	2.999087e-03	3.396529e-03	
87	2.999088e-03	3.396529e-03	
88	2.999089e-03	3.396529e-03	
89	2.999090e-03	3.396529e-03	
90	2.999091e-03	3.396529e-03	
91	2.999092e-03	3.396529e-03	
92	2.999093e-03	3.396529e-03	
93	2.999094e-03	3.396529e-03	
94	2.999095e-03	3.396529e-03	
95	2.999096e-03	3.396529e-03	
96	2.999097e-03	3.396529e-03	
97	2.999098e-03	3.396529e-03	
98	2.999099e-03	3.396529e-03	
99	2.999100e-03	3.396529e-03	
100	2.999101e-03	3.396529e-03	
101	2.999102e-03	3.396529e-03	
102	2.999103e-03	3.396529e-03	
103	2.999104e-03	3.396529e-03	
104	2.999105e-03	3.396529e-03	
105	2.999106e-03	3.396529e-03	
106	2.999107e-03	3.396529e-03	
107	2.999108e-03	3.396529e-03	
108	2.999109e-03	3.396529e-03	
109	2.999110e-03	3.396529e-03	
110	2.999111e-03	3.396529e-03	
111	2.999112e-03	3.396529e-03	
112	2.999113e-03	3.396529e-03	

Index   time            i(v1n4007)      
--------------------------------------------------------------------------------
113	2.999114e-03	3.396529e-03	
114	2.999115e-03	3.396529e-03	
115	2.999116e-03	3.396529e-03	
116	2.999117e-03	3.396529e-03	
117	2.999118e-03	3.396529e-03	
118	2.999119e-03	3.396529e-03	
119	2.999120e-03	3.396529e-03	
120	2.999121e-03	3.396529e-03	
121	2.999122e-03	3.396529e-03	
122	2.999123e-03	3.396529e-03	
123	2.999124e-03	3.396529e-03	
124	2.999125e-03	3.396529e-03	
125	2.999126e-03	3.396529e-03	
126	2.999127e-03	3.396529e-03	
127	2.999128e-03	3.396529e-03	
128	2.999129e-03	3.396529e-03	
129	2.999130e-03	3.396529e-03	
130	2.999131e-03	3.396529e-03	
131	2.999132e-03	3.396529e-03	
132	2.999133e-03	3.396529e-03	
133	2.999134e-03	3.396529e-03	
134	2.999135e-03	3.396529e-03	
135	2.999136e-03	3.396529e-03	
136	2.999137e-03	3.396529e-03	
137	2.999138e-03	3.396529e-03	
138	2.999139e-03	3.396529e-03	
139	2.999140e-03	3.396529e-03	
140	2.999141e-03	3.396529e-03	
141	2.999142e-03	3.396529e-03	
142	2.999143e-03	3.396529e-03	
143	2.999144e-03	3.396529e-03	
144	2.999145e-03	3.396529e-03	
145	2.999146e-03	3.396529e-03	
146	2.999147e-03	3.396529e-03	
147	2.999148e-03	3.396529e-03	
148	2.999149e-03	3.396529e-03	
149	2.999150e-03	3.396529e-03	
150	2.999151e-03	3.396529e-03	
151	2.999152e-03	3.396529e-03	
152	2.999153e-03	3.396529e-03	
153	2.999154e-03	3.396529e-03	
154	2.999155e-03	3.396529e-03	
155	2.999156e-03	3.396529e-03	
156	2.999157e-03	3.396529e-03	
157	2.999158e-03	3.396529e-03	
158	2.999159e-03	3.396529e-03	
159	2.999160e-03	3.396529e-03	
160	2.999161e-03	3.396529e-03	
161	2.999162e-03	3.396529e-03	
162	2.999163e-03	3.396529e-03	
163	2.999164e-03	3.396529e-03	
164	2.999165e-03	3.396529e-03	
165	2.999166e-03	3.396529e-03	
166	2.999167e-03	3.396529e-03	
167	2.999168e-03	3.396529e-03	
168	2.999169e-03	3.396529e-03	
169	2.999170e-03	3.396529e-03	
170	2.999171e-03	3.396529e-03	

Index   time            i(v1n4007)      
--------------------------------------------------------------------------------
171	2.999172e-03	3.396529e-03	
172	2.999173e-03	3.396529e-03	
173	2.999174e-03	3.396529e-03	
174	2.999175e-03	3.396529e-03	
175	2.999176e-03	3.396529e-03	
176	2.999177e-03	3.396529e-03	
177	2.999178e-03	3.396529e-03	
178	2.999179e-03	3.396529e-03	
179	2.999180e-03	3.396529e-03	
180	2.999181e-03	3.396529e-03	
181	2.999182e-03	3.396529e-03	
182	2.999183e-03	3.396529e-03	
183	2.999184e-03	3.396529e-03	
184	2.999185e-03	3.396529e-03	
185	2.999186e-03	3.396529e-03	
186	2.999187e-03	3.396529e-03	
187	2.999188e-03	3.396529e-03	
188	2.999189e-03	3.396529e-03	
189	2.999190e-03	3.396529e-03	
190	2.999191e-03	3.396529e-03	
191	2.999192e-03	3.396529e-03	
192	2.999193e-03	3.396529e-03	
193	2.999194e-03	3.396529e-03	
194	2.999195e-03	3.396529e-03	
195	2.999196e-03	3.396529e-03	
196	2.999197e-03	3.396529e-03	
197	2.999198e-03	3.396529e-03	
198	2.999199e-03	3.396529e-03	
199	2.999200e-03	3.396529e-03	
200	2.999201e-03	3.396529e-03	
201	2.999202e-03	3.396529e-03	
202	2.999203e-03	3.396529e-03	
203	2.999204e-03	3.396529e-03	
204	2.999205e-03	3.396529e-03	
205	2.999206e-03	3.396529e-03	
206	2.999207e-03	3.396529e-03	
207	2.999208e-03	3.396529e-03	
208	2.999209e-03	3.396529e-03	
209	2.999210e-03	3.396529e-03	
210	2.999211e-03	3.396529e-03	
211	2.999212e-03	3.396529e-03	
212	2.999213e-03	3.396529e-03	
213	2.999214e-03	3.396529e-03	
214	2.999215e-03	3.396529e-03	
215	2.999216e-03	3.396529e-03	
216	2.999217e-03	3.396529e-03	
217	2.999218e-03	3.396529e-03	
218	2.999219e-03	3.396529e-03	
219	2.999220e-03	3.396529e-03	
220	2.999221e-03	3.396529e-03	
221	2.999222e-03	3.396529e-03	
222	2.999223e-03	3.396529e-03	
223	2.999224e-03	3.396529e-03	
224	2.999225e-03	3.396529e-03	
225	2.999226e-03	3.396529e-03	
226	2.999227e-03	3.396529e-03	
227	2.999228e-03	3.396529e-03	
228	2.999229e-03	3.396529e-03	

Index   time            i(v1n4007)      
--------------------------------------------------------------------------------
229	2.999230e-03	3.396529e-03	
230	2.999231e-03	3.396529e-03	
231	2.999232e-03	3.396529e-03	
232	2.999233e-03	3.396529e-03	
233	2.999234e-03	3.396529e-03	
234	2.999235e-03	3.396529e-03	
235	2.999236e-03	3.396529e-03	
236	2.999237e-03	3.396529e-03	
237	2.999238e-03	3.396529e-03	
238	2.999239e-03	3.396529e-03	
239	2.999240e-03	3.396529e-03	
240	2.999241e-03	3.396529e-03	
241	2.999242e-03	3.396529e-03	
242	2.999243e-03	3.396529e-03	
243	2.999244e-03	3.396529e-03	
244	2.999245e-03	3.396529e-03	
245	2.999246e-03	3.396529e-03	
246	2.999247e-03	3.396529e-03	
247	2.999248e-03	3.396529e-03	
248	2.999249e-03	3.396529e-03	
249	2.999250e-03	3.396529e-03	
250	2.999251e-03	3.396529e-03	
251	2.999252e-03	3.396529e-03	
252	2.999253e-03	3.396529e-03	
253	2.999254e-03	3.396529e-03	
254	2.999255e-03	3.396529e-03	
255	2.999256e-03	3.396529e-03	
256	2.999257e-03	3.396529e-03	
257	2.999258e-03	3.396529e-03	
258	2.999259e-03	3.396529e-03	
259	2.999260e-03	3.396529e-03	
260	2.999261e-03	3.396529e-03	
261	2.999262e-03	3.396529e-03	
262	2.999263e-03	3.396529e-03	
263	2.999264e-03	3.396529e-03	
264	2.999265e-03	3.396529e-03	
265	2.999266e-03	3.396529e-03	
266	2.999267e-03	3.396529e-03	
267	2.999268e-03	3.396529e-03	
268	2.999269e-03	3.396529e-03	
269	2.999270e-03	3.396529e-03	
270	2.999271e-03	3.396529e-03	
271	2.999272e-03	3.396529e-03	
272	2.999273e-03	3.396529e-03	
273	2.999274e-03	3.396529e-03	
274	2.999275e-03	3.396529e-03	
275	2.999276e-03	3.396529e-03	
276	2.999277e-03	3.396529e-03	
277	2.999278e-03	3.396529e-03	
278	2.999279e-03	3.396529e-03	
279	2.999280e-03	3.396529e-03	
280	2.999281e-03	3.396529e-03	
281	2.999282e-03	3.396529e-03	
282	2.999283e-03	3.396529e-03	
283	2.999284e-03	3.396529e-03	
284	2.999285e-03	3.396529e-03	
285	2.999286e-03	3.396529e-03	
286	2.999287e-03	3.396529e-03	

Index   time            i(v1n4007)      
--------------------------------------------------------------------------------
287	2.999288e-03	3.396529e-03	
288	2.999289e-03	3.396529e-03	
289	2.999290e-03	3.396529e-03	
290	2.999291e-03	3.396529e-03	
291	2.999292e-03	3.396529e-03	
292	2.999293e-03	3.396529e-03	
293	2.999294e-03	3.396529e-03	
294	2.999295e-03	3.396529e-03	
295	2.999296e-03	3.396529e-03	
296	2.999297e-03	3.396529e-03	
297	2.999298e-03	3.396529e-03	
298	2.999299e-03	3.396529e-03	
299	2.999300e-03	3.396529e-03	
300	2.999301e-03	3.396529e-03	
301	2.999302e-03	3.396529e-03	
302	2.999303e-03	3.396529e-03	
303	2.999304e-03	3.396529e-03	
304	2.999305e-03	3.396529e-03	
305	2.999306e-03	3.396529e-03	
306	2.999307e-03	3.396529e-03	
307	2.999308e-03	3.396529e-03	
308	2.999309e-03	3.396529e-03	
309	2.999310e-03	3.396529e-03	
310	2.999311e-03	3.396529e-03	
311	2.999312e-03	3.396529e-03	
312	2.999313e-03	3.396529e-03	
313	2.999314e-03	3.396529e-03	
314	2.999315e-03	3.396529e-03	
315	2.999316e-03	3.396529e-03	
316	2.999317e-03	3.396529e-03	
317	2.999318e-03	3.396529e-03	
318	2.999319e-03	3.396529e-03	
319	2.999320e-03	3.396529e-03	
320	2.999321e-03	3.396529e-03	
321	2.999322e-03	3.396529e-03	
322	2.999323e-03	3.396529e-03	
323	2.999324e-03	3.396529e-03	
324	2.999325e-03	3.396529e-03	
325	2.999326e-03	3.396529e-03	
326	2.999327e-03	3.396529e-03	
327	2.999328e-03	3.396529e-03	
328	2.999329e-03	3.396529e-03	
329	2.999330e-03	3.396529e-03	
330	2.999331e-03	3.396529e-03	
331	2.999332e-03	3.396529e-03	
332	2.999333e-03	3.396529e-03	
333	2.999334e-03	3.396529e-03	
334	2.999335e-03	3.396529e-03	
335	2.999336e-03	3.396529e-03	
336	2.999337e-03	3.396529e-03	
337	2.999338e-03	3.396529e-03	
338	2.999339e-03	3.396529e-03	
339	2.999340e-03	3.396529e-03	
340	2.999341e-03	3.396529e-03	
341	2.999342e-03	3.396529e-03	
342	2.999343e-03	3.396529e-03	
343	2.999344e-03	3.396529e-03	
344	2.999345e-03	3.396529e-03	

Index   time            i(v1n4007)      
--------------------------------------------------------------------------------
345	2.999346e-03	3.396529e-03	
346	2.999347e-03	3.396529e-03	
347	2.999348e-03	3.396529e-03	
348	2.999349e-03	3.396529e-03	
349	2.999350e-03	3.396529e-03	
350	2.999351e-03	3.396529e-03	
351	2.999352e-03	3.396529e-03	
352	2.999353e-03	3.396529e-03	
353	2.999354e-03	3.396529e-03	
354	2.999355e-03	3.396529e-03	
355	2.999356e-03	3.396529e-03	
356	2.999357e-03	3.396529e-03	
357	2.999358e-03	3.396529e-03	
358	2.999359e-03	3.396529e-03	
359	2.999360e-03	3.396529e-03	
360	2.999361e-03	3.396529e-03	
361	2.999362e-03	3.396529e-03	
362	2.999363e-03	3.396529e-03	
363	2.999364e-03	3.396529e-03	
364	2.999365e-03	3.396529e-03	
365	2.999366e-03	3.396529e-03	
366	2.999367e-03	3.396529e-03	
367	2.999368e-03	3.396529e-03	
368	2.999369e-03	3.396529e-03	
369	2.999370e-03	3.396529e-03	
370	2.999371e-03	3.396529e-03	
371	2.999372e-03	3.396529e-03	
372	2.999373e-03	3.396529e-03	
373	2.999374e-03	3.396529e-03	
374	2.999375e-03	3.396529e-03	
375	2.999376e-03	3.396529e-03	
376	2.999377e-03	3.396529e-03	
377	2.999378e-03	3.396529e-03	
378	2.999379e-03	3.396529e-03	
379	2.999380e-03	3.396529e-03	
380	2.999381e-03	3.396529e-03	
381	2.999382e-03	3.396529e-03	
382	2.999383e-03	3.396529e-03	
383	2.999384e-03	3.396529e-03	
384	2.999385e-03	3.396529e-03	
385	2.999386e-03	3.396529e-03	
386	2.999387e-03	3.396529e-03	
387	2.999388e-03	3.396529e-03	
388	2.999389e-03	3.396529e-03	
389	2.999390e-03	3.396529e-03	
390	2.999391e-03	3.396529e-03	
391	2.999392e-03	3.396529e-03	
392	2.999393e-03	3.396529e-03	
393	2.999394e-03	3.396529e-03	
394	2.999395e-03	3.396529e-03	
395	2.999396e-03	3.396529e-03	
396	2.999397e-03	3.396529e-03	
397	2.999398e-03	3.396529e-03	
398	2.999399e-03	3.396529e-03	
399	2.999400e-03	3.396529e-03	
400	2.999401e-03	3.396529e-03	
401	2.999402e-03	3.396529e-03	
402	2.999403e-03	3.396529e-03	

Index   time            i(v1n4007)      
--------------------------------------------------------------------------------
403	2.999404e-03	3.396529e-03	
404	2.999405e-03	3.396529e-03	
405	2.999406e-03	3.396529e-03	
406	2.999407e-03	3.396529e-03	
407	2.999408e-03	3.396529e-03	
408	2.999409e-03	3.396529e-03	
409	2.999410e-03	3.396529e-03	
410	2.999411e-03	3.396529e-03	
411	2.999412e-03	3.396529e-03	
412	2.999413e-03	3.396529e-03	
413	2.999414e-03	3.396529e-03	
414	2.999415e-03	3.396529e-03	
415	2.999416e-03	3.396529e-03	
416	2.999417e-03	3.396529e-03	
417	2.999418e-03	3.396529e-03	
418	2.999419e-03	3.396529e-03	
419	2.999420e-03	3.396529e-03	
420	2.999421e-03	3.396529e-03	
421	2.999422e-03	3.396529e-03	
422	2.999423e-03	3.396529e-03	
423	2.999424e-03	3.396529e-03	
424	2.999425e-03	3.396529e-03	
425	2.999426e-03	3.396529e-03	
426	2.999427e-03	3.396529e-03	
427	2.999428e-03	3.396529e-03	
428	2.999429e-03	3.396529e-03	
429	2.999430e-03	3.396529e-03	
430	2.999431e-03	3.396529e-03	
431	2.999432e-03	3.396529e-03	
432	2.999433e-03	3.396529e-03	
433	2.999434e-03	3.396529e-03	
434	2.999435e-03	3.396529e-03	
435	2.999436e-03	3.396529e-03	
436	2.999437e-03	3.396529e-03	
437	2.999438e-03	3.396529e-03	
438	2.999439e-03	3.396529e-03	
439	2.999440e-03	3.396529e-03	
440	2.999441e-03	3.396529e-03	
441	2.999442e-03	3.396529e-03	
442	2.999443e-03	3.396529e-03	
443	2.999444e-03	3.396529e-03	
444	2.999445e-03	3.396529e-03	
445	2.999446e-03	3.396529e-03	
446	2.999447e-03	3.396529e-03	
447	2.999448e-03	3.396529e-03	
448	2.999449e-03	3.396529e-03	
449	2.999450e-03	3.396529e-03	
450	2.999451e-03	3.396529e-03	
451	2.999452e-03	3.396529e-03	
452	2.999453e-03	3.396529e-03	
453	2.999454e-03	3.396529e-03	
454	2.999455e-03	3.396529e-03	
455	2.999456e-03	3.396529e-03	
456	2.999457e-03	3.396529e-03	
457	2.999458e-03	3.396529e-03	
458	2.999459e-03	3.396529e-03	
459	2.999460e-03	3.396529e-03	
460	2.999461e-03	3.396529e-03	

Index   time            i(v1n4007)      
--------------------------------------------------------------------------------
461	2.999462e-03	3.396529e-03	
462	2.999463e-03	3.396529e-03	
463	2.999464e-03	3.396529e-03	
464	2.999465e-03	3.396529e-03	
465	2.999466e-03	3.396529e-03	
466	2.999467e-03	3.396529e-03	
467	2.999468e-03	3.396529e-03	
468	2.999469e-03	3.396529e-03	
469	2.999470e-03	3.396529e-03	
470	2.999471e-03	3.396529e-03	
471	2.999472e-03	3.396529e-03	
472	2.999473e-03	3.396529e-03	
473	2.999474e-03	3.396529e-03	
474	2.999475e-03	3.396529e-03	
475	2.999476e-03	3.396529e-03	
476	2.999477e-03	3.396529e-03	
477	2.999478e-03	3.396529e-03	
478	2.999479e-03	3.396529e-03	
479	2.999480e-03	3.396529e-03	
480	2.999481e-03	3.396529e-03	
481	2.999482e-03	3.396529e-03	
482	2.999483e-03	3.396529e-03	
483	2.999484e-03	3.396529e-03	
484	2.999485e-03	3.396529e-03	
485	2.999486e-03	3.396529e-03	
486	2.999487e-03	3.396529e-03	
487	2.999488e-03	3.396529e-03	
488	2.999489e-03	3.396529e-03	
489	2.999490e-03	3.396529e-03	
490	2.999491e-03	3.396529e-03	
491	2.999492e-03	3.396529e-03	
492	2.999493e-03	3.396529e-03	
493	2.999494e-03	3.396529e-03	
494	2.999495e-03	3.396529e-03	
495	2.999496e-03	3.396529e-03	
496	2.999497e-03	3.396529e-03	
497	2.999498e-03	3.396529e-03	
498	2.999499e-03	3.396529e-03	
499	2.999500e-03	3.396529e-03	
500	2.999501e-03	3.396529e-03	
501	2.999502e-03	3.396529e-03	
502	2.999503e-03	3.396529e-03	
503	2.999504e-03	3.396529e-03	
504	2.999505e-03	3.396529e-03	
505	2.999506e-03	3.396529e-03	
506	2.999507e-03	3.396529e-03	
507	2.999508e-03	3.396529e-03	
508	2.999509e-03	3.396529e-03	
509	2.999510e-03	3.396529e-03	
510	2.999511e-03	3.396529e-03	
511	2.999512e-03	3.396529e-03	
512	2.999513e-03	3.396529e-03	
513	2.999514e-03	3.396529e-03	
514	2.999515e-03	3.396529e-03	
515	2.999516e-03	3.396529e-03	
516	2.999517e-03	3.396529e-03	
517	2.999518e-03	3.396529e-03	
518	2.999519e-03	3.396529e-03	

Index   time            i(v1n4007)      
--------------------------------------------------------------------------------
519	2.999520e-03	3.396529e-03	
520	2.999521e-03	3.396529e-03	
521	2.999522e-03	3.396529e-03	
522	2.999523e-03	3.396529e-03	
523	2.999524e-03	3.396529e-03	
524	2.999525e-03	3.396529e-03	
525	2.999526e-03	3.396529e-03	
526	2.999527e-03	3.396529e-03	
527	2.999528e-03	3.396529e-03	
528	2.999529e-03	3.396529e-03	
529	2.999530e-03	3.396529e-03	
530	2.999531e-03	3.396529e-03	
531	2.999532e-03	3.396529e-03	
532	2.999533e-03	3.396529e-03	
533	2.999534e-03	3.396529e-03	
534	2.999535e-03	3.396529e-03	
535	2.999536e-03	3.396529e-03	
536	2.999537e-03	3.396529e-03	
537	2.999538e-03	3.396529e-03	
538	2.999539e-03	3.396529e-03	
539	2.999540e-03	3.396529e-03	
540	2.999541e-03	3.396529e-03	
541	2.999542e-03	3.396529e-03	
542	2.999543e-03	3.396529e-03	
543	2.999544e-03	3.396529e-03	
544	2.999545e-03	3.396529e-03	
545	2.999546e-03	3.396529e-03	
546	2.999547e-03	3.396529e-03	
547	2.999548e-03	3.396529e-03	
548	2.999549e-03	3.396529e-03	
549	2.999550e-03	3.396529e-03	
550	2.999551e-03	3.396529e-03	
551	2.999552e-03	3.396529e-03	
552	2.999553e-03	3.396529e-03	
553	2.999554e-03	3.396529e-03	
554	2.999555e-03	3.396529e-03	
555	2.999556e-03	3.396529e-03	
556	2.999557e-03	3.396529e-03	
557	2.999558e-03	3.396529e-03	
558	2.999559e-03	3.396529e-03	
559	2.999560e-03	3.396529e-03	
560	2.999561e-03	3.396529e-03	
561	2.999562e-03	3.396529e-03	
562	2.999563e-03	3.396529e-03	
563	2.999564e-03	3.396529e-03	
564	2.999565e-03	3.396529e-03	
565	2.999566e-03	3.396529e-03	
566	2.999567e-03	3.396529e-03	
567	2.999568e-03	3.396529e-03	
568	2.999569e-03	3.396529e-03	
569	2.999570e-03	3.396529e-03	
570	2.999571e-03	3.396529e-03	
571	2.999572e-03	3.396529e-03	
572	2.999573e-03	3.396529e-03	
573	2.999574e-03	3.396529e-03	
574	2.999575e-03	3.396529e-03	
575	2.999576e-03	3.396529e-03	
576	2.999577e-03	3.396529e-03	

Index   time            i(v1n4007)      
--------------------------------------------------------------------------------
577	2.999578e-03	3.396529e-03	
578	2.999579e-03	3.396529e-03	
579	2.999580e-03	3.396529e-03	
580	2.999581e-03	3.396529e-03	
581	2.999582e-03	3.396529e-03	
582	2.999583e-03	3.396529e-03	
583	2.999584e-03	3.396529e-03	
584	2.999585e-03	3.396529e-03	
585	2.999586e-03	3.396529e-03	
586	2.999587e-03	3.396529e-03	
587	2.999588e-03	3.396529e-03	
588	2.999589e-03	3.396529e-03	
589	2.999590e-03	3.396529e-03	
590	2.999591e-03	3.396529e-03	
591	2.999592e-03	3.396529e-03	
592	2.999593e-03	3.396529e-03	
593	2.999594e-03	3.396529e-03	
594	2.999595e-03	3.396529e-03	
595	2.999596e-03	3.396529e-03	
596	2.999597e-03	3.396529e-03	
597	2.999598e-03	3.396529e-03	
598	2.999599e-03	3.396529e-03	
599	2.999600e-03	3.396529e-03	
600	2.999601e-03	3.396529e-03	
601	2.999602e-03	3.396529e-03	
602	2.999603e-03	3.396529e-03	
603	2.999604e-03	3.396529e-03	
604	2.999605e-03	3.396529e-03	
605	2.999606e-03	3.396529e-03	
606	2.999607e-03	3.396529e-03	
607	2.999608e-03	3.396529e-03	
608	2.999609e-03	3.396529e-03	
609	2.999610e-03	3.396529e-03	
610	2.999611e-03	3.396529e-03	
611	2.999612e-03	3.396529e-03	
612	2.999613e-03	3.396529e-03	
613	2.999614e-03	3.396529e-03	
614	2.999615e-03	3.396529e-03	
615	2.999616e-03	3.396529e-03	
616	2.999617e-03	3.396529e-03	
617	2.999618e-03	3.396529e-03	
618	2.999619e-03	3.396529e-03	
619	2.999620e-03	3.396529e-03	
620	2.999621e-03	3.396529e-03	
621	2.999622e-03	3.396529e-03	
622	2.999623e-03	3.396529e-03	
623	2.999624e-03	3.396529e-03	
624	2.999625e-03	3.396529e-03	
625	2.999626e-03	3.396529e-03	
626	2.999627e-03	3.396529e-03	
627	2.999628e-03	3.396529e-03	
628	2.999629e-03	3.396529e-03	
629	2.999630e-03	3.396529e-03	
630	2.999631e-03	3.396529e-03	
631	2.999632e-03	3.396529e-03	
632	2.999633e-03	3.396529e-03	
633	2.999634e-03	3.396529e-03	
634	2.999635e-03	3.396529e-03	

Index   time            i(v1n4007)      
--------------------------------------------------------------------------------
635	2.999636e-03	3.396529e-03	
636	2.999637e-03	3.396529e-03	
637	2.999638e-03	3.396529e-03	
638	2.999639e-03	3.396529e-03	
639	2.999640e-03	3.396529e-03	
640	2.999641e-03	3.396529e-03	
641	2.999642e-03	3.396529e-03	
642	2.999643e-03	3.396529e-03	
643	2.999644e-03	3.396529e-03	
644	2.999645e-03	3.396529e-03	
645	2.999646e-03	3.396529e-03	
646	2.999647e-03	3.396529e-03	
647	2.999648e-03	3.396529e-03	
648	2.999649e-03	3.396529e-03	
649	2.999650e-03	3.396529e-03	
650	2.999651e-03	3.396529e-03	
651	2.999652e-03	3.396529e-03	
652	2.999653e-03	3.396529e-03	
653	2.999654e-03	3.396529e-03	
654	2.999655e-03	3.396529e-03	
655	2.999656e-03	3.396529e-03	
656	2.999657e-03	3.396529e-03	
657	2.999658e-03	3.396529e-03	
658	2.999659e-03	3.396529e-03	
659	2.999660e-03	3.396529e-03	
660	2.999661e-03	3.396529e-03	
661	2.999662e-03	3.396529e-03	
662	2.999663e-03	3.396529e-03	
663	2.999664e-03	3.396529e-03	
664	2.999665e-03	3.396529e-03	
665	2.999666e-03	3.396529e-03	
666	2.999667e-03	3.396529e-03	
667	2.999668e-03	3.396529e-03	
668	2.999669e-03	3.396529e-03	
669	2.999670e-03	3.396529e-03	
670	2.999671e-03	3.396529e-03	
671	2.999672e-03	3.396529e-03	
672	2.999673e-03	3.396529e-03	
673	2.999674e-03	3.396529e-03	
674	2.999675e-03	3.396529e-03	
675	2.999676e-03	3.396529e-03	
676	2.999677e-03	3.396529e-03	
677	2.999678e-03	3.396529e-03	
678	2.999679e-03	3.396529e-03	
679	2.999680e-03	3.396529e-03	
680	2.999681e-03	3.396529e-03	
681	2.999682e-03	3.396529e-03	
682	2.999683e-03	3.396529e-03	
683	2.999684e-03	3.396529e-03	
684	2.999685e-03	3.396529e-03	
685	2.999686e-03	3.396529e-03	
686	2.999687e-03	3.396529e-03	
687	2.999688e-03	3.396529e-03	
688	2.999689e-03	3.396529e-03	
689	2.999690e-03	3.396529e-03	
690	2.999691e-03	3.396529e-03	
691	2.999692e-03	3.396529e-03	
692	2.999693e-03	3.396529e-03	

Index   time            i(v1n4007)      
--------------------------------------------------------------------------------
693	2.999694e-03	3.396529e-03	
694	2.999695e-03	3.396529e-03	
695	2.999696e-03	3.396529e-03	
696	2.999697e-03	3.396529e-03	
697	2.999698e-03	3.396529e-03	
698	2.999699e-03	3.396529e-03	
699	2.999700e-03	3.396529e-03	
700	2.999701e-03	3.396529e-03	
701	2.999702e-03	3.396529e-03	
702	2.999703e-03	3.396529e-03	
703	2.999704e-03	3.396529e-03	
704	2.999705e-03	3.396529e-03	
705	2.999706e-03	3.396529e-03	
706	2.999707e-03	3.396529e-03	
707	2.999708e-03	3.396529e-03	
708	2.999709e-03	3.396529e-03	
709	2.999710e-03	3.396529e-03	
710	2.999711e-03	3.396529e-03	
711	2.999712e-03	3.396529e-03	
712	2.999713e-03	3.396529e-03	
713	2.999714e-03	3.396529e-03	
714	2.999715e-03	3.396529e-03	
715	2.999716e-03	3.396529e-03	
716	2.999717e-03	3.396529e-03	
717	2.999718e-03	3.396529e-03	
718	2.999719e-03	3.396529e-03	
719	2.999720e-03	3.396529e-03	
720	2.999721e-03	3.396529e-03	
721	2.999722e-03	3.396529e-03	
722	2.999723e-03	3.396529e-03	
723	2.999724e-03	3.396529e-03	
724	2.999725e-03	3.396529e-03	
725	2.999726e-03	3.396529e-03	
726	2.999727e-03	3.396529e-03	
727	2.999728e-03	3.396529e-03	
728	2.999729e-03	3.396529e-03	
729	2.999730e-03	3.396529e-03	
730	2.999731e-03	3.396529e-03	
731	2.999732e-03	3.396529e-03	
732	2.999733e-03	3.396529e-03	
733	2.999734e-03	3.396529e-03	
734	2.999735e-03	3.396529e-03	
735	2.999736e-03	3.396529e-03	
736	2.999737e-03	3.396529e-03	
737	2.999738e-03	3.396529e-03	
738	2.999739e-03	3.396529e-03	
739	2.999740e-03	3.396529e-03	
740	2.999741e-03	3.396529e-03	
741	2.999742e-03	3.396529e-03	
742	2.999743e-03	3.396529e-03	
743	2.999744e-03	3.396529e-03	
744	2.999745e-03	3.396529e-03	
745	2.999746e-03	3.396529e-03	
746	2.999747e-03	3.396529e-03	
747	2.999748e-03	3.396529e-03	
748	2.999749e-03	3.396529e-03	
749	2.999750e-03	3.396529e-03	
750	2.999751e-03	3.396529e-03	

Index   time            i(v1n4007)      
--------------------------------------------------------------------------------
751	2.999752e-03	3.396529e-03	
752	2.999753e-03	3.396529e-03	
753	2.999754e-03	3.396529e-03	
754	2.999755e-03	3.396529e-03	
755	2.999756e-03	3.396529e-03	
756	2.999757e-03	3.396529e-03	
757	2.999758e-03	3.396529e-03	
758	2.999759e-03	3.396529e-03	
759	2.999760e-03	3.396529e-03	
760	2.999761e-03	3.396529e-03	
761	2.999762e-03	3.396529e-03	
762	2.999763e-03	3.396529e-03	
763	2.999764e-03	3.396529e-03	
764	2.999765e-03	3.396529e-03	
765	2.999766e-03	3.396529e-03	
766	2.999767e-03	3.396529e-03	
767	2.999768e-03	3.396529e-03	
768	2.999769e-03	3.396529e-03	
769	2.999770e-03	3.396529e-03	
770	2.999771e-03	3.396529e-03	
771	2.999772e-03	3.396529e-03	
772	2.999773e-03	3.396529e-03	
773	2.999774e-03	3.396529e-03	
774	2.999775e-03	3.396529e-03	
775	2.999776e-03	3.396529e-03	
776	2.999777e-03	3.396529e-03	
777	2.999778e-03	3.396529e-03	
778	2.999779e-03	3.396529e-03	
779	2.999780e-03	3.396529e-03	
780	2.999781e-03	3.396529e-03	
781	2.999782e-03	3.396529e-03	
782	2.999783e-03	3.396529e-03	
783	2.999784e-03	3.396529e-03	
784	2.999785e-03	3.396529e-03	
785	2.999786e-03	3.396529e-03	
786	2.999787e-03	3.396529e-03	
787	2.999788e-03	3.396529e-03	
788	2.999789e-03	3.396529e-03	
789	2.999790e-03	3.396529e-03	
790	2.999791e-03	3.396529e-03	
791	2.999792e-03	3.396529e-03	
792	2.999793e-03	3.396529e-03	
793	2.999794e-03	3.396529e-03	
794	2.999795e-03	3.396529e-03	
795	2.999796e-03	3.396529e-03	
796	2.999797e-03	3.396529e-03	
797	2.999798e-03	3.396529e-03	
798	2.999799e-03	3.396529e-03	
799	2.999800e-03	3.396529e-03	
800	2.999801e-03	3.396529e-03	
801	2.999802e-03	3.396529e-03	
802	2.999803e-03	3.396529e-03	
803	2.999804e-03	3.396529e-03	
804	2.999805e-03	3.396529e-03	
805	2.999806e-03	3.396529e-03	
806	2.999807e-03	3.396529e-03	
807	2.999808e-03	3.396529e-03	
808	2.999809e-03	3.396529e-03	

Index   time            i(v1n4007)      
--------------------------------------------------------------------------------
809	2.999810e-03	3.396529e-03	
810	2.999811e-03	3.396529e-03	
811	2.999812e-03	3.396529e-03	
812	2.999813e-03	3.396529e-03	
813	2.999814e-03	3.396529e-03	
814	2.999815e-03	3.396529e-03	
815	2.999816e-03	3.396529e-03	
816	2.999817e-03	3.396529e-03	
817	2.999818e-03	3.396529e-03	
818	2.999819e-03	3.396529e-03	
819	2.999820e-03	3.396529e-03	
820	2.999821e-03	3.396529e-03	
821	2.999822e-03	3.396529e-03	
822	2.999823e-03	3.396529e-03	
823	2.999824e-03	3.396529e-03	
824	2.999825e-03	3.396529e-03	
825	2.999826e-03	3.396529e-03	
826	2.999827e-03	3.396529e-03	
827	2.999828e-03	3.396529e-03	
828	2.999829e-03	3.396529e-03	
829	2.999830e-03	3.396529e-03	
830	2.999831e-03	3.396529e-03	
831	2.999832e-03	3.396529e-03	
832	2.999833e-03	3.396529e-03	
833	2.999834e-03	3.396529e-03	
834	2.999835e-03	3.396529e-03	
835	2.999836e-03	3.396529e-03	
836	2.999837e-03	3.396529e-03	
837	2.999838e-03	3.396529e-03	
838	2.999839e-03	3.396529e-03	
839	2.999840e-03	3.396529e-03	
840	2.999841e-03	3.396529e-03	
841	2.999842e-03	3.396529e-03	
842	2.999843e-03	3.396529e-03	
843	2.999844e-03	3.396529e-03	
844	2.999845e-03	3.396529e-03	
845	2.999846e-03	3.396529e-03	
846	2.999847e-03	3.396529e-03	
847	2.999848e-03	3.396529e-03	
848	2.999849e-03	3.396529e-03	
849	2.999850e-03	3.396529e-03	
850	2.999851e-03	3.396529e-03	
851	2.999852e-03	3.396529e-03	
852	2.999853e-03	3.396529e-03	
853	2.999854e-03	3.396529e-03	
854	2.999855e-03	3.396529e-03	
855	2.999856e-03	3.396529e-03	
856	2.999857e-03	3.396529e-03	
857	2.999858e-03	3.396529e-03	
858	2.999859e-03	3.396529e-03	
859	2.999860e-03	3.396529e-03	
860	2.999861e-03	3.396529e-03	
861	2.999862e-03	3.396529e-03	
862	2.999863e-03	3.396529e-03	
863	2.999864e-03	3.396529e-03	
864	2.999865e-03	3.396529e-03	
865	2.999866e-03	3.396529e-03	
866	2.999867e-03	3.396529e-03	

Index   time            i(v1n4007)      
--------------------------------------------------------------------------------
867	2.999868e-03	3.396529e-03	
868	2.999869e-03	3.396529e-03	
869	2.999870e-03	3.396529e-03	
870	2.999871e-03	3.396529e-03	
871	2.999872e-03	3.396529e-03	
872	2.999873e-03	3.396529e-03	
873	2.999874e-03	3.396529e-03	
874	2.999875e-03	3.396529e-03	
875	2.999876e-03	3.396529e-03	
876	2.999877e-03	3.396529e-03	
877	2.999878e-03	3.396529e-03	
878	2.999879e-03	3.396529e-03	
879	2.999880e-03	3.396529e-03	
880	2.999881e-03	3.396529e-03	
881	2.999882e-03	3.396529e-03	
882	2.999883e-03	3.396529e-03	
883	2.999884e-03	3.396529e-03	
884	2.999885e-03	3.396529e-03	
885	2.999886e-03	3.396529e-03	
886	2.999887e-03	3.396529e-03	
887	2.999888e-03	3.396529e-03	
888	2.999889e-03	3.396529e-03	
889	2.999890e-03	3.396529e-03	
890	2.999891e-03	3.396529e-03	
891	2.999892e-03	3.396529e-03	
892	2.999893e-03	3.396529e-03	
893	2.999894e-03	3.396529e-03	
894	2.999895e-03	3.396529e-03	
895	2.999896e-03	3.396529e-03	
896	2.999897e-03	3.396529e-03	
897	2.999898e-03	3.396529e-03	
898	2.999899e-03	3.396529e-03	
899	2.999900e-03	3.396529e-03	
900	2.999901e-03	3.396529e-03	
901	2.999902e-03	3.396529e-03	
902	2.999903e-03	3.396529e-03	
903	2.999904e-03	3.396529e-03	
904	2.999905e-03	3.396529e-03	
905	2.999906e-03	3.396529e-03	
906	2.999907e-03	3.396529e-03	
907	2.999908e-03	3.396529e-03	
908	2.999909e-03	3.396529e-03	
909	2.999910e-03	3.396529e-03	
910	2.999911e-03	3.396529e-03	
911	2.999912e-03	3.396529e-03	
912	2.999913e-03	3.396529e-03	
913	2.999914e-03	3.396529e-03	
914	2.999915e-03	3.396529e-03	
915	2.999916e-03	3.396529e-03	
916	2.999917e-03	3.396529e-03	
917	2.999918e-03	3.396529e-03	
918	2.999919e-03	3.396529e-03	
919	2.999920e-03	3.396529e-03	
920	2.999921e-03	3.396529e-03	
921	2.999922e-03	3.396529e-03	
922	2.999923e-03	3.396529e-03	
923	2.999924e-03	3.396529e-03	
924	2.999925e-03	3.396529e-03	

Index   time            i(v1n4007)      
--------------------------------------------------------------------------------
925	2.999926e-03	3.396529e-03	
926	2.999927e-03	3.396529e-03	
927	2.999928e-03	3.396529e-03	
928	2.999929e-03	3.396529e-03	
929	2.999930e-03	3.396529e-03	
930	2.999931e-03	3.396529e-03	
931	2.999932e-03	3.396529e-03	
932	2.999933e-03	3.396529e-03	
933	2.999934e-03	3.396529e-03	
934	2.999935e-03	3.396529e-03	
935	2.999936e-03	3.396529e-03	
936	2.999937e-03	3.396529e-03	
937	2.999938e-03	3.396529e-03	
938	2.999939e-03	3.396529e-03	
939	2.999940e-03	3.396529e-03	
940	2.999941e-03	3.396529e-03	
941	2.999942e-03	3.396529e-03	
942	2.999943e-03	3.396529e-03	
943	2.999944e-03	3.396529e-03	
944	2.999945e-03	3.396529e-03	
945	2.999946e-03	3.396529e-03	
946	2.999947e-03	3.396529e-03	
947	2.999948e-03	3.396529e-03	
948	2.999949e-03	3.396529e-03	
949	2.999950e-03	3.396529e-03	
950	2.999951e-03	3.396529e-03	
951	2.999952e-03	3.396529e-03	
952	2.999953e-03	3.396529e-03	
953	2.999954e-03	3.396529e-03	
954	2.999955e-03	3.396529e-03	
955	2.999956e-03	3.396529e-03	
956	2.999957e-03	3.396529e-03	
957	2.999958e-03	3.396529e-03	
958	2.999959e-03	3.396529e-03	
959	2.999960e-03	3.396529e-03	
960	2.999961e-03	3.396529e-03	
961	2.999962e-03	3.396529e-03	
962	2.999963e-03	3.396529e-03	
963	2.999964e-03	3.396529e-03	
964	2.999965e-03	3.396529e-03	
965	2.999966e-03	3.396529e-03	
966	2.999967e-03	3.396529e-03	
967	2.999968e-03	3.396529e-03	
968	2.999969e-03	3.396529e-03	
969	2.999970e-03	3.396529e-03	
970	2.999971e-03	3.396529e-03	
971	2.999972e-03	3.396529e-03	
972	2.999973e-03	3.396529e-03	
973	2.999974e-03	3.396529e-03	
974	2.999975e-03	3.396529e-03	
975	2.999976e-03	3.396529e-03	
976	2.999977e-03	3.396529e-03	
977	2.999978e-03	3.396529e-03	
978	2.999979e-03	3.396529e-03	
979	2.999980e-03	3.396529e-03	
980	2.999981e-03	3.396529e-03	
981	2.999982e-03	3.396529e-03	
982	2.999983e-03	3.396529e-03	

Index   time            i(v1n4007)      
--------------------------------------------------------------------------------
983	2.999984e-03	3.396529e-03	
984	2.999985e-03	3.396529e-03	
985	2.999986e-03	3.396529e-03	
986	2.999987e-03	3.396529e-03	
987	2.999988e-03	3.396529e-03	
988	2.999989e-03	3.396529e-03	
989	2.999990e-03	3.396529e-03	
990	2.999991e-03	3.396529e-03	
991	2.999992e-03	3.396529e-03	
992	2.999993e-03	3.396529e-03	
993	2.999994e-03	3.396529e-03	
994	2.999995e-03	3.396529e-03	
995	2.999996e-03	3.396529e-03	
996	2.999997e-03	3.396529e-03	
997	2.999998e-03	3.396529e-03	
998	2.999999e-03	3.396529e-03	
999	3.000000e-03	3.396529e-03	
1000	3.000001e-03	3.396529e-03	
1001	3.000001e-03	3.396529e-03	
1002	3.000001e-03	2.070322e-03	
1003	3.000001e-03	-5.82086e-04	
1004	3.000001e-03	-5.88688e-03	
1005	3.000002e-03	-1.64963e-02	
1006	3.000002e-03	-1.65948e-02	
1007	3.000002e-03	-1.65948e-02	
1008	3.000002e-03	-1.65948e-02	
1009	3.000002e-03	-1.65948e-02	
1010	3.000002e-03	-1.65947e-02	
1011	3.000002e-03	-1.65947e-02	
1012	3.000003e-03	-1.65945e-02	
1013	3.000003e-03	-1.65942e-02	
1014	3.000004e-03	-1.65937e-02	
1015	3.000005e-03	-1.65932e-02	
1016	3.000006e-03	-1.65926e-02	
1017	3.000007e-03	-1.65921e-02	
1018	3.000008e-03	-1.65916e-02	
1019	3.000009e-03	-1.65911e-02	
1020	3.000010e-03	-1.65906e-02	
1021	3.000011e-03	-1.65901e-02	
1022	3.000012e-03	-1.65895e-02	
1023	3.000013e-03	-1.65890e-02	
1024	3.000014e-03	-1.65885e-02	
1025	3.000015e-03	-1.65880e-02	
1026	3.000016e-03	-1.65875e-02	
1027	3.000017e-03	-1.65870e-02	
1028	3.000018e-03	-1.65864e-02	
1029	3.000019e-03	-1.65859e-02	
1030	3.000020e-03	-1.65854e-02	
1031	3.000021e-03	-1.65849e-02	
1032	3.000022e-03	-1.65844e-02	
1033	3.000023e-03	-1.65838e-02	
1034	3.000024e-03	-1.65833e-02	
1035	3.000025e-03	-1.65828e-02	
1036	3.000026e-03	-1.65823e-02	
1037	3.000027e-03	-1.65817e-02	
1038	3.000028e-03	-1.65812e-02	
1039	3.000029e-03	-1.65807e-02	
1040	3.000030e-03	-1.65802e-02	

Index   time            i(v1n4007)      
--------------------------------------------------------------------------------
1041	3.000031e-03	-1.65796e-02	
1042	3.000032e-03	-1.65791e-02	
1043	3.000033e-03	-1.65786e-02	
1044	3.000034e-03	-1.65780e-02	
1045	3.000035e-03	-1.65775e-02	
1046	3.000036e-03	-1.65770e-02	
1047	3.000037e-03	-1.65764e-02	
1048	3.000038e-03	-1.65759e-02	
1049	3.000039e-03	-1.65754e-02	
1050	3.000040e-03	-1.65748e-02	
1051	3.000041e-03	-1.65743e-02	
1052	3.000042e-03	-1.65738e-02	
1053	3.000043e-03	-1.65732e-02	
1054	3.000044e-03	-1.65727e-02	
1055	3.000045e-03	-1.65722e-02	
1056	3.000046e-03	-1.65716e-02	
1057	3.000047e-03	-1.65711e-02	
1058	3.000048e-03	-1.65706e-02	
1059	3.000049e-03	-1.65700e-02	
1060	3.000050e-03	-1.65695e-02	
1061	3.000051e-03	-1.65689e-02	
1062	3.000052e-03	-1.65684e-02	
1063	3.000053e-03	-1.65679e-02	
1064	3.000054e-03	-1.65673e-02	
1065	3.000055e-03	-1.65668e-02	
1066	3.000056e-03	-1.65662e-02	
1067	3.000057e-03	-1.65657e-02	
1068	3.000058e-03	-1.65651e-02	
1069	3.000059e-03	-1.65646e-02	
1070	3.000060e-03	-1.65640e-02	
1071	3.000061e-03	-1.65635e-02	
1072	3.000062e-03	-1.65630e-02	
1073	3.000063e-03	-1.65624e-02	
1074	3.000064e-03	-1.65619e-02	
1075	3.000065e-03	-1.65613e-02	
1076	3.000066e-03	-1.65608e-02	
1077	3.000067e-03	-1.65602e-02	
1078	3.000068e-03	-1.65597e-02	
1079	3.000069e-03	-1.65591e-02	
1080	3.000070e-03	-1.65585e-02	
1081	3.000071e-03	-1.65580e-02	
1082	3.000072e-03	-1.65574e-02	
1083	3.000073e-03	-1.65569e-02	
1084	3.000074e-03	-1.65563e-02	
1085	3.000075e-03	-1.65558e-02	
1086	3.000076e-03	-1.65552e-02	
1087	3.000077e-03	-1.65547e-02	
1088	3.000078e-03	-1.65541e-02	
1089	3.000079e-03	-1.65535e-02	
1090	3.000080e-03	-1.65530e-02	
1091	3.000081e-03	-1.65524e-02	
1092	3.000082e-03	-1.65519e-02	
1093	3.000083e-03	-1.65513e-02	
1094	3.000084e-03	-1.65507e-02	
1095	3.000085e-03	-1.65502e-02	
1096	3.000086e-03	-1.65496e-02	
1097	3.000087e-03	-1.65490e-02	
1098	3.000088e-03	-1.65485e-02	

Index   time            i(v1n4007)      
--------------------------------------------------------------------------------
1099	3.000089e-03	-1.65479e-02	
1100	3.000090e-03	-1.65473e-02	
1101	3.000091e-03	-1.65468e-02	
1102	3.000092e-03	-1.65462e-02	
1103	3.000093e-03	-1.65456e-02	
1104	3.000094e-03	-1.65451e-02	
1105	3.000095e-03	-1.65445e-02	
1106	3.000096e-03	-1.65439e-02	
1107	3.000097e-03	-1.65434e-02	
1108	3.000098e-03	-1.65428e-02	
1109	3.000099e-03	-1.65422e-02	
1110	3.000100e-03	-1.65416e-02	
1111	3.000101e-03	-1.65411e-02	
1112	3.000102e-03	-1.65405e-02	
1113	3.000103e-03	-1.65399e-02	
1114	3.000104e-03	-1.65393e-02	
1115	3.000105e-03	-1.65388e-02	
1116	3.000106e-03	-1.65382e-02	
1117	3.000107e-03	-1.65376e-02	
1118	3.000108e-03	-1.65370e-02	
1119	3.000109e-03	-1.65364e-02	
1120	3.000110e-03	-1.65359e-02	
1121	3.000111e-03	-1.65353e-02	
1122	3.000112e-03	-1.65347e-02	
1123	3.000113e-03	-1.65341e-02	
1124	3.000114e-03	-1.65335e-02	
1125	3.000115e-03	-1.65329e-02	
1126	3.000116e-03	-1.65324e-02	
1127	3.000117e-03	-1.65318e-02	
1128	3.000118e-03	-1.65312e-02	
1129	3.000119e-03	-1.65306e-02	
1130	3.000120e-03	-1.65300e-02	
1131	3.000121e-03	-1.65294e-02	
1132	3.000122e-03	-1.65288e-02	
1133	3.000123e-03	-1.65282e-02	
1134	3.000124e-03	-1.65277e-02	
1135	3.000125e-03	-1.65271e-02	
1136	3.000126e-03	-1.65265e-02	
1137	3.000127e-03	-1.65259e-02	
1138	3.000128e-03	-1.65253e-02	
1139	3.000129e-03	-1.65247e-02	
1140	3.000130e-03	-1.65241e-02	
1141	3.000131e-03	-1.65235e-02	
1142	3.000132e-03	-1.65229e-02	
1143	3.000133e-03	-1.65223e-02	
1144	3.000134e-03	-1.65217e-02	
1145	3.000135e-03	-1.65211e-02	
1146	3.000136e-03	-1.65205e-02	
1147	3.000137e-03	-1.65199e-02	
1148	3.000138e-03	-1.65193e-02	
1149	3.000139e-03	-1.65187e-02	
1150	3.000140e-03	-1.65181e-02	
1151	3.000141e-03	-1.65175e-02	
1152	3.000142e-03	-1.65169e-02	
1153	3.000143e-03	-1.65163e-02	
1154	3.000144e-03	-1.65156e-02	
1155	3.000145e-03	-1.65150e-02	
1156	3.000146e-03	-1.65144e-02	

Index   time            i(v1n4007)      
--------------------------------------------------------------------------------
1157	3.000147e-03	-1.65138e-02	
1158	3.000148e-03	-1.65132e-02	
1159	3.000149e-03	-1.65126e-02	
1160	3.000150e-03	-1.65120e-02	
1161	3.000151e-03	-1.65114e-02	
1162	3.000152e-03	-1.65108e-02	
1163	3.000153e-03	-1.65101e-02	
1164	3.000154e-03	-1.65095e-02	
1165	3.000155e-03	-1.65089e-02	
1166	3.000156e-03	-1.65083e-02	
1167	3.000157e-03	-1.65077e-02	
1168	3.000158e-03	-1.65071e-02	
1169	3.000159e-03	-1.65064e-02	
1170	3.000160e-03	-1.65058e-02	
1171	3.000161e-03	-1.65052e-02	
1172	3.000162e-03	-1.65046e-02	
1173	3.000163e-03	-1.65039e-02	
1174	3.000164e-03	-1.65033e-02	
1175	3.000165e-03	-1.65027e-02	
1176	3.000166e-03	-1.65021e-02	
1177	3.000167e-03	-1.65014e-02	
1178	3.000168e-03	-1.65008e-02	
1179	3.000169e-03	-1.65002e-02	
1180	3.000170e-03	-1.64995e-02	
1181	3.000171e-03	-1.64989e-02	
1182	3.000172e-03	-1.64983e-02	
1183	3.000173e-03	-1.64977e-02	
1184	3.000174e-03	-1.64970e-02	
1185	3.000175e-03	-1.64964e-02	
1186	3.000176e-03	-1.64957e-02	
1187	3.000177e-03	-1.64951e-02	
1188	3.000178e-03	-1.64945e-02	
1189	3.000179e-03	-1.64938e-02	
1190	3.000180e-03	-1.64932e-02	
1191	3.000181e-03	-1.64926e-02	
1192	3.000182e-03	-1.64919e-02	
1193	3.000183e-03	-1.64913e-02	
1194	3.000184e-03	-1.64906e-02	
1195	3.000185e-03	-1.64900e-02	
1196	3.000186e-03	-1.64893e-02	
1197	3.000187e-03	-1.64887e-02	
1198	3.000188e-03	-1.64880e-02	
1199	3.000189e-03	-1.64874e-02	
1200	3.000190e-03	-1.64868e-02	
1201	3.000191e-03	-1.64861e-02	
1202	3.000192e-03	-1.64855e-02	
1203	3.000193e-03	-1.64848e-02	
1204	3.000194e-03	-1.64841e-02	
1205	3.000195e-03	-1.64835e-02	
1206	3.000196e-03	-1.64828e-02	
1207	3.000197e-03	-1.64822e-02	
1208	3.000198e-03	-1.64815e-02	
1209	3.000199e-03	-1.64809e-02	
1210	3.000200e-03	-1.64802e-02	
1211	3.000201e-03	-1.64796e-02	
1212	3.000202e-03	-1.64789e-02	
1213	3.000203e-03	-1.64782e-02	
1214	3.000204e-03	-1.64776e-02	

Index   time            i(v1n4007)      
--------------------------------------------------------------------------------
1215	3.000205e-03	-1.64769e-02	
1216	3.000206e-03	-1.64762e-02	
1217	3.000207e-03	-1.64756e-02	
1218	3.000208e-03	-1.64749e-02	
1219	3.000209e-03	-1.64742e-02	
1220	3.000210e-03	-1.64736e-02	
1221	3.000211e-03	-1.64729e-02	
1222	3.000212e-03	-1.64722e-02	
1223	3.000213e-03	-1.64716e-02	
1224	3.000214e-03	-1.64709e-02	
1225	3.000215e-03	-1.64702e-02	
1226	3.000216e-03	-1.64695e-02	
1227	3.000217e-03	-1.64689e-02	
1228	3.000218e-03	-1.64682e-02	
1229	3.000219e-03	-1.64675e-02	
1230	3.000220e-03	-1.64668e-02	
1231	3.000221e-03	-1.64662e-02	
1232	3.000222e-03	-1.64655e-02	
1233	3.000223e-03	-1.64648e-02	
1234	3.000224e-03	-1.64641e-02	
1235	3.000225e-03	-1.64634e-02	
1236	3.000226e-03	-1.64627e-02	
1237	3.000227e-03	-1.64621e-02	
1238	3.000228e-03	-1.64614e-02	
1239	3.000229e-03	-1.64607e-02	
1240	3.000230e-03	-1.64600e-02	
1241	3.000231e-03	-1.64593e-02	
1242	3.000232e-03	-1.64586e-02	
1243	3.000233e-03	-1.64579e-02	
1244	3.000234e-03	-1.64572e-02	
1245	3.000235e-03	-1.64565e-02	
1246	3.000236e-03	-1.64558e-02	
1247	3.000237e-03	-1.64551e-02	
1248	3.000238e-03	-1.64544e-02	
1249	3.000239e-03	-1.64537e-02	
1250	3.000240e-03	-1.64530e-02	
1251	3.000241e-03	-1.64523e-02	
1252	3.000242e-03	-1.64516e-02	
1253	3.000243e-03	-1.64509e-02	
1254	3.000244e-03	-1.64502e-02	
1255	3.000245e-03	-1.64495e-02	
1256	3.000246e-03	-1.64488e-02	
1257	3.000247e-03	-1.64481e-02	
1258	3.000248e-03	-1.64474e-02	
1259	3.000249e-03	-1.64467e-02	
1260	3.000250e-03	-1.64460e-02	
1261	3.000251e-03	-1.64453e-02	
1262	3.000252e-03	-1.64446e-02	
1263	3.000253e-03	-1.64438e-02	
1264	3.000254e-03	-1.64431e-02	
1265	3.000255e-03	-1.64424e-02	
1266	3.000256e-03	-1.64417e-02	
1267	3.000257e-03	-1.64410e-02	
1268	3.000258e-03	-1.64402e-02	
1269	3.000259e-03	-1.64395e-02	
1270	3.000260e-03	-1.64388e-02	
1271	3.000261e-03	-1.64381e-02	
1272	3.000262e-03	-1.64374e-02	

Index   time            i(v1n4007)      
--------------------------------------------------------------------------------
1273	3.000263e-03	-1.64366e-02	
1274	3.000264e-03	-1.64359e-02	
1275	3.000265e-03	-1.64352e-02	
1276	3.000266e-03	-1.64344e-02	
1277	3.000267e-03	-1.64337e-02	
1278	3.000268e-03	-1.64330e-02	
1279	3.000269e-03	-1.64322e-02	
1280	3.000270e-03	-1.64315e-02	
1281	3.000271e-03	-1.64308e-02	
1282	3.000272e-03	-1.64300e-02	
1283	3.000273e-03	-1.64293e-02	
1284	3.000274e-03	-1.64285e-02	
1285	3.000275e-03	-1.64278e-02	
1286	3.000276e-03	-1.64271e-02	
1287	3.000277e-03	-1.64263e-02	
1288	3.000278e-03	-1.64256e-02	
1289	3.000279e-03	-1.64248e-02	
1290	3.000280e-03	-1.64241e-02	
1291	3.000281e-03	-1.64233e-02	
1292	3.000282e-03	-1.64226e-02	
1293	3.000283e-03	-1.64218e-02	
1294	3.000284e-03	-1.64211e-02	
1295	3.000285e-03	-1.64203e-02	
1296	3.000286e-03	-1.64196e-02	
1297	3.000287e-03	-1.64188e-02	
1298	3.000288e-03	-1.64180e-02	
1299	3.000289e-03	-1.64173e-02	
1300	3.000290e-03	-1.64165e-02	
1301	3.000291e-03	-1.64158e-02	
1302	3.000292e-03	-1.64150e-02	
1303	3.000293e-03	-1.64142e-02	
1304	3.000294e-03	-1.64135e-02	
1305	3.000295e-03	-1.64127e-02	
1306	3.000296e-03	-1.64119e-02	
1307	3.000297e-03	-1.64112e-02	
1308	3.000298e-03	-1.64104e-02	
1309	3.000299e-03	-1.64096e-02	
1310	3.000300e-03	-1.64088e-02	
1311	3.000301e-03	-1.64081e-02	
1312	3.000302e-03	-1.64073e-02	
1313	3.000303e-03	-1.64065e-02	
1314	3.000304e-03	-1.64057e-02	
1315	3.000305e-03	-1.64049e-02	
1316	3.000306e-03	-1.64042e-02	
1317	3.000307e-03	-1.64034e-02	
1318	3.000308e-03	-1.64026e-02	
1319	3.000309e-03	-1.64018e-02	
1320	3.000310e-03	-1.64010e-02	
1321	3.000311e-03	-1.64002e-02	
1322	3.000312e-03	-1.63994e-02	
1323	3.000313e-03	-1.63986e-02	
1324	3.000314e-03	-1.63978e-02	
1325	3.000315e-03	-1.63970e-02	
1326	3.000316e-03	-1.63962e-02	
1327	3.000317e-03	-1.63954e-02	
1328	3.000318e-03	-1.63946e-02	
1329	3.000319e-03	-1.63938e-02	
1330	3.000320e-03	-1.63930e-02	

Index   time            i(v1n4007)      
--------------------------------------------------------------------------------
1331	3.000321e-03	-1.63922e-02	
1332	3.000322e-03	-1.63914e-02	
1333	3.000323e-03	-1.63906e-02	
1334	3.000324e-03	-1.63898e-02	
1335	3.000325e-03	-1.63890e-02	
1336	3.000326e-03	-1.63882e-02	
1337	3.000327e-03	-1.63874e-02	
1338	3.000328e-03	-1.63866e-02	
1339	3.000329e-03	-1.63857e-02	
1340	3.000330e-03	-1.63849e-02	
1341	3.000331e-03	-1.63841e-02	
1342	3.000332e-03	-1.63833e-02	
1343	3.000333e-03	-1.63824e-02	
1344	3.000334e-03	-1.63816e-02	
1345	3.000335e-03	-1.63808e-02	
1346	3.000336e-03	-1.63800e-02	
1347	3.000337e-03	-1.63791e-02	
1348	3.000338e-03	-1.63783e-02	
1349	3.000339e-03	-1.63775e-02	
1350	3.000340e-03	-1.63766e-02	
1351	3.000341e-03	-1.63758e-02	
1352	3.000342e-03	-1.63750e-02	
1353	3.000343e-03	-1.63741e-02	
1354	3.000344e-03	-1.63733e-02	
1355	3.000345e-03	-1.63724e-02	
1356	3.000346e-03	-1.63716e-02	
1357	3.000347e-03	-1.63707e-02	
1358	3.000348e-03	-1.63699e-02	
1359	3.000349e-03	-1.63690e-02	
1360	3.000350e-03	-1.63682e-02	
1361	3.000351e-03	-1.63673e-02	
1362	3.000352e-03	-1.63665e-02	
1363	3.000353e-03	-1.63656e-02	
1364	3.000354e-03	-1.63648e-02	
1365	3.000355e-03	-1.63639e-02	
1366	3.000356e-03	-1.63630e-02	
1367	3.000357e-03	-1.63622e-02	
1368	3.000358e-03	-1.63613e-02	
1369	3.000359e-03	-1.63605e-02	
1370	3.000360e-03	-1.63596e-02	
1371	3.000361e-03	-1.63587e-02	
1372	3.000362e-03	-1.63578e-02	
1373	3.000363e-03	-1.63570e-02	
1374	3.000364e-03	-1.63561e-02	
1375	3.000365e-03	-1.63552e-02	
1376	3.000366e-03	-1.63543e-02	
1377	3.000367e-03	-1.63534e-02	
1378	3.000368e-03	-1.63526e-02	
1379	3.000369e-03	-1.63517e-02	
1380	3.000370e-03	-1.63508e-02	
1381	3.000371e-03	-1.63499e-02	
1382	3.000372e-03	-1.63490e-02	
1383	3.000373e-03	-1.63481e-02	
1384	3.000374e-03	-1.63472e-02	
1385	3.000375e-03	-1.63463e-02	
1386	3.000376e-03	-1.63454e-02	
1387	3.000377e-03	-1.63445e-02	
1388	3.000378e-03	-1.63436e-02	

Index   time            i(v1n4007)      
--------------------------------------------------------------------------------
1389	3.000379e-03	-1.63427e-02	
1390	3.000380e-03	-1.63418e-02	
1391	3.000381e-03	-1.63409e-02	
1392	3.000382e-03	-1.63400e-02	
1393	3.000383e-03	-1.63391e-02	
1394	3.000384e-03	-1.63382e-02	
1395	3.000385e-03	-1.63373e-02	
1396	3.000386e-03	-1.63363e-02	
1397	3.000387e-03	-1.63354e-02	
1398	3.000388e-03	-1.63345e-02	
1399	3.000389e-03	-1.63336e-02	
1400	3.000390e-03	-1.63326e-02	
1401	3.000391e-03	-1.63317e-02	
1402	3.000392e-03	-1.63308e-02	
1403	3.000393e-03	-1.63299e-02	
1404	3.000394e-03	-1.63289e-02	
1405	3.000395e-03	-1.63280e-02	
1406	3.000396e-03	-1.63270e-02	
1407	3.000397e-03	-1.63261e-02	
1408	3.000398e-03	-1.63252e-02	
1409	3.000399e-03	-1.63242e-02	
1410	3.000400e-03	-1.63233e-02	
1411	3.000401e-03	-1.63223e-02	
1412	3.000402e-03	-1.63214e-02	
1413	3.000403e-03	-1.63204e-02	
1414	3.000404e-03	-1.63195e-02	
1415	3.000405e-03	-1.63185e-02	
1416	3.000406e-03	-1.63176e-02	
1417	3.000407e-03	-1.63166e-02	
1418	3.000408e-03	-1.63156e-02	
1419	3.000409e-03	-1.63147e-02	
1420	3.000410e-03	-1.63137e-02	
1421	3.000411e-03	-1.63127e-02	
1422	3.000412e-03	-1.63117e-02	
1423	3.000413e-03	-1.63108e-02	
1424	3.000414e-03	-1.63098e-02	
1425	3.000415e-03	-1.63088e-02	
1426	3.000416e-03	-1.63078e-02	
1427	3.000417e-03	-1.63068e-02	
1428	3.000418e-03	-1.63059e-02	
1429	3.000419e-03	-1.63049e-02	
1430	3.000420e-03	-1.63039e-02	
1431	3.000421e-03	-1.63029e-02	
1432	3.000422e-03	-1.63019e-02	
1433	3.000423e-03	-1.63009e-02	
1434	3.000424e-03	-1.62999e-02	
1435	3.000425e-03	-1.62989e-02	
1436	3.000426e-03	-1.62979e-02	
1437	3.000427e-03	-1.62969e-02	
1438	3.000428e-03	-1.62959e-02	
1439	3.000429e-03	-1.62949e-02	
1440	3.000430e-03	-1.62938e-02	
1441	3.000431e-03	-1.62928e-02	
1442	3.000432e-03	-1.62918e-02	
1443	3.000433e-03	-1.62908e-02	
1444	3.000434e-03	-1.62898e-02	
1445	3.000435e-03	-1.62887e-02	
1446	3.000436e-03	-1.62877e-02	

Index   time            i(v1n4007)      
--------------------------------------------------------------------------------
1447	3.000437e-03	-1.62867e-02	
1448	3.000438e-03	-1.62856e-02	
1449	3.000439e-03	-1.62846e-02	
1450	3.000440e-03	-1.62836e-02	
1451	3.000441e-03	-1.62825e-02	
1452	3.000442e-03	-1.62815e-02	
1453	3.000443e-03	-1.62804e-02	
1454	3.000444e-03	-1.62794e-02	
1455	3.000445e-03	-1.62783e-02	
1456	3.000446e-03	-1.62773e-02	
1457	3.000447e-03	-1.62762e-02	
1458	3.000448e-03	-1.62751e-02	
1459	3.000449e-03	-1.62741e-02	
1460	3.000450e-03	-1.62730e-02	
1461	3.000451e-03	-1.62719e-02	
1462	3.000452e-03	-1.62709e-02	
1463	3.000453e-03	-1.62698e-02	
1464	3.000454e-03	-1.62687e-02	
1465	3.000455e-03	-1.62676e-02	
1466	3.000456e-03	-1.62665e-02	
1467	3.000457e-03	-1.62655e-02	
1468	3.000458e-03	-1.62644e-02	
1469	3.000459e-03	-1.62633e-02	
1470	3.000460e-03	-1.62622e-02	
1471	3.000461e-03	-1.62611e-02	
1472	3.000462e-03	-1.62600e-02	
1473	3.000463e-03	-1.62589e-02	
1474	3.000464e-03	-1.62578e-02	
1475	3.000465e-03	-1.62567e-02	
1476	3.000466e-03	-1.62556e-02	
1477	3.000467e-03	-1.62544e-02	
1478	3.000468e-03	-1.62533e-02	
1479	3.000469e-03	-1.62522e-02	
1480	3.000470e-03	-1.62511e-02	
1481	3.000471e-03	-1.62499e-02	
1482	3.000472e-03	-1.62488e-02	
1483	3.000473e-03	-1.62477e-02	
1484	3.000474e-03	-1.62465e-02	
1485	3.000475e-03	-1.62454e-02	
1486	3.000476e-03	-1.62443e-02	
1487	3.000477e-03	-1.62431e-02	
1488	3.000478e-03	-1.62420e-02	
1489	3.000479e-03	-1.62408e-02	
1490	3.000480e-03	-1.62397e-02	
1491	3.000481e-03	-1.62385e-02	
1492	3.000482e-03	-1.62373e-02	
1493	3.000483e-03	-1.62362e-02	
1494	3.000484e-03	-1.62350e-02	
1495	3.000485e-03	-1.62338e-02	
1496	3.000486e-03	-1.62327e-02	
1497	3.000487e-03	-1.62315e-02	
1498	3.000488e-03	-1.62303e-02	
1499	3.000489e-03	-1.62291e-02	
1500	3.000490e-03	-1.62279e-02	
1501	3.000491e-03	-1.62267e-02	
1502	3.000492e-03	-1.62255e-02	
1503	3.000493e-03	-1.62243e-02	
1504	3.000494e-03	-1.62231e-02	

Index   time            i(v1n4007)      
--------------------------------------------------------------------------------
1505	3.000495e-03	-1.62219e-02	
1506	3.000496e-03	-1.62207e-02	
1507	3.000497e-03	-1.62195e-02	
1508	3.000498e-03	-1.62183e-02	
1509	3.000499e-03	-1.62171e-02	
1510	3.000500e-03	-1.62158e-02	
1511	3.000501e-03	-1.62146e-02	
1512	3.000502e-03	-1.62134e-02	
1513	3.000503e-03	-1.62121e-02	
1514	3.000504e-03	-1.62109e-02	
1515	3.000505e-03	-1.62097e-02	
1516	3.000506e-03	-1.62084e-02	
1517	3.000507e-03	-1.62072e-02	
1518	3.000508e-03	-1.62059e-02	
1519	3.000509e-03	-1.62047e-02	
1520	3.000510e-03	-1.62034e-02	
1521	3.000511e-03	-1.62021e-02	
1522	3.000512e-03	-1.62009e-02	
1523	3.000513e-03	-1.61996e-02	
1524	3.000514e-03	-1.61983e-02	
1525	3.000515e-03	-1.61970e-02	
1526	3.000516e-03	-1.61957e-02	
1527	3.000517e-03	-1.61945e-02	
1528	3.000518e-03	-1.61932e-02	
1529	3.000519e-03	-1.61919e-02	
1530	3.000520e-03	-1.61906e-02	
1531	3.000521e-03	-1.61893e-02	
1532	3.000522e-03	-1.61880e-02	
1533	3.000523e-03	-1.61866e-02	
1534	3.000524e-03	-1.61853e-02	
1535	3.000525e-03	-1.61840e-02	
1536	3.000526e-03	-1.61827e-02	
1537	3.000527e-03	-1.61813e-02	
1538	3.000528e-03	-1.61800e-02	
1539	3.000529e-03	-1.61787e-02	
1540	3.000530e-03	-1.61773e-02	
1541	3.000531e-03	-1.61760e-02	
1542	3.000532e-03	-1.61746e-02	
1543	3.000533e-03	-1.61733e-02	
1544	3.000534e-03	-1.61719e-02	
1545	3.000535e-03	-1.61705e-02	
1546	3.000536e-03	-1.61692e-02	
1547	3.000537e-03	-1.61678e-02	
1548	3.000538e-03	-1.61664e-02	
1549	3.000539e-03	-1.61650e-02	
1550	3.000540e-03	-1.61636e-02	
1551	3.000541e-03	-1.61622e-02	
1552	3.000542e-03	-1.61608e-02	
1553	3.000543e-03	-1.61594e-02	
1554	3.000544e-03	-1.61580e-02	
1555	3.000545e-03	-1.61566e-02	
1556	3.000546e-03	-1.61552e-02	
1557	3.000547e-03	-1.61538e-02	
1558	3.000548e-03	-1.61523e-02	
1559	3.000549e-03	-1.61509e-02	
1560	3.000550e-03	-1.61495e-02	
1561	3.000551e-03	-1.61480e-02	
1562	3.000552e-03	-1.61466e-02	

Index   time            i(v1n4007)      
--------------------------------------------------------------------------------
1563	3.000553e-03	-1.61451e-02	
1564	3.000554e-03	-1.61437e-02	
1565	3.000555e-03	-1.61422e-02	
1566	3.000556e-03	-1.61407e-02	
1567	3.000557e-03	-1.61393e-02	
1568	3.000558e-03	-1.61378e-02	
1569	3.000559e-03	-1.61363e-02	
1570	3.000560e-03	-1.61348e-02	
1571	3.000561e-03	-1.61333e-02	
1572	3.000562e-03	-1.61318e-02	
1573	3.000563e-03	-1.61303e-02	
1574	3.000564e-03	-1.61288e-02	
1575	3.000565e-03	-1.61273e-02	
1576	3.000566e-03	-1.61257e-02	
1577	3.000567e-03	-1.61242e-02	
1578	3.000568e-03	-1.61227e-02	
1579	3.000569e-03	-1.61211e-02	
1580	3.000570e-03	-1.61196e-02	
1581	3.000571e-03	-1.61180e-02	
1582	3.000572e-03	-1.61165e-02	
1583	3.000573e-03	-1.61149e-02	
1584	3.000574e-03	-1.61133e-02	
1585	3.000575e-03	-1.61118e-02	
1586	3.000576e-03	-1.61102e-02	
1587	3.000577e-03	-1.61086e-02	
1588	3.000578e-03	-1.61070e-02	
1589	3.000579e-03	-1.61054e-02	
1590	3.000580e-03	-1.61038e-02	
1591	3.000581e-03	-1.61022e-02	
1592	3.000582e-03	-1.61006e-02	
1593	3.000583e-03	-1.60989e-02	
1594	3.000584e-03	-1.60973e-02	
1595	3.000585e-03	-1.60956e-02	
1596	3.000586e-03	-1.60940e-02	
1597	3.000587e-03	-1.60923e-02	
1598	3.000588e-03	-1.60907e-02	
1599	3.000589e-03	-1.60890e-02	
1600	3.000590e-03	-1.60873e-02	
1601	3.000591e-03	-1.60857e-02	
1602	3.000592e-03	-1.60840e-02	
1603	3.000593e-03	-1.60823e-02	
1604	3.000594e-03	-1.60806e-02	
1605	3.000595e-03	-1.60789e-02	
1606	3.000596e-03	-1.60771e-02	
1607	3.000597e-03	-1.60754e-02	
1608	3.000598e-03	-1.60737e-02	
1609	3.000599e-03	-1.60719e-02	
1610	3.000600e-03	-1.60702e-02	
1611	3.000601e-03	-1.60684e-02	
1612	3.000602e-03	-1.60667e-02	
1613	3.000603e-03	-1.60649e-02	
1614	3.000604e-03	-1.60631e-02	
1615	3.000605e-03	-1.60613e-02	
1616	3.000606e-03	-1.60595e-02	
1617	3.000607e-03	-1.60577e-02	
1618	3.000608e-03	-1.60559e-02	
1619	3.000609e-03	-1.60541e-02	
1620	3.000610e-03	-1.60523e-02	

Index   time            i(v1n4007)      
--------------------------------------------------------------------------------
1621	3.000611e-03	-1.60505e-02	
1622	3.000612e-03	-1.60486e-02	
1623	3.000613e-03	-1.60468e-02	
1624	3.000614e-03	-1.60449e-02	
1625	3.000615e-03	-1.60430e-02	
1626	3.000616e-03	-1.60412e-02	
1627	3.000617e-03	-1.60393e-02	
1628	3.000618e-03	-1.60374e-02	
1629	3.000619e-03	-1.60355e-02	
1630	3.000620e-03	-1.60336e-02	
1631	3.000621e-03	-1.60316e-02	
1632	3.000622e-03	-1.60297e-02	
1633	3.000623e-03	-1.60278e-02	
1634	3.000624e-03	-1.60258e-02	
1635	3.000625e-03	-1.60238e-02	
1636	3.000626e-03	-1.60219e-02	
1637	3.000627e-03	-1.60199e-02	
1638	3.000628e-03	-1.60179e-02	
1639	3.000629e-03	-1.60159e-02	
1640	3.000630e-03	-1.60139e-02	
1641	3.000631e-03	-1.60119e-02	
1642	3.000632e-03	-1.60099e-02	
1643	3.000633e-03	-1.60078e-02	
1644	3.000634e-03	-1.60058e-02	
1645	3.000635e-03	-1.60037e-02	
1646	3.000636e-03	-1.60016e-02	
1647	3.000637e-03	-1.59995e-02	
1648	3.000638e-03	-1.59975e-02	
1649	3.000639e-03	-1.59954e-02	
1650	3.000640e-03	-1.59932e-02	
1651	3.000641e-03	-1.59911e-02	
1652	3.000642e-03	-1.59890e-02	
1653	3.000643e-03	-1.59868e-02	
1654	3.000644e-03	-1.59847e-02	
1655	3.000645e-03	-1.59825e-02	
1656	3.000646e-03	-1.59803e-02	
1657	3.000647e-03	-1.59781e-02	
1658	3.000648e-03	-1.59759e-02	
1659	3.000649e-03	-1.59737e-02	
1660	3.000650e-03	-1.59714e-02	
1661	3.000651e-03	-1.59692e-02	
1662	3.000652e-03	-1.59669e-02	
1663	3.000653e-03	-1.59647e-02	
1664	3.000654e-03	-1.59624e-02	
1665	3.000655e-03	-1.59601e-02	
1666	3.000656e-03	-1.59578e-02	
1667	3.000657e-03	-1.59555e-02	
1668	3.000658e-03	-1.59531e-02	
1669	3.000659e-03	-1.59508e-02	
1670	3.000660e-03	-1.59484e-02	
1671	3.000661e-03	-1.59460e-02	
1672	3.000662e-03	-1.59436e-02	
1673	3.000663e-03	-1.59412e-02	
1674	3.000664e-03	-1.59388e-02	
1675	3.000665e-03	-1.59364e-02	
1676	3.000666e-03	-1.59339e-02	
1677	3.000667e-03	-1.59314e-02	
1678	3.000668e-03	-1.59290e-02	

Index   time            i(v1n4007)      
--------------------------------------------------------------------------------
1679	3.000669e-03	-1.59265e-02	
1680	3.000670e-03	-1.59239e-02	
1681	3.000671e-03	-1.59214e-02	
1682	3.000672e-03	-1.59189e-02	
1683	3.000673e-03	-1.59163e-02	
1684	3.000674e-03	-1.59137e-02	
1685	3.000675e-03	-1.59111e-02	
1686	3.000676e-03	-1.59085e-02	
1687	3.000677e-03	-1.59059e-02	
1688	3.000678e-03	-1.59032e-02	
1689	3.000679e-03	-1.59006e-02	
1690	3.000680e-03	-1.58979e-02	
1691	3.000681e-03	-1.58952e-02	
1692	3.000682e-03	-1.58925e-02	
1693	3.000683e-03	-1.58897e-02	
1694	3.000684e-03	-1.58870e-02	
1695	3.000685e-03	-1.58842e-02	
1696	3.000686e-03	-1.58814e-02	
1697	3.000687e-03	-1.58786e-02	
1698	3.000688e-03	-1.58757e-02	
1699	3.000689e-03	-1.58729e-02	
1700	3.000690e-03	-1.58700e-02	
1701	3.000691e-03	-1.58671e-02	
1702	3.000692e-03	-1.58642e-02	
1703	3.000693e-03	-1.58612e-02	
1704	3.000694e-03	-1.58582e-02	
1705	3.000695e-03	-1.58553e-02	
1706	3.000696e-03	-1.58522e-02	
1707	3.000697e-03	-1.58492e-02	
1708	3.000698e-03	-1.58462e-02	
1709	3.000699e-03	-1.58431e-02	
1710	3.000700e-03	-1.58400e-02	
1711	3.000701e-03	-1.58368e-02	
1712	3.000702e-03	-1.58337e-02	
1713	3.000703e-03	-1.58305e-02	
1714	3.000704e-03	-1.58273e-02	
1715	3.000705e-03	-1.58241e-02	
1716	3.000706e-03	-1.58208e-02	
1717	3.000707e-03	-1.58175e-02	
1718	3.000708e-03	-1.58142e-02	
1719	3.000709e-03	-1.58109e-02	
1720	3.000710e-03	-1.58075e-02	
1721	3.000711e-03	-1.58041e-02	
1722	3.000712e-03	-1.58007e-02	
1723	3.000713e-03	-1.57972e-02	
1724	3.000714e-03	-1.57937e-02	
1725	3.000715e-03	-1.57902e-02	
1726	3.000716e-03	-1.57866e-02	
1727	3.000717e-03	-1.57831e-02	
1728	3.000718e-03	-1.57794e-02	
1729	3.000719e-03	-1.57758e-02	
1730	3.000720e-03	-1.57721e-02	
1731	3.000721e-03	-1.57684e-02	
1732	3.000722e-03	-1.57646e-02	
1733	3.000723e-03	-1.57608e-02	
1734	3.000724e-03	-1.57570e-02	
1735	3.000725e-03	-1.57531e-02	
1736	3.000726e-03	-1.57492e-02	

Index   time            i(v1n4007)      
--------------------------------------------------------------------------------
1737	3.000727e-03	-1.57453e-02	
1738	3.000728e-03	-1.57413e-02	
1739	3.000729e-03	-1.57373e-02	
1740	3.000730e-03	-1.57332e-02	
1741	3.000731e-03	-1.57291e-02	
1742	3.000732e-03	-1.57249e-02	
1743	3.000733e-03	-1.57207e-02	
1744	3.000734e-03	-1.57165e-02	
1745	3.000735e-03	-1.57122e-02	
1746	3.000736e-03	-1.57079e-02	
1747	3.000737e-03	-1.57035e-02	
1748	3.000738e-03	-1.56990e-02	
1749	3.000739e-03	-1.56946e-02	
1750	3.000740e-03	-1.56900e-02	
1751	3.000741e-03	-1.56854e-02	
1752	3.000742e-03	-1.56808e-02	
1753	3.000743e-03	-1.56761e-02	
1754	3.000744e-03	-1.56713e-02	
1755	3.000745e-03	-1.56665e-02	
1756	3.000746e-03	-1.56616e-02	
1757	3.000747e-03	-1.56567e-02	
1758	3.000748e-03	-1.56517e-02	
1759	3.000749e-03	-1.56466e-02	
1760	3.000750e-03	-1.56415e-02	
1761	3.000751e-03	-1.56363e-02	
1762	3.000752e-03	-1.56310e-02	
1763	3.000753e-03	-1.56257e-02	
1764	3.000754e-03	-1.56203e-02	
1765	3.000755e-03	-1.56148e-02	
1766	3.000756e-03	-1.56092e-02	
1767	3.000757e-03	-1.56035e-02	
1768	3.000758e-03	-1.55978e-02	
1769	3.000759e-03	-1.55920e-02	
1770	3.000760e-03	-1.55861e-02	
1771	3.000761e-03	-1.55801e-02	
1772	3.000762e-03	-1.55740e-02	
1773	3.000763e-03	-1.55678e-02	
1774	3.000764e-03	-1.55615e-02	
1775	3.000765e-03	-1.55551e-02	
1776	3.000766e-03	-1.55486e-02	
1777	3.000767e-03	-1.55420e-02	
1778	3.000768e-03	-1.55353e-02	
1779	3.000769e-03	-1.55284e-02	
1780	3.000770e-03	-1.55215e-02	
1781	3.000771e-03	-1.55144e-02	
1782	3.000772e-03	-1.55072e-02	
1783	3.000773e-03	-1.54998e-02	
1784	3.000774e-03	-1.54923e-02	
1785	3.000775e-03	-1.54846e-02	
1786	3.000776e-03	-1.54768e-02	
1787	3.000777e-03	-1.54689e-02	
1788	3.000778e-03	-1.54608e-02	
1789	3.000779e-03	-1.54525e-02	
1790	3.000780e-03	-1.54440e-02	
1791	3.000781e-03	-1.54353e-02	
1792	3.000782e-03	-1.54264e-02	
1793	3.000783e-03	-1.54174e-02	
1794	3.000784e-03	-1.54081e-02	

Index   time            i(v1n4007)      
--------------------------------------------------------------------------------
1795	3.000785e-03	-1.53985e-02	
1796	3.000786e-03	-1.53888e-02	
1797	3.000787e-03	-1.53788e-02	
1798	3.000788e-03	-1.53685e-02	
1799	3.000789e-03	-1.53579e-02	
1800	3.000790e-03	-1.53471e-02	
1801	3.000791e-03	-1.53359e-02	
1802	3.000792e-03	-1.53244e-02	
1803	3.000793e-03	-1.53126e-02	
1804	3.000794e-03	-1.53004e-02	
1805	3.000795e-03	-1.52878e-02	
1806	3.000796e-03	-1.52747e-02	
1807	3.000797e-03	-1.52612e-02	
1808	3.000798e-03	-1.52473e-02	
1809	3.000799e-03	-1.52328e-02	
1810	3.000800e-03	-1.52177e-02	
1811	3.000801e-03	-1.52020e-02	
1812	3.000802e-03	-1.51857e-02	
1813	3.000803e-03	-1.51687e-02	
1814	3.000804e-03	-1.51508e-02	
1815	3.000805e-03	-1.51321e-02	
1816	3.000806e-03	-1.51125e-02	
1817	3.000807e-03	-1.50918e-02	
1818	3.000808e-03	-1.50700e-02	
1819	3.000809e-03	-1.50468e-02	
1820	3.000810e-03	-1.50222e-02	
1821	3.000811e-03	-1.49959e-02	
1822	3.000812e-03	-1.49677e-02	
1823	3.000813e-03	-1.49373e-02	
1824	3.000814e-03	-1.49043e-02	
1825	3.000815e-03	-1.48682e-02	
1826	3.000816e-03	-1.48285e-02	
1827	3.000817e-03	-1.47843e-02	
1828	3.000818e-03	-1.47344e-02	
1829	3.000819e-03	-1.46772e-02	
1830	3.000820e-03	-1.46102e-02	
1831	3.000821e-03	-1.45295e-02	
1832	3.000822e-03	-1.44283e-02	
1833	3.000823e-03	-1.42931e-02	
1834	3.000824e-03	-1.40863e-02	
1835	3.000825e-03	-1.36533e-02	
1836	3.000826e-03	-1.13524e-02	
1837	3.000827e-03	-7.71495e-03	
1838	3.000828e-03	-5.04902e-03	
1839	3.000829e-03	-3.22907e-03	
1840	3.000830e-03	-2.03586e-03	
1841	3.000831e-03	-1.27226e-03	
1842	3.000832e-03	-7.91292e-04	
1843	3.000833e-03	-4.90930e-04	
1844	3.000834e-03	-3.03777e-04	
1845	3.000835e-03	-1.87659e-04	
1846	3.000836e-03	-1.15807e-04	
1847	3.000837e-03	-7.14203e-05	
1848	3.000838e-03	-4.40286e-05	
1849	3.000839e-03	-2.71358e-05	
1850	3.000840e-03	-1.67218e-05	
1851	3.000841e-03	-1.03035e-05	
1852	3.000842e-03	-6.34834e-06	

Index   time            i(v1n4007)      
--------------------------------------------------------------------------------
1853	3.000843e-03	-3.91131e-06	
1854	3.000844e-03	-2.40977e-06	
1855	3.000845e-03	-1.48466e-06	
1856	3.000846e-03	-9.14707e-07	
1857	3.000847e-03	-5.63563e-07	
1858	3.000848e-03	-3.47229e-07	
1859	3.000849e-03	-2.13949e-07	
1860	3.000850e-03	-1.31839e-07	
1861	3.000851e-03	-8.12528e-08	
1862	3.000852e-03	-5.00878e-08	
1863	3.000853e-03	-3.08877e-08	
1864	3.000854e-03	-1.90591e-08	
1865	3.000855e-03	-1.17717e-08	
1866	3.000856e-03	-7.28218e-09	
1867	3.000857e-03	-4.51627e-09	
1868	3.000858e-03	-2.81227e-09	
1869	3.000859e-03	-1.76248e-09	
1870	3.000860e-03	-1.11572e-09	
1871	3.000861e-03	-7.17276e-10	
1872	3.000862e-03	-4.71802e-10	
1873	3.000863e-03	-3.20572e-10	
1874	3.000864e-03	-2.27403e-10	
1875	3.000865e-03	-1.70004e-10	
1876	3.000866e-03	-1.34642e-10	
1877	3.000867e-03	-1.12855e-10	
1878	3.000868e-03	-9.94336e-11	
1879	3.000869e-03	-9.11649e-11	
1880	3.000870e-03	-8.60711e-11	
1881	3.000871e-03	-8.29334e-11	
1882	3.000872e-03	-8.10000e-11	
1883	3.000873e-03	-7.98080e-11	
1884	3.000874e-03	-7.90735e-11	
1885	3.000875e-03	-7.86217e-11	
1886	3.000876e-03	-7.83432e-11	
1887	3.000877e-03	-7.81715e-11	
1888	3.000878e-03	-7.80661e-11	
1889	3.000879e-03	-7.80007e-11	
1890	3.000880e-03	-7.79609e-11	
1891	3.000881e-03	-7.79369e-11	
1892	3.000882e-03	-7.79218e-11	
1893	3.000883e-03	-7.79116e-11	
1894	3.000884e-03	-7.79049e-11	
1895	3.000885e-03	-7.79012e-11	
1896	3.000886e-03	-7.78994e-11	
1897	3.000887e-03	-7.78984e-11	
1898	3.000888e-03	-7.78978e-11	
1899	3.000889e-03	-7.78968e-11	
1900	3.000890e-03	-7.78957e-11	
1901	3.000891e-03	-7.78954e-11	
1902	3.000892e-03	-7.78953e-11	
1903	3.000893e-03	-7.78951e-11	
1904	3.000894e-03	-7.78951e-11	
1905	3.000895e-03	-7.78950e-11	
1906	3.000896e-03	-7.78950e-11	
1907	3.000897e-03	-7.78950e-11	
1908	3.000898e-03	-7.78950e-11	
1909	3.000899e-03	-7.78950e-11	
1910	3.000900e-03	-7.78950e-11	

Index   time            i(v1n4007)      
--------------------------------------------------------------------------------
1911	3.000901e-03	-7.78950e-11	
1912	3.000902e-03	-7.78950e-11	
1913	3.000903e-03	-7.78950e-11	
1914	3.000904e-03	-7.78950e-11	
1915	3.000905e-03	-7.78950e-11	
1916	3.000906e-03	-7.78950e-11	
1917	3.000907e-03	-7.78950e-11	
1918	3.000908e-03	-7.78950e-11	
1919	3.000909e-03	-7.78950e-11	
1920	3.000910e-03	-7.78950e-11	
1921	3.000911e-03	-7.78950e-11	
1922	3.000912e-03	-7.78950e-11	
1923	3.000913e-03	-7.78950e-11	
1924	3.000914e-03	-7.78950e-11	
1925	3.000915e-03	-7.78950e-11	
1926	3.000916e-03	-7.78950e-11	
1927	3.000917e-03	-7.78950e-11	
1928	3.000918e-03	-7.78950e-11	
1929	3.000919e-03	-7.78950e-11	
1930	3.000920e-03	-7.78950e-11	
1931	3.000921e-03	-7.78950e-11	
1932	3.000922e-03	-7.78950e-11	
1933	3.000923e-03	-7.78950e-11	
1934	3.000924e-03	-7.78950e-11	
1935	3.000925e-03	-7.78950e-11	
1936	3.000926e-03	-7.78950e-11	
1937	3.000927e-03	-7.78950e-11	
1938	3.000928e-03	-7.78950e-11	
1939	3.000929e-03	-7.78950e-11	
1940	3.000930e-03	-7.78950e-11	
1941	3.000931e-03	-7.78950e-11	
1942	3.000932e-03	-7.78950e-11	
1943	3.000933e-03	-7.78950e-11	
1944	3.000934e-03	-7.78950e-11	
1945	3.000935e-03	-7.78950e-11	
1946	3.000936e-03	-7.78950e-11	
1947	3.000937e-03	-7.78950e-11	
1948	3.000938e-03	-7.78950e-11	
1949	3.000939e-03	-7.78950e-11	
1950	3.000940e-03	-7.78950e-11	
1951	3.000941e-03	-7.78950e-11	
1952	3.000942e-03	-7.78950e-11	
1953	3.000943e-03	-7.78950e-11	
1954	3.000944e-03	-7.78950e-11	
1955	3.000945e-03	-7.78950e-11	
1956	3.000946e-03	-7.78950e-11	
1957	3.000947e-03	-7.78950e-11	
1958	3.000948e-03	-7.78950e-11	
1959	3.000949e-03	-7.78950e-11	
1960	3.000950e-03	-7.78950e-11	
1961	3.000951e-03	-7.78950e-11	
1962	3.000952e-03	-7.78950e-11	
1963	3.000953e-03	-7.78950e-11	
1964	3.000954e-03	-7.78950e-11	
1965	3.000955e-03	-7.78950e-11	
1966	3.000956e-03	-7.78950e-11	
1967	3.000957e-03	-7.78950e-11	
1968	3.000958e-03	-7.78950e-11	

Index   time            i(v1n4007)      
--------------------------------------------------------------------------------
1969	3.000959e-03	-7.78950e-11	
1970	3.000960e-03	-7.78950e-11	
1971	3.000961e-03	-7.78950e-11	
1972	3.000962e-03	-7.78950e-11	
1973	3.000963e-03	-7.78950e-11	
1974	3.000964e-03	-7.78950e-11	
1975	3.000965e-03	-7.78950e-11	
1976	3.000966e-03	-7.78950e-11	
1977	3.000967e-03	-7.78950e-11	
1978	3.000968e-03	-7.78950e-11	
1979	3.000969e-03	-7.78950e-11	
1980	3.000970e-03	-7.78950e-11	
1981	3.000971e-03	-7.78950e-11	
1982	3.000972e-03	-7.78950e-11	
1983	3.000973e-03	-7.78950e-11	
1984	3.000974e-03	-7.78950e-11	
1985	3.000975e-03	-7.78950e-11	
1986	3.000976e-03	-7.78950e-11	
1987	3.000977e-03	-7.78950e-11	
1988	3.000978e-03	-7.78950e-11	
1989	3.000979e-03	-7.78950e-11	
1990	3.000980e-03	-7.78950e-11	
1991	3.000981e-03	-7.78950e-11	
1992	3.000982e-03	-7.78950e-11	
1993	3.000983e-03	-7.78950e-11	
1994	3.000984e-03	-7.78950e-11	
1995	3.000985e-03	-7.78950e-11	
1996	3.000986e-03	-7.78950e-11	
1997	3.000987e-03	-7.78950e-11	
1998	3.000988e-03	-7.78950e-11	
1999	3.000989e-03	-7.78950e-11	
2000	3.000990e-03	-7.78950e-11	
2001	3.000991e-03	-7.78950e-11	
2002	3.000992e-03	-7.78950e-11	
2003	3.000993e-03	-7.78950e-11	
2004	3.000994e-03	-7.78950e-11	
2005	3.000995e-03	-7.78950e-11	
2006	3.000996e-03	-7.78950e-11	
2007	3.000997e-03	-7.78950e-11	
2008	3.000998e-03	-7.78950e-11	
2009	3.000999e-03	-7.78950e-11	
2010	3.001000e-03	-7.78957e-11	
