                      1n4007 diode recovery time at 100khz
                      Transient Analysis  Sun Aug 21 12:02:36  2022
--------------------------------------------------------------------------------
Index   time            v(4)            
--------------------------------------------------------------------------------
0	4.989000e-03	6.567715e-01	
1	4.989001e-03	6.567725e-01	
2	4.989002e-03	6.567734e-01	
3	4.989003e-03	6.567744e-01	
4	4.989004e-03	6.567754e-01	
5	4.989005e-03	6.567764e-01	
6	4.989006e-03	6.567773e-01	
7	4.989007e-03	6.567783e-01	
8	4.989008e-03	6.567793e-01	
9	4.989009e-03	6.567802e-01	
10	4.989010e-03	6.567812e-01	
11	4.989011e-03	6.567822e-01	
12	4.989012e-03	6.567831e-01	
13	4.989013e-03	6.567841e-01	
14	4.989014e-03	6.567850e-01	
15	4.989015e-03	6.567860e-01	
16	4.989016e-03	6.567870e-01	
17	4.989017e-03	6.567879e-01	
18	4.989018e-03	6.567889e-01	
19	4.989019e-03	6.567899e-01	
20	4.989020e-03	6.567908e-01	
21	4.989021e-03	6.567918e-01	
22	4.989022e-03	6.567928e-01	
23	4.989023e-03	6.567937e-01	
24	4.989024e-03	6.567947e-01	
25	4.989025e-03	6.567956e-01	
26	4.989026e-03	6.567966e-01	
27	4.989027e-03	6.567976e-01	
28	4.989028e-03	6.567985e-01	
29	4.989029e-03	6.567995e-01	
30	4.989030e-03	6.568005e-01	
31	4.989031e-03	6.568014e-01	
32	4.989032e-03	6.568024e-01	
33	4.989033e-03	6.568033e-01	
34	4.989034e-03	6.568043e-01	
35	4.989035e-03	6.568053e-01	
36	4.989036e-03	6.568062e-01	
37	4.989037e-03	6.568072e-01	
38	4.989038e-03	6.568081e-01	
39	4.989039e-03	6.568091e-01	
40	4.989040e-03	6.568100e-01	
41	4.989041e-03	6.568110e-01	
42	4.989042e-03	6.568120e-01	
43	4.989043e-03	6.568129e-01	
44	4.989044e-03	6.568139e-01	
45	4.989045e-03	6.568148e-01	
46	4.989046e-03	6.568158e-01	
47	4.989047e-03	6.568167e-01	
48	4.989048e-03	6.568177e-01	
49	4.989049e-03	6.568187e-01	
50	4.989050e-03	6.568196e-01	
51	4.989051e-03	6.568206e-01	
52	4.989052e-03	6.568215e-01	
53	4.989053e-03	6.568225e-01	
54	4.989054e-03	6.568234e-01	

Index   time            v(4)            
--------------------------------------------------------------------------------
55	4.989055e-03	6.568244e-01	
56	4.989056e-03	6.568253e-01	
57	4.989057e-03	6.568263e-01	
58	4.989058e-03	6.568272e-01	
59	4.989059e-03	6.568282e-01	
60	4.989060e-03	6.568291e-01	
61	4.989061e-03	6.568301e-01	
62	4.989062e-03	6.568311e-01	
63	4.989063e-03	6.568320e-01	
64	4.989064e-03	6.568330e-01	
65	4.989065e-03	6.568339e-01	
66	4.989066e-03	6.568349e-01	
67	4.989067e-03	6.568358e-01	
68	4.989068e-03	6.568368e-01	
69	4.989069e-03	6.568377e-01	
70	4.989070e-03	6.568387e-01	
71	4.989071e-03	6.568396e-01	
72	4.989072e-03	6.568406e-01	
73	4.989073e-03	6.568415e-01	
74	4.989074e-03	6.568425e-01	
75	4.989075e-03	6.568434e-01	
76	4.989076e-03	6.568443e-01	
77	4.989077e-03	6.568453e-01	
78	4.989078e-03	6.568462e-01	
79	4.989079e-03	6.568472e-01	
80	4.989080e-03	6.568481e-01	
81	4.989081e-03	6.568491e-01	
82	4.989082e-03	6.568500e-01	
83	4.989083e-03	6.568510e-01	
84	4.989084e-03	6.568519e-01	
85	4.989085e-03	6.568529e-01	
86	4.989086e-03	6.568538e-01	
87	4.989087e-03	6.568548e-01	
88	4.989088e-03	6.568557e-01	
89	4.989089e-03	6.568567e-01	
90	4.989090e-03	6.568576e-01	
91	4.989091e-03	6.568585e-01	
92	4.989092e-03	6.568595e-01	
93	4.989093e-03	6.568604e-01	
94	4.989094e-03	6.568614e-01	
95	4.989095e-03	6.568623e-01	
96	4.989096e-03	6.568633e-01	
97	4.989097e-03	6.568642e-01	
98	4.989098e-03	6.568651e-01	
99	4.989099e-03	6.568661e-01	
100	4.989100e-03	6.568670e-01	
101	4.989101e-03	6.568680e-01	
102	4.989102e-03	6.568689e-01	
103	4.989103e-03	6.568698e-01	
104	4.989104e-03	6.568708e-01	
105	4.989105e-03	6.568717e-01	
106	4.989106e-03	6.568727e-01	
107	4.989107e-03	6.568736e-01	
108	4.989108e-03	6.568746e-01	
109	4.989109e-03	6.568755e-01	
110	4.989110e-03	6.568764e-01	
111	4.989111e-03	6.568774e-01	
112	4.989112e-03	6.568783e-01	

Index   time            v(4)            
--------------------------------------------------------------------------------
113	4.989113e-03	6.568792e-01	
114	4.989114e-03	6.568802e-01	
115	4.989115e-03	6.568811e-01	
116	4.989116e-03	6.568821e-01	
117	4.989117e-03	6.568830e-01	
118	4.989118e-03	6.568839e-01	
119	4.989119e-03	6.568849e-01	
120	4.989120e-03	6.568858e-01	
121	4.989121e-03	6.568867e-01	
122	4.989122e-03	6.568877e-01	
123	4.989123e-03	6.568886e-01	
124	4.989124e-03	6.568895e-01	
125	4.989125e-03	6.568905e-01	
126	4.989126e-03	6.568914e-01	
127	4.989127e-03	6.568924e-01	
128	4.989128e-03	6.568933e-01	
129	4.989129e-03	6.568942e-01	
130	4.989130e-03	6.568952e-01	
131	4.989131e-03	6.568961e-01	
132	4.989132e-03	6.568970e-01	
133	4.989133e-03	6.568980e-01	
134	4.989134e-03	6.568989e-01	
135	4.989135e-03	6.568998e-01	
136	4.989136e-03	6.569008e-01	
137	4.989137e-03	6.569017e-01	
138	4.989138e-03	6.569026e-01	
139	4.989139e-03	6.569035e-01	
140	4.989140e-03	6.569045e-01	
141	4.989141e-03	6.569054e-01	
142	4.989142e-03	6.569063e-01	
143	4.989143e-03	6.569073e-01	
144	4.989144e-03	6.569082e-01	
145	4.989145e-03	6.569091e-01	
146	4.989146e-03	6.569101e-01	
147	4.989147e-03	6.569110e-01	
148	4.989148e-03	6.569119e-01	
149	4.989149e-03	6.569128e-01	
150	4.989150e-03	6.569138e-01	
151	4.989151e-03	6.569147e-01	
152	4.989152e-03	6.569156e-01	
153	4.989153e-03	6.569166e-01	
154	4.989154e-03	6.569175e-01	
155	4.989155e-03	6.569184e-01	
156	4.989156e-03	6.569193e-01	
157	4.989157e-03	6.569203e-01	
158	4.989158e-03	6.569212e-01	
159	4.989159e-03	6.569221e-01	
160	4.989160e-03	6.569230e-01	
161	4.989161e-03	6.569240e-01	
162	4.989162e-03	6.569249e-01	
163	4.989163e-03	6.569258e-01	
164	4.989164e-03	6.569267e-01	
165	4.989165e-03	6.569277e-01	
166	4.989166e-03	6.569286e-01	
167	4.989167e-03	6.569295e-01	
168	4.989168e-03	6.569304e-01	
169	4.989169e-03	6.569314e-01	
170	4.989170e-03	6.569323e-01	

Index   time            v(4)            
--------------------------------------------------------------------------------
171	4.989171e-03	6.569332e-01	
172	4.989172e-03	6.569341e-01	
173	4.989173e-03	6.569351e-01	
174	4.989174e-03	6.569360e-01	
175	4.989175e-03	6.569369e-01	
176	4.989176e-03	6.569378e-01	
177	4.989177e-03	6.569387e-01	
178	4.989178e-03	6.569397e-01	
179	4.989179e-03	6.569406e-01	
180	4.989180e-03	6.569415e-01	
181	4.989181e-03	6.569424e-01	
182	4.989182e-03	6.569433e-01	
183	4.989183e-03	6.569443e-01	
184	4.989184e-03	6.569452e-01	
185	4.989185e-03	6.569461e-01	
186	4.989186e-03	6.569470e-01	
187	4.989187e-03	6.569479e-01	
188	4.989188e-03	6.569489e-01	
189	4.989189e-03	6.569498e-01	
190	4.989190e-03	6.569507e-01	
191	4.989191e-03	6.569516e-01	
192	4.989192e-03	6.569525e-01	
193	4.989193e-03	6.569534e-01	
194	4.989194e-03	6.569544e-01	
195	4.989195e-03	6.569553e-01	
196	4.989196e-03	6.569562e-01	
197	4.989197e-03	6.569571e-01	
198	4.989198e-03	6.569580e-01	
199	4.989199e-03	6.569589e-01	
200	4.989200e-03	6.569599e-01	
201	4.989201e-03	6.569608e-01	
202	4.989202e-03	6.569617e-01	
203	4.989203e-03	6.569626e-01	
204	4.989204e-03	6.569635e-01	
205	4.989205e-03	6.569644e-01	
206	4.989206e-03	6.569653e-01	
207	4.989207e-03	6.569663e-01	
208	4.989208e-03	6.569672e-01	
209	4.989209e-03	6.569681e-01	
210	4.989210e-03	6.569690e-01	
211	4.989211e-03	6.569699e-01	
212	4.989212e-03	6.569708e-01	
213	4.989213e-03	6.569717e-01	
214	4.989214e-03	6.569726e-01	
215	4.989215e-03	6.569736e-01	
216	4.989216e-03	6.569745e-01	
217	4.989217e-03	6.569754e-01	
218	4.989218e-03	6.569763e-01	
219	4.989219e-03	6.569772e-01	
220	4.989220e-03	6.569781e-01	
221	4.989221e-03	6.569790e-01	
222	4.989222e-03	6.569799e-01	
223	4.989223e-03	6.569808e-01	
224	4.989224e-03	6.569818e-01	
225	4.989225e-03	6.569827e-01	
226	4.989226e-03	6.569836e-01	
227	4.989227e-03	6.569845e-01	
228	4.989228e-03	6.569854e-01	

Index   time            v(4)            
--------------------------------------------------------------------------------
229	4.989229e-03	6.569863e-01	
230	4.989230e-03	6.569872e-01	
231	4.989231e-03	6.569881e-01	
232	4.989232e-03	6.569890e-01	
233	4.989233e-03	6.569899e-01	
234	4.989234e-03	6.569908e-01	
235	4.989235e-03	6.569917e-01	
236	4.989236e-03	6.569926e-01	
237	4.989237e-03	6.569935e-01	
238	4.989238e-03	6.569945e-01	
239	4.989239e-03	6.569954e-01	
240	4.989240e-03	6.569963e-01	
241	4.989241e-03	6.569972e-01	
242	4.989242e-03	6.569981e-01	
243	4.989243e-03	6.569990e-01	
244	4.989244e-03	6.569999e-01	
245	4.989245e-03	6.570008e-01	
246	4.989246e-03	6.570017e-01	
247	4.989247e-03	6.570026e-01	
248	4.989248e-03	6.570035e-01	
249	4.989249e-03	6.570044e-01	
250	4.989250e-03	6.570053e-01	
251	4.989251e-03	6.570062e-01	
252	4.989252e-03	6.570071e-01	
253	4.989253e-03	6.570080e-01	
254	4.989254e-03	6.570089e-01	
255	4.989255e-03	6.570098e-01	
256	4.989256e-03	6.570107e-01	
257	4.989257e-03	6.570116e-01	
258	4.989258e-03	6.570125e-01	
259	4.989259e-03	6.570134e-01	
260	4.989260e-03	6.570143e-01	
261	4.989261e-03	6.570152e-01	
262	4.989262e-03	6.570161e-01	
263	4.989263e-03	6.570170e-01	
264	4.989264e-03	6.570179e-01	
265	4.989265e-03	6.570188e-01	
266	4.989266e-03	6.570197e-01	
267	4.989267e-03	6.570206e-01	
268	4.989268e-03	6.570215e-01	
269	4.989269e-03	6.570224e-01	
270	4.989270e-03	6.570233e-01	
271	4.989271e-03	6.570242e-01	
272	4.989272e-03	6.570251e-01	
273	4.989273e-03	6.570260e-01	
274	4.989274e-03	6.570269e-01	
275	4.989275e-03	6.570278e-01	
276	4.989276e-03	6.570287e-01	
277	4.989277e-03	6.570296e-01	
278	4.989278e-03	6.570305e-01	
279	4.989279e-03	6.570314e-01	
280	4.989280e-03	6.570323e-01	
281	4.989281e-03	6.570332e-01	
282	4.989282e-03	6.570340e-01	
283	4.989283e-03	6.570349e-01	
284	4.989284e-03	6.570358e-01	
285	4.989285e-03	6.570367e-01	
286	4.989286e-03	6.570376e-01	

Index   time            v(4)            
--------------------------------------------------------------------------------
287	4.989287e-03	6.570385e-01	
288	4.989288e-03	6.570394e-01	
289	4.989289e-03	6.570403e-01	
290	4.989290e-03	6.570412e-01	
291	4.989291e-03	6.570421e-01	
292	4.989292e-03	6.570430e-01	
293	4.989293e-03	6.570439e-01	
294	4.989294e-03	6.570448e-01	
295	4.989295e-03	6.570456e-01	
296	4.989296e-03	6.570465e-01	
297	4.989297e-03	6.570474e-01	
298	4.989298e-03	6.570483e-01	
299	4.989299e-03	6.570492e-01	
300	4.989300e-03	6.570501e-01	
301	4.989301e-03	6.570510e-01	
302	4.989302e-03	6.570519e-01	
303	4.989303e-03	6.570528e-01	
304	4.989304e-03	6.570537e-01	
305	4.989305e-03	6.570545e-01	
306	4.989306e-03	6.570554e-01	
307	4.989307e-03	6.570563e-01	
308	4.989308e-03	6.570572e-01	
309	4.989309e-03	6.570581e-01	
310	4.989310e-03	6.570590e-01	
311	4.989311e-03	6.570599e-01	
312	4.989312e-03	6.570608e-01	
313	4.989313e-03	6.570616e-01	
314	4.989314e-03	6.570625e-01	
315	4.989315e-03	6.570634e-01	
316	4.989316e-03	6.570643e-01	
317	4.989317e-03	6.570652e-01	
318	4.989318e-03	6.570661e-01	
319	4.989319e-03	6.570670e-01	
320	4.989320e-03	6.570678e-01	
321	4.989321e-03	6.570687e-01	
322	4.989322e-03	6.570696e-01	
323	4.989323e-03	6.570705e-01	
324	4.989324e-03	6.570714e-01	
325	4.989325e-03	6.570723e-01	
326	4.989326e-03	6.570731e-01	
327	4.989327e-03	6.570740e-01	
328	4.989328e-03	6.570749e-01	
329	4.989329e-03	6.570758e-01	
330	4.989330e-03	6.570767e-01	
331	4.989331e-03	6.570776e-01	
332	4.989332e-03	6.570784e-01	
333	4.989333e-03	6.570793e-01	
334	4.989334e-03	6.570802e-01	
335	4.989335e-03	6.570811e-01	
336	4.989336e-03	6.570820e-01	
337	4.989337e-03	6.570828e-01	
338	4.989338e-03	6.570837e-01	
339	4.989339e-03	6.570846e-01	
340	4.989340e-03	6.570855e-01	
341	4.989341e-03	6.570864e-01	
342	4.989342e-03	6.570872e-01	
343	4.989343e-03	6.570881e-01	
344	4.989344e-03	6.570890e-01	

Index   time            v(4)            
--------------------------------------------------------------------------------
345	4.989345e-03	6.570899e-01	
346	4.989346e-03	6.570908e-01	
347	4.989347e-03	6.570916e-01	
348	4.989348e-03	6.570925e-01	
349	4.989349e-03	6.570934e-01	
350	4.989350e-03	6.570943e-01	
351	4.989351e-03	6.570951e-01	
352	4.989352e-03	6.570960e-01	
353	4.989353e-03	6.570969e-01	
354	4.989354e-03	6.570978e-01	
355	4.989355e-03	6.570987e-01	
356	4.989356e-03	6.570995e-01	
357	4.989357e-03	6.571004e-01	
358	4.989358e-03	6.571013e-01	
359	4.989359e-03	6.571022e-01	
360	4.989360e-03	6.571030e-01	
361	4.989361e-03	6.571039e-01	
362	4.989362e-03	6.571048e-01	
363	4.989363e-03	6.571057e-01	
364	4.989364e-03	6.571065e-01	
365	4.989365e-03	6.571074e-01	
366	4.989366e-03	6.571083e-01	
367	4.989367e-03	6.571091e-01	
368	4.989368e-03	6.571100e-01	
369	4.989369e-03	6.571109e-01	
370	4.989370e-03	6.571118e-01	
371	4.989371e-03	6.571126e-01	
372	4.989372e-03	6.571135e-01	
373	4.989373e-03	6.571144e-01	
374	4.989374e-03	6.571152e-01	
375	4.989375e-03	6.571161e-01	
376	4.989376e-03	6.571170e-01	
377	4.989377e-03	6.571179e-01	
378	4.989378e-03	6.571187e-01	
379	4.989379e-03	6.571196e-01	
380	4.989380e-03	6.571205e-01	
381	4.989381e-03	6.571213e-01	
382	4.989382e-03	6.571222e-01	
383	4.989383e-03	6.571231e-01	
384	4.989384e-03	6.571239e-01	
385	4.989385e-03	6.571248e-01	
386	4.989386e-03	6.571257e-01	
387	4.989387e-03	6.571266e-01	
388	4.989388e-03	6.571274e-01	
389	4.989389e-03	6.571283e-01	
390	4.989390e-03	6.571292e-01	
391	4.989391e-03	6.571300e-01	
392	4.989392e-03	6.571309e-01	
393	4.989393e-03	6.571318e-01	
394	4.989394e-03	6.571326e-01	
395	4.989395e-03	6.571335e-01	
396	4.989396e-03	6.571344e-01	
397	4.989397e-03	6.571352e-01	
398	4.989398e-03	6.571361e-01	
399	4.989399e-03	6.571370e-01	
400	4.989400e-03	6.571378e-01	
401	4.989401e-03	6.571387e-01	
402	4.989402e-03	6.571395e-01	

Index   time            v(4)            
--------------------------------------------------------------------------------
403	4.989403e-03	6.571404e-01	
404	4.989404e-03	6.571413e-01	
405	4.989405e-03	6.571421e-01	
406	4.989406e-03	6.571430e-01	
407	4.989407e-03	6.571439e-01	
408	4.989408e-03	6.571447e-01	
409	4.989409e-03	6.571456e-01	
410	4.989410e-03	6.571465e-01	
411	4.989411e-03	6.571473e-01	
412	4.989412e-03	6.571482e-01	
413	4.989413e-03	6.571490e-01	
414	4.989414e-03	6.571499e-01	
415	4.989415e-03	6.571508e-01	
416	4.989416e-03	6.571516e-01	
417	4.989417e-03	6.571525e-01	
418	4.989418e-03	6.571533e-01	
419	4.989419e-03	6.571542e-01	
420	4.989420e-03	6.571551e-01	
421	4.989421e-03	6.571559e-01	
422	4.989422e-03	6.571568e-01	
423	4.989423e-03	6.571576e-01	
424	4.989424e-03	6.571585e-01	
425	4.989425e-03	6.571594e-01	
426	4.989426e-03	6.571602e-01	
427	4.989427e-03	6.571611e-01	
428	4.989428e-03	6.571619e-01	
429	4.989429e-03	6.571628e-01	
430	4.989430e-03	6.571637e-01	
431	4.989431e-03	6.571645e-01	
432	4.989432e-03	6.571654e-01	
433	4.989433e-03	6.571662e-01	
434	4.989434e-03	6.571671e-01	
435	4.989435e-03	6.571679e-01	
436	4.989436e-03	6.571688e-01	
437	4.989437e-03	6.571697e-01	
438	4.989438e-03	6.571705e-01	
439	4.989439e-03	6.571714e-01	
440	4.989440e-03	6.571722e-01	
441	4.989441e-03	6.571731e-01	
442	4.989442e-03	6.571739e-01	
443	4.989443e-03	6.571748e-01	
444	4.989444e-03	6.571756e-01	
445	4.989445e-03	6.571765e-01	
446	4.989446e-03	6.571773e-01	
447	4.989447e-03	6.571782e-01	
448	4.989448e-03	6.571791e-01	
449	4.989449e-03	6.571799e-01	
450	4.989450e-03	6.571808e-01	
451	4.989451e-03	6.571816e-01	
452	4.989452e-03	6.571825e-01	
453	4.989453e-03	6.571833e-01	
454	4.989454e-03	6.571842e-01	
455	4.989455e-03	6.571850e-01	
456	4.989456e-03	6.571859e-01	
457	4.989457e-03	6.571867e-01	
458	4.989458e-03	6.571876e-01	
459	4.989459e-03	6.571884e-01	
460	4.989460e-03	6.571893e-01	

Index   time            v(4)            
--------------------------------------------------------------------------------
461	4.989461e-03	6.571901e-01	
462	4.989462e-03	6.571910e-01	
463	4.989463e-03	6.571918e-01	
464	4.989464e-03	6.571927e-01	
465	4.989465e-03	6.571935e-01	
466	4.989466e-03	6.571944e-01	
467	4.989467e-03	6.571952e-01	
468	4.989468e-03	6.571961e-01	
469	4.989469e-03	6.571969e-01	
470	4.989470e-03	6.571978e-01	
471	4.989471e-03	6.571986e-01	
472	4.989472e-03	6.571995e-01	
473	4.989473e-03	6.572003e-01	
474	4.989474e-03	6.572012e-01	
475	4.989475e-03	6.572020e-01	
476	4.989476e-03	6.572028e-01	
477	4.989477e-03	6.572037e-01	
478	4.989478e-03	6.572045e-01	
479	4.989479e-03	6.572054e-01	
480	4.989480e-03	6.572062e-01	
481	4.989481e-03	6.572071e-01	
482	4.989482e-03	6.572079e-01	
483	4.989483e-03	6.572088e-01	
484	4.989484e-03	6.572096e-01	
485	4.989485e-03	6.572105e-01	
486	4.989486e-03	6.572113e-01	
487	4.989487e-03	6.572121e-01	
488	4.989488e-03	6.572130e-01	
489	4.989489e-03	6.572138e-01	
490	4.989490e-03	6.572147e-01	
491	4.989491e-03	6.572155e-01	
492	4.989492e-03	6.572164e-01	
493	4.989493e-03	6.572172e-01	
494	4.989494e-03	6.572180e-01	
495	4.989495e-03	6.572189e-01	
496	4.989496e-03	6.572197e-01	
497	4.989497e-03	6.572206e-01	
498	4.989498e-03	6.572214e-01	
499	4.989499e-03	6.572223e-01	
500	4.989500e-03	6.572231e-01	
501	4.989501e-03	6.572239e-01	
502	4.989502e-03	6.572248e-01	
503	4.989503e-03	6.572256e-01	
504	4.989504e-03	6.572265e-01	
505	4.989505e-03	6.572273e-01	
506	4.989506e-03	6.572281e-01	
507	4.989507e-03	6.572290e-01	
508	4.989508e-03	6.572298e-01	
509	4.989509e-03	6.572307e-01	
510	4.989510e-03	6.572315e-01	
511	4.989511e-03	6.572323e-01	
512	4.989512e-03	6.572332e-01	
513	4.989513e-03	6.572340e-01	
514	4.989514e-03	6.572348e-01	
515	4.989515e-03	6.572357e-01	
516	4.989516e-03	6.572365e-01	
517	4.989517e-03	6.572374e-01	
518	4.989518e-03	6.572382e-01	

Index   time            v(4)            
--------------------------------------------------------------------------------
519	4.989519e-03	6.572390e-01	
520	4.989520e-03	6.572399e-01	
521	4.989521e-03	6.572407e-01	
522	4.989522e-03	6.572415e-01	
523	4.989523e-03	6.572424e-01	
524	4.989524e-03	6.572432e-01	
525	4.989525e-03	6.572440e-01	
526	4.989526e-03	6.572449e-01	
527	4.989527e-03	6.572457e-01	
528	4.989528e-03	6.572465e-01	
529	4.989529e-03	6.572474e-01	
530	4.989530e-03	6.572482e-01	
531	4.989531e-03	6.572490e-01	
532	4.989532e-03	6.572499e-01	
533	4.989533e-03	6.572507e-01	
534	4.989534e-03	6.572515e-01	
535	4.989535e-03	6.572524e-01	
536	4.989536e-03	6.572532e-01	
537	4.989537e-03	6.572540e-01	
538	4.989538e-03	6.572549e-01	
539	4.989539e-03	6.572557e-01	
540	4.989540e-03	6.572565e-01	
541	4.989541e-03	6.572574e-01	
542	4.989542e-03	6.572582e-01	
543	4.989543e-03	6.572590e-01	
544	4.989544e-03	6.572599e-01	
545	4.989545e-03	6.572607e-01	
546	4.989546e-03	6.572615e-01	
547	4.989547e-03	6.572624e-01	
548	4.989548e-03	6.572632e-01	
549	4.989549e-03	6.572640e-01	
550	4.989550e-03	6.572648e-01	
551	4.989551e-03	6.572657e-01	
552	4.989552e-03	6.572665e-01	
553	4.989553e-03	6.572673e-01	
554	4.989554e-03	6.572682e-01	
555	4.989555e-03	6.572690e-01	
556	4.989556e-03	6.572698e-01	
557	4.989557e-03	6.572706e-01	
558	4.989558e-03	6.572715e-01	
559	4.989559e-03	6.572723e-01	
560	4.989560e-03	6.572731e-01	
561	4.989561e-03	6.572739e-01	
562	4.989562e-03	6.572748e-01	
563	4.989563e-03	6.572756e-01	
564	4.989564e-03	6.572764e-01	
565	4.989565e-03	6.572773e-01	
566	4.989566e-03	6.572781e-01	
567	4.989567e-03	6.572789e-01	
568	4.989568e-03	6.572797e-01	
569	4.989569e-03	6.572806e-01	
570	4.989570e-03	6.572814e-01	
571	4.989571e-03	6.572822e-01	
572	4.989572e-03	6.572830e-01	
573	4.989573e-03	6.572838e-01	
574	4.989574e-03	6.572847e-01	
575	4.989575e-03	6.572855e-01	
576	4.989576e-03	6.572863e-01	

Index   time            v(4)            
--------------------------------------------------------------------------------
577	4.989577e-03	6.572871e-01	
578	4.989578e-03	6.572880e-01	
579	4.989579e-03	6.572888e-01	
580	4.989580e-03	6.572896e-01	
581	4.989581e-03	6.572904e-01	
582	4.989582e-03	6.572913e-01	
583	4.989583e-03	6.572921e-01	
584	4.989584e-03	6.572929e-01	
585	4.989585e-03	6.572937e-01	
586	4.989586e-03	6.572945e-01	
587	4.989587e-03	6.572954e-01	
588	4.989588e-03	6.572962e-01	
589	4.989589e-03	6.572970e-01	
590	4.989590e-03	6.572978e-01	
591	4.989591e-03	6.572986e-01	
592	4.989592e-03	6.572995e-01	
593	4.989593e-03	6.573003e-01	
594	4.989594e-03	6.573011e-01	
595	4.989595e-03	6.573019e-01	
596	4.989596e-03	6.573027e-01	
597	4.989597e-03	6.573036e-01	
598	4.989598e-03	6.573044e-01	
599	4.989599e-03	6.573052e-01	
600	4.989600e-03	6.573060e-01	
601	4.989601e-03	6.573068e-01	
602	4.989602e-03	6.573076e-01	
603	4.989603e-03	6.573085e-01	
604	4.989604e-03	6.573093e-01	
605	4.989605e-03	6.573101e-01	
606	4.989606e-03	6.573109e-01	
607	4.989607e-03	6.573117e-01	
608	4.989608e-03	6.573125e-01	
609	4.989609e-03	6.573134e-01	
610	4.989610e-03	6.573142e-01	
611	4.989611e-03	6.573150e-01	
612	4.989612e-03	6.573158e-01	
613	4.989613e-03	6.573166e-01	
614	4.989614e-03	6.573174e-01	
615	4.989615e-03	6.573182e-01	
616	4.989616e-03	6.573191e-01	
617	4.989617e-03	6.573199e-01	
618	4.989618e-03	6.573207e-01	
619	4.989619e-03	6.573215e-01	
620	4.989620e-03	6.573223e-01	
621	4.989621e-03	6.573231e-01	
622	4.989622e-03	6.573239e-01	
623	4.989623e-03	6.573247e-01	
624	4.989624e-03	6.573256e-01	
625	4.989625e-03	6.573264e-01	
626	4.989626e-03	6.573272e-01	
627	4.989627e-03	6.573280e-01	
628	4.989628e-03	6.573288e-01	
629	4.989629e-03	6.573296e-01	
630	4.989630e-03	6.573304e-01	
631	4.989631e-03	6.573312e-01	
632	4.989632e-03	6.573320e-01	
633	4.989633e-03	6.573329e-01	
634	4.989634e-03	6.573337e-01	

Index   time            v(4)            
--------------------------------------------------------------------------------
635	4.989635e-03	6.573345e-01	
636	4.989636e-03	6.573353e-01	
637	4.989637e-03	6.573361e-01	
638	4.989638e-03	6.573369e-01	
639	4.989639e-03	6.573377e-01	
640	4.989640e-03	6.573385e-01	
641	4.989641e-03	6.573393e-01	
642	4.989642e-03	6.573401e-01	
643	4.989643e-03	6.573409e-01	
644	4.989644e-03	6.573418e-01	
645	4.989645e-03	6.573426e-01	
646	4.989646e-03	6.573434e-01	
647	4.989647e-03	6.573442e-01	
648	4.989648e-03	6.573450e-01	
649	4.989649e-03	6.573458e-01	
650	4.989650e-03	6.573466e-01	
651	4.989651e-03	6.573474e-01	
652	4.989652e-03	6.573482e-01	
653	4.989653e-03	6.573490e-01	
654	4.989654e-03	6.573498e-01	
655	4.989655e-03	6.573506e-01	
656	4.989656e-03	6.573514e-01	
657	4.989657e-03	6.573522e-01	
658	4.989658e-03	6.573530e-01	
659	4.989659e-03	6.573538e-01	
660	4.989660e-03	6.573546e-01	
661	4.989661e-03	6.573554e-01	
662	4.989662e-03	6.573562e-01	
663	4.989663e-03	6.573571e-01	
664	4.989664e-03	6.573579e-01	
665	4.989665e-03	6.573587e-01	
666	4.989666e-03	6.573595e-01	
667	4.989667e-03	6.573603e-01	
668	4.989668e-03	6.573611e-01	
669	4.989669e-03	6.573619e-01	
670	4.989670e-03	6.573627e-01	
671	4.989671e-03	6.573635e-01	
672	4.989672e-03	6.573643e-01	
673	4.989673e-03	6.573651e-01	
674	4.989674e-03	6.573659e-01	
675	4.989675e-03	6.573667e-01	
676	4.989676e-03	6.573675e-01	
677	4.989677e-03	6.573683e-01	
678	4.989678e-03	6.573691e-01	
679	4.989679e-03	6.573699e-01	
680	4.989680e-03	6.573707e-01	
681	4.989681e-03	6.573715e-01	
682	4.989682e-03	6.573723e-01	
683	4.989683e-03	6.573731e-01	
684	4.989684e-03	6.573739e-01	
685	4.989685e-03	6.573747e-01	
686	4.989686e-03	6.573755e-01	
687	4.989687e-03	6.573763e-01	
688	4.989688e-03	6.573771e-01	
689	4.989689e-03	6.573779e-01	
690	4.989690e-03	6.573787e-01	
691	4.989691e-03	6.573795e-01	
692	4.989692e-03	6.573803e-01	

Index   time            v(4)            
--------------------------------------------------------------------------------
693	4.989693e-03	6.573810e-01	
694	4.989694e-03	6.573818e-01	
695	4.989695e-03	6.573826e-01	
696	4.989696e-03	6.573834e-01	
697	4.989697e-03	6.573842e-01	
698	4.989698e-03	6.573850e-01	
699	4.989699e-03	6.573858e-01	
700	4.989700e-03	6.573866e-01	
701	4.989701e-03	6.573874e-01	
702	4.989702e-03	6.573882e-01	
703	4.989703e-03	6.573890e-01	
704	4.989704e-03	6.573898e-01	
705	4.989705e-03	6.573906e-01	
706	4.989706e-03	6.573914e-01	
707	4.989707e-03	6.573922e-01	
708	4.989708e-03	6.573930e-01	
709	4.989709e-03	6.573938e-01	
710	4.989710e-03	6.573946e-01	
711	4.989711e-03	6.573953e-01	
712	4.989712e-03	6.573961e-01	
713	4.989713e-03	6.573969e-01	
714	4.989714e-03	6.573977e-01	
715	4.989715e-03	6.573985e-01	
716	4.989716e-03	6.573993e-01	
717	4.989717e-03	6.574001e-01	
718	4.989718e-03	6.574009e-01	
719	4.989719e-03	6.574017e-01	
720	4.989720e-03	6.574025e-01	
721	4.989721e-03	6.574033e-01	
722	4.989722e-03	6.574040e-01	
723	4.989723e-03	6.574048e-01	
724	4.989724e-03	6.574056e-01	
725	4.989725e-03	6.574064e-01	
726	4.989726e-03	6.574072e-01	
727	4.989727e-03	6.574080e-01	
728	4.989728e-03	6.574088e-01	
729	4.989729e-03	6.574096e-01	
730	4.989730e-03	6.574104e-01	
731	4.989731e-03	6.574112e-01	
732	4.989732e-03	6.574119e-01	
733	4.989733e-03	6.574127e-01	
734	4.989734e-03	6.574135e-01	
735	4.989735e-03	6.574143e-01	
736	4.989736e-03	6.574151e-01	
737	4.989737e-03	6.574159e-01	
738	4.989738e-03	6.574167e-01	
739	4.989739e-03	6.574174e-01	
740	4.989740e-03	6.574182e-01	
741	4.989741e-03	6.574190e-01	
742	4.989742e-03	6.574198e-01	
743	4.989743e-03	6.574206e-01	
744	4.989744e-03	6.574214e-01	
745	4.989745e-03	6.574222e-01	
746	4.989746e-03	6.574229e-01	
747	4.989747e-03	6.574237e-01	
748	4.989748e-03	6.574245e-01	
749	4.989749e-03	6.574253e-01	
750	4.989750e-03	6.574261e-01	

Index   time            v(4)            
--------------------------------------------------------------------------------
751	4.989751e-03	6.574269e-01	
752	4.989752e-03	6.574276e-01	
753	4.989753e-03	6.574284e-01	
754	4.989754e-03	6.574292e-01	
755	4.989755e-03	6.574300e-01	
756	4.989756e-03	6.574308e-01	
757	4.989757e-03	6.574316e-01	
758	4.989758e-03	6.574323e-01	
759	4.989759e-03	6.574331e-01	
760	4.989760e-03	6.574339e-01	
761	4.989761e-03	6.574347e-01	
762	4.989762e-03	6.574355e-01	
763	4.989763e-03	6.574363e-01	
764	4.989764e-03	6.574370e-01	
765	4.989765e-03	6.574378e-01	
766	4.989766e-03	6.574386e-01	
767	4.989767e-03	6.574394e-01	
768	4.989768e-03	6.574402e-01	
769	4.989769e-03	6.574409e-01	
770	4.989770e-03	6.574417e-01	
771	4.989771e-03	6.574425e-01	
772	4.989772e-03	6.574433e-01	
773	4.989773e-03	6.574441e-01	
774	4.989774e-03	6.574448e-01	
775	4.989775e-03	6.574456e-01	
776	4.989776e-03	6.574464e-01	
777	4.989777e-03	6.574472e-01	
778	4.989778e-03	6.574479e-01	
779	4.989779e-03	6.574487e-01	
780	4.989780e-03	6.574495e-01	
781	4.989781e-03	6.574503e-01	
782	4.989782e-03	6.574511e-01	
783	4.989783e-03	6.574518e-01	
784	4.989784e-03	6.574526e-01	
785	4.989785e-03	6.574534e-01	
786	4.989786e-03	6.574542e-01	
787	4.989787e-03	6.574549e-01	
788	4.989788e-03	6.574557e-01	
789	4.989789e-03	6.574565e-01	
790	4.989790e-03	6.574573e-01	
791	4.989791e-03	6.574580e-01	
792	4.989792e-03	6.574588e-01	
793	4.989793e-03	6.574596e-01	
794	4.989794e-03	6.574604e-01	
795	4.989795e-03	6.574611e-01	
796	4.989796e-03	6.574619e-01	
797	4.989797e-03	6.574627e-01	
798	4.989798e-03	6.574635e-01	
799	4.989799e-03	6.574642e-01	
800	4.989800e-03	6.574650e-01	
801	4.989801e-03	6.574658e-01	
802	4.989802e-03	6.574665e-01	
803	4.989803e-03	6.574673e-01	
804	4.989804e-03	6.574681e-01	
805	4.989805e-03	6.574689e-01	
806	4.989806e-03	6.574696e-01	
807	4.989807e-03	6.574704e-01	
808	4.989808e-03	6.574712e-01	

Index   time            v(4)            
--------------------------------------------------------------------------------
809	4.989809e-03	6.574719e-01	
810	4.989810e-03	6.574727e-01	
811	4.989811e-03	6.574735e-01	
812	4.989812e-03	6.574743e-01	
813	4.989813e-03	6.574750e-01	
814	4.989814e-03	6.574758e-01	
815	4.989815e-03	6.574766e-01	
816	4.989816e-03	6.574773e-01	
817	4.989817e-03	6.574781e-01	
818	4.989818e-03	6.574789e-01	
819	4.989819e-03	6.574796e-01	
820	4.989820e-03	6.574804e-01	
821	4.989821e-03	6.574812e-01	
822	4.989822e-03	6.574820e-01	
823	4.989823e-03	6.574827e-01	
824	4.989824e-03	6.574835e-01	
825	4.989825e-03	6.574843e-01	
826	4.989826e-03	6.574850e-01	
827	4.989827e-03	6.574858e-01	
828	4.989828e-03	6.574866e-01	
829	4.989829e-03	6.574873e-01	
830	4.989830e-03	6.574881e-01	
831	4.989831e-03	6.574889e-01	
832	4.989832e-03	6.574896e-01	
833	4.989833e-03	6.574904e-01	
834	4.989834e-03	6.574912e-01	
835	4.989835e-03	6.574919e-01	
836	4.989836e-03	6.574927e-01	
837	4.989837e-03	6.574934e-01	
838	4.989838e-03	6.574942e-01	
839	4.989839e-03	6.574950e-01	
840	4.989840e-03	6.574957e-01	
841	4.989841e-03	6.574965e-01	
842	4.989842e-03	6.574973e-01	
843	4.989843e-03	6.574980e-01	
844	4.989844e-03	6.574988e-01	
845	4.989845e-03	6.574996e-01	
846	4.989846e-03	6.575003e-01	
847	4.989847e-03	6.575011e-01	
848	4.989848e-03	6.575019e-01	
849	4.989849e-03	6.575026e-01	
850	4.989850e-03	6.575034e-01	
851	4.989851e-03	6.575041e-01	
852	4.989852e-03	6.575049e-01	
853	4.989853e-03	6.575057e-01	
854	4.989854e-03	6.575064e-01	
855	4.989855e-03	6.575072e-01	
856	4.989856e-03	6.575079e-01	
857	4.989857e-03	6.575087e-01	
858	4.989858e-03	6.575095e-01	
859	4.989859e-03	6.575102e-01	
860	4.989860e-03	6.575110e-01	
861	4.989861e-03	6.575117e-01	
862	4.989862e-03	6.575125e-01	
863	4.989863e-03	6.575133e-01	
864	4.989864e-03	6.575140e-01	
865	4.989865e-03	6.575148e-01	
866	4.989866e-03	6.575155e-01	

Index   time            v(4)            
--------------------------------------------------------------------------------
867	4.989867e-03	6.575163e-01	
868	4.989868e-03	6.575171e-01	
869	4.989869e-03	6.575178e-01	
870	4.989870e-03	6.575186e-01	
871	4.989871e-03	6.575193e-01	
872	4.989872e-03	6.575201e-01	
873	4.989873e-03	6.575209e-01	
874	4.989874e-03	6.575216e-01	
875	4.989875e-03	6.575224e-01	
876	4.989876e-03	6.575231e-01	
877	4.989877e-03	6.575239e-01	
878	4.989878e-03	6.575246e-01	
879	4.989879e-03	6.575254e-01	
880	4.989880e-03	6.575261e-01	
881	4.989881e-03	6.575269e-01	
882	4.989882e-03	6.575277e-01	
883	4.989883e-03	6.575284e-01	
884	4.989884e-03	6.575292e-01	
885	4.989885e-03	6.575299e-01	
886	4.989886e-03	6.575307e-01	
887	4.989887e-03	6.575314e-01	
888	4.989888e-03	6.575322e-01	
889	4.989889e-03	6.575329e-01	
890	4.989890e-03	6.575337e-01	
891	4.989891e-03	6.575344e-01	
892	4.989892e-03	6.575352e-01	
893	4.989893e-03	6.575360e-01	
894	4.989894e-03	6.575367e-01	
895	4.989895e-03	6.575375e-01	
896	4.989896e-03	6.575382e-01	
897	4.989897e-03	6.575390e-01	
898	4.989898e-03	6.575397e-01	
899	4.989899e-03	6.575405e-01	
900	4.989900e-03	6.575412e-01	
901	4.989901e-03	6.575420e-01	
902	4.989902e-03	6.575427e-01	
903	4.989903e-03	6.575435e-01	
904	4.989904e-03	6.575442e-01	
905	4.989905e-03	6.575450e-01	
906	4.989906e-03	6.575457e-01	
907	4.989907e-03	6.575465e-01	
908	4.989908e-03	6.575472e-01	
909	4.989909e-03	6.575480e-01	
910	4.989910e-03	6.575487e-01	
911	4.989911e-03	6.575495e-01	
912	4.989912e-03	6.575502e-01	
913	4.989913e-03	6.575510e-01	
914	4.989914e-03	6.575517e-01	
915	4.989915e-03	6.575525e-01	
916	4.989916e-03	6.575532e-01	
917	4.989917e-03	6.575540e-01	
918	4.989918e-03	6.575547e-01	
919	4.989919e-03	6.575555e-01	
920	4.989920e-03	6.575562e-01	
921	4.989921e-03	6.575570e-01	
922	4.989922e-03	6.575577e-01	
923	4.989923e-03	6.575585e-01	
924	4.989924e-03	6.575592e-01	

Index   time            v(4)            
--------------------------------------------------------------------------------
925	4.989925e-03	6.575599e-01	
926	4.989926e-03	6.575607e-01	
927	4.989927e-03	6.575614e-01	
928	4.989928e-03	6.575622e-01	
929	4.989929e-03	6.575629e-01	
930	4.989930e-03	6.575637e-01	
931	4.989931e-03	6.575644e-01	
932	4.989932e-03	6.575652e-01	
933	4.989933e-03	6.575659e-01	
934	4.989934e-03	6.575667e-01	
935	4.989935e-03	6.575674e-01	
936	4.989936e-03	6.575681e-01	
937	4.989937e-03	6.575689e-01	
938	4.989938e-03	6.575696e-01	
939	4.989939e-03	6.575704e-01	
940	4.989940e-03	6.575711e-01	
941	4.989941e-03	6.575719e-01	
942	4.989942e-03	6.575726e-01	
943	4.989943e-03	6.575733e-01	
944	4.989944e-03	6.575741e-01	
945	4.989945e-03	6.575748e-01	
946	4.989946e-03	6.575756e-01	
947	4.989947e-03	6.575763e-01	
948	4.989948e-03	6.575771e-01	
949	4.989949e-03	6.575778e-01	
950	4.989950e-03	6.575785e-01	
951	4.989951e-03	6.575793e-01	
952	4.989952e-03	6.575800e-01	
953	4.989953e-03	6.575808e-01	
954	4.989954e-03	6.575815e-01	
955	4.989955e-03	6.575822e-01	
956	4.989956e-03	6.575830e-01	
957	4.989957e-03	6.575837e-01	
958	4.989958e-03	6.575845e-01	
959	4.989959e-03	6.575852e-01	
960	4.989960e-03	6.575859e-01	
961	4.989961e-03	6.575867e-01	
962	4.989962e-03	6.575874e-01	
963	4.989963e-03	6.575882e-01	
964	4.989964e-03	6.575889e-01	
965	4.989965e-03	6.575896e-01	
966	4.989966e-03	6.575904e-01	
967	4.989967e-03	6.575911e-01	
968	4.989968e-03	6.575918e-01	
969	4.989969e-03	6.575926e-01	
970	4.989970e-03	6.575933e-01	
971	4.989971e-03	6.575941e-01	
972	4.989972e-03	6.575948e-01	
973	4.989973e-03	6.575955e-01	
974	4.989974e-03	6.575963e-01	
975	4.989975e-03	6.575970e-01	
976	4.989976e-03	6.575977e-01	
977	4.989977e-03	6.575985e-01	
978	4.989978e-03	6.575992e-01	
979	4.989979e-03	6.576000e-01	
980	4.989980e-03	6.576007e-01	
981	4.989981e-03	6.576014e-01	
982	4.989982e-03	6.576022e-01	

Index   time            v(4)            
--------------------------------------------------------------------------------
983	4.989983e-03	6.576029e-01	
984	4.989984e-03	6.576036e-01	
985	4.989985e-03	6.576044e-01	
986	4.989986e-03	6.576051e-01	
987	4.989987e-03	6.576058e-01	
988	4.989988e-03	6.576066e-01	
989	4.989989e-03	6.576073e-01	
990	4.989990e-03	6.576080e-01	
991	4.989991e-03	6.576088e-01	
992	4.989992e-03	6.576095e-01	
993	4.989993e-03	6.576102e-01	
994	4.989994e-03	6.576110e-01	
995	4.989995e-03	6.576117e-01	
996	4.989996e-03	6.576124e-01	
997	4.989997e-03	6.576132e-01	
998	4.989998e-03	6.576139e-01	
999	4.989999e-03	6.576146e-01	
1000	4.990000e-03	6.576153e-01	
1001	4.990001e-03	6.576159e-01	
1002	4.990001e-03	6.575315e-01	
1003	4.990001e-03	6.573615e-01	
1004	4.990002e-03	6.570150e-01	
1005	4.990002e-03	6.567493e-01	
1006	4.990002e-03	6.567449e-01	
1007	4.990002e-03	6.567362e-01	
1008	4.990003e-03	6.567189e-01	
1009	4.990003e-03	6.566841e-01	
1010	4.990004e-03	6.566298e-01	
1011	4.990005e-03	6.565754e-01	
1012	4.990006e-03	6.565209e-01	
1013	4.990007e-03	6.564664e-01	
1014	4.990008e-03	6.564118e-01	
1015	4.990009e-03	6.563571e-01	
1016	4.990010e-03	6.563024e-01	
1017	4.990011e-03	6.562476e-01	
1018	4.990012e-03	6.561927e-01	
1019	4.990013e-03	6.561378e-01	
1020	4.990014e-03	6.560828e-01	
1021	4.990015e-03	6.560277e-01	
1022	4.990016e-03	6.559726e-01	
1023	4.990017e-03	6.559174e-01	
1024	4.990018e-03	6.558621e-01	
1025	4.990019e-03	6.558068e-01	
1026	4.990020e-03	6.557514e-01	
1027	4.990021e-03	6.556959e-01	
1028	4.990022e-03	6.556404e-01	
1029	4.990023e-03	6.555848e-01	
1030	4.990024e-03	6.555291e-01	
1031	4.990025e-03	6.554734e-01	
1032	4.990026e-03	6.554176e-01	
1033	4.990027e-03	6.553617e-01	
1034	4.990028e-03	6.553057e-01	
1035	4.990029e-03	6.552497e-01	
1036	4.990030e-03	6.551937e-01	
1037	4.990031e-03	6.551375e-01	
1038	4.990032e-03	6.550813e-01	
1039	4.990033e-03	6.550250e-01	
1040	4.990034e-03	6.549686e-01	

Index   time            v(4)            
--------------------------------------------------------------------------------
1041	4.990035e-03	6.549122e-01	
1042	4.990036e-03	6.548557e-01	
1043	4.990037e-03	6.547991e-01	
1044	4.990038e-03	6.547425e-01	
1045	4.990039e-03	6.546858e-01	
1046	4.990040e-03	6.546290e-01	
1047	4.990041e-03	6.545721e-01	
1048	4.990042e-03	6.545152e-01	
1049	4.990043e-03	6.544582e-01	
1050	4.990044e-03	6.544011e-01	
1051	4.990045e-03	6.543440e-01	
1052	4.990046e-03	6.542867e-01	
1053	4.990047e-03	6.542295e-01	
1054	4.990048e-03	6.541721e-01	
1055	4.990049e-03	6.541147e-01	
1056	4.990050e-03	6.540572e-01	
1057	4.990051e-03	6.539996e-01	
1058	4.990052e-03	6.539419e-01	
1059	4.990053e-03	6.538842e-01	
1060	4.990054e-03	6.538264e-01	
1061	4.990055e-03	6.537685e-01	
1062	4.990056e-03	6.537106e-01	
1063	4.990057e-03	6.536525e-01	
1064	4.990058e-03	6.535944e-01	
1065	4.990059e-03	6.535363e-01	
1066	4.990060e-03	6.534780e-01	
1067	4.990061e-03	6.534197e-01	
1068	4.990062e-03	6.533613e-01	
1069	4.990063e-03	6.533028e-01	
1070	4.990064e-03	6.532443e-01	
1071	4.990065e-03	6.531856e-01	
1072	4.990066e-03	6.531269e-01	
1073	4.990067e-03	6.530681e-01	
1074	4.990068e-03	6.530093e-01	
1075	4.990069e-03	6.529503e-01	
1076	4.990070e-03	6.528913e-01	
1077	4.990071e-03	6.528322e-01	
1078	4.990072e-03	6.527731e-01	
1079	4.990073e-03	6.527138e-01	
1080	4.990074e-03	6.526545e-01	
1081	4.990075e-03	6.525951e-01	
1082	4.990076e-03	6.525356e-01	
1083	4.990077e-03	6.524760e-01	
1084	4.990078e-03	6.524164e-01	
1085	4.990079e-03	6.523567e-01	
1086	4.990080e-03	6.522969e-01	
1087	4.990081e-03	6.522370e-01	
1088	4.990082e-03	6.521770e-01	
1089	4.990083e-03	6.521170e-01	
1090	4.990084e-03	6.520569e-01	
1091	4.990085e-03	6.519967e-01	
1092	4.990086e-03	6.519364e-01	
1093	4.990087e-03	6.518760e-01	
1094	4.990088e-03	6.518156e-01	
1095	4.990089e-03	6.517551e-01	
1096	4.990090e-03	6.516945e-01	
1097	4.990091e-03	6.516338e-01	
1098	4.990092e-03	6.515730e-01	

Index   time            v(4)            
--------------------------------------------------------------------------------
1099	4.990093e-03	6.515121e-01	
1100	4.990094e-03	6.514512e-01	
1101	4.990095e-03	6.513902e-01	
1102	4.990096e-03	6.513291e-01	
1103	4.990097e-03	6.512679e-01	
1104	4.990098e-03	6.512066e-01	
1105	4.990099e-03	6.511453e-01	
1106	4.990100e-03	6.510838e-01	
1107	4.990101e-03	6.510223e-01	
1108	4.990102e-03	6.509607e-01	
1109	4.990103e-03	6.508990e-01	
1110	4.990104e-03	6.508372e-01	
1111	4.990105e-03	6.507754e-01	
1112	4.990106e-03	6.507134e-01	
1113	4.990107e-03	6.506514e-01	
1114	4.990108e-03	6.505892e-01	
1115	4.990109e-03	6.505270e-01	
1116	4.990110e-03	6.504647e-01	
1117	4.990111e-03	6.504023e-01	
1118	4.990112e-03	6.503399e-01	
1119	4.990113e-03	6.502773e-01	
1120	4.990114e-03	6.502147e-01	
1121	4.990115e-03	6.501519e-01	
1122	4.990116e-03	6.500891e-01	
1123	4.990117e-03	6.500262e-01	
1124	4.990118e-03	6.499632e-01	
1125	4.990119e-03	6.499001e-01	
1126	4.990120e-03	6.498369e-01	
1127	4.990121e-03	6.497736e-01	
1128	4.990122e-03	6.497103e-01	
1129	4.990123e-03	6.496468e-01	
1130	4.990124e-03	6.495833e-01	
1131	4.990125e-03	6.495196e-01	
1132	4.990126e-03	6.494559e-01	
1133	4.990127e-03	6.493921e-01	
1134	4.990128e-03	6.493282e-01	
1135	4.990129e-03	6.492642e-01	
1136	4.990130e-03	6.492001e-01	
1137	4.990131e-03	6.491359e-01	
1138	4.990132e-03	6.490716e-01	
1139	4.990133e-03	6.490073e-01	
1140	4.990134e-03	6.489428e-01	
1141	4.990135e-03	6.488782e-01	
1142	4.990136e-03	6.488136e-01	
1143	4.990137e-03	6.487488e-01	
1144	4.990138e-03	6.486840e-01	
1145	4.990139e-03	6.486190e-01	
1146	4.990140e-03	6.485540e-01	
1147	4.990141e-03	6.484889e-01	
1148	4.990142e-03	6.484237e-01	
1149	4.990143e-03	6.483583e-01	
1150	4.990144e-03	6.482929e-01	
1151	4.990145e-03	6.482274e-01	
1152	4.990146e-03	6.481618e-01	
1153	4.990147e-03	6.480961e-01	
1154	4.990148e-03	6.480303e-01	
1155	4.990149e-03	6.479644e-01	
1156	4.990150e-03	6.478984e-01	

Index   time            v(4)            
--------------------------------------------------------------------------------
1157	4.990151e-03	6.478322e-01	
1158	4.990152e-03	6.477660e-01	
1159	4.990153e-03	6.476997e-01	
1160	4.990154e-03	6.476333e-01	
1161	4.990155e-03	6.475668e-01	
1162	4.990156e-03	6.475002e-01	
1163	4.990157e-03	6.474335e-01	
1164	4.990158e-03	6.473667e-01	
1165	4.990159e-03	6.472998e-01	
1166	4.990160e-03	6.472328e-01	
1167	4.990161e-03	6.471657e-01	
1168	4.990162e-03	6.470985e-01	
1169	4.990163e-03	6.470312e-01	
1170	4.990164e-03	6.469638e-01	
1171	4.990165e-03	6.468962e-01	
1172	4.990166e-03	6.468286e-01	
1173	4.990167e-03	6.467609e-01	
1174	4.990168e-03	6.466931e-01	
1175	4.990169e-03	6.466251e-01	
1176	4.990170e-03	6.465571e-01	
1177	4.990171e-03	6.464889e-01	
1178	4.990172e-03	6.464207e-01	
1179	4.990173e-03	6.463523e-01	
1180	4.990174e-03	6.462838e-01	
1181	4.990175e-03	6.462153e-01	
1182	4.990176e-03	6.461466e-01	
1183	4.990177e-03	6.460778e-01	
1184	4.990178e-03	6.460089e-01	
1185	4.990179e-03	6.459399e-01	
1186	4.990180e-03	6.458708e-01	
1187	4.990181e-03	6.458016e-01	
1188	4.990182e-03	6.457322e-01	
1189	4.990183e-03	6.456628e-01	
1190	4.990184e-03	6.455932e-01	
1191	4.990185e-03	6.455236e-01	
1192	4.990186e-03	6.454538e-01	
1193	4.990187e-03	6.453839e-01	
1194	4.990188e-03	6.453139e-01	
1195	4.990189e-03	6.452438e-01	
1196	4.990190e-03	6.451736e-01	
1197	4.990191e-03	6.451033e-01	
1198	4.990192e-03	6.450328e-01	
1199	4.990193e-03	6.449623e-01	
1200	4.990194e-03	6.448916e-01	
1201	4.990195e-03	6.448208e-01	
1202	4.990196e-03	6.447499e-01	
1203	4.990197e-03	6.446789e-01	
1204	4.990198e-03	6.446077e-01	
1205	4.990199e-03	6.445365e-01	
1206	4.990200e-03	6.444651e-01	
1207	4.990201e-03	6.443936e-01	
1208	4.990202e-03	6.443220e-01	
1209	4.990203e-03	6.442503e-01	
1210	4.990204e-03	6.441785e-01	
1211	4.990205e-03	6.441065e-01	
1212	4.990206e-03	6.440344e-01	
1213	4.990207e-03	6.439623e-01	
1214	4.990208e-03	6.438899e-01	

Index   time            v(4)            
--------------------------------------------------------------------------------
1215	4.990209e-03	6.438175e-01	
1216	4.990210e-03	6.437450e-01	
1217	4.990211e-03	6.436723e-01	
1218	4.990212e-03	6.435995e-01	
1219	4.990213e-03	6.435266e-01	
1220	4.990214e-03	6.434535e-01	
1221	4.990215e-03	6.433804e-01	
1222	4.990216e-03	6.433071e-01	
1223	4.990217e-03	6.432337e-01	
1224	4.990218e-03	6.431601e-01	
1225	4.990219e-03	6.430865e-01	
1226	4.990220e-03	6.430127e-01	
1227	4.990221e-03	6.429388e-01	
1228	4.990222e-03	6.428647e-01	
1229	4.990223e-03	6.427906e-01	
1230	4.990224e-03	6.427163e-01	
1231	4.990225e-03	6.426419e-01	
1232	4.990226e-03	6.425673e-01	
1233	4.990227e-03	6.424927e-01	
1234	4.990228e-03	6.424179e-01	
1235	4.990229e-03	6.423429e-01	
1236	4.990230e-03	6.422679e-01	
1237	4.990231e-03	6.421927e-01	
1238	4.990232e-03	6.421174e-01	
1239	4.990233e-03	6.420419e-01	
1240	4.990234e-03	6.419663e-01	
1241	4.990235e-03	6.418906e-01	
1242	4.990236e-03	6.418148e-01	
1243	4.990237e-03	6.417388e-01	
1244	4.990238e-03	6.416627e-01	
1245	4.990239e-03	6.415864e-01	
1246	4.990240e-03	6.415101e-01	
1247	4.990241e-03	6.414335e-01	
1248	4.990242e-03	6.413569e-01	
1249	4.990243e-03	6.412801e-01	
1250	4.990244e-03	6.412032e-01	
1251	4.990245e-03	6.411261e-01	
1252	4.990246e-03	6.410489e-01	
1253	4.990247e-03	6.409716e-01	
1254	4.990248e-03	6.408941e-01	
1255	4.990249e-03	6.408165e-01	
1256	4.990250e-03	6.407387e-01	
1257	4.990251e-03	6.406608e-01	
1258	4.990252e-03	6.405828e-01	
1259	4.990253e-03	6.405046e-01	
1260	4.990254e-03	6.404263e-01	
1261	4.990255e-03	6.403478e-01	
1262	4.990256e-03	6.402692e-01	
1263	4.990257e-03	6.401905e-01	
1264	4.990258e-03	6.401116e-01	
1265	4.990259e-03	6.400326e-01	
1266	4.990260e-03	6.399534e-01	
1267	4.990261e-03	6.398741e-01	
1268	4.990262e-03	6.397946e-01	
1269	4.990263e-03	6.397150e-01	
1270	4.990264e-03	6.396352e-01	
1271	4.990265e-03	6.395553e-01	
1272	4.990266e-03	6.394752e-01	

Index   time            v(4)            
--------------------------------------------------------------------------------
1273	4.990267e-03	6.393950e-01	
1274	4.990268e-03	6.393146e-01	
1275	4.990269e-03	6.392341e-01	
1276	4.990270e-03	6.391535e-01	
1277	4.990271e-03	6.390726e-01	
1278	4.990272e-03	6.389917e-01	
1279	4.990273e-03	6.389105e-01	
1280	4.990274e-03	6.388293e-01	
1281	4.990275e-03	6.387478e-01	
1282	4.990276e-03	6.386663e-01	
1283	4.990277e-03	6.385845e-01	
1284	4.990278e-03	6.385026e-01	
1285	4.990279e-03	6.384206e-01	
1286	4.990280e-03	6.383384e-01	
1287	4.990281e-03	6.382560e-01	
1288	4.990282e-03	6.381735e-01	
1289	4.990283e-03	6.380908e-01	
1290	4.990284e-03	6.380079e-01	
1291	4.990285e-03	6.379249e-01	
1292	4.990286e-03	6.378418e-01	
1293	4.990287e-03	6.377584e-01	
1294	4.990288e-03	6.376749e-01	
1295	4.990289e-03	6.375913e-01	
1296	4.990290e-03	6.375075e-01	
1297	4.990291e-03	6.374235e-01	
1298	4.990292e-03	6.373393e-01	
1299	4.990293e-03	6.372550e-01	
1300	4.990294e-03	6.371705e-01	
1301	4.990295e-03	6.370859e-01	
1302	4.990296e-03	6.370011e-01	
1303	4.990297e-03	6.369161e-01	
1304	4.990298e-03	6.368309e-01	
1305	4.990299e-03	6.367456e-01	
1306	4.990300e-03	6.366601e-01	
1307	4.990301e-03	6.365745e-01	
1308	4.990302e-03	6.364886e-01	
1309	4.990303e-03	6.364026e-01	
1310	4.990304e-03	6.363164e-01	
1311	4.990305e-03	6.362301e-01	
1312	4.990306e-03	6.361435e-01	
1313	4.990307e-03	6.360568e-01	
1314	4.990308e-03	6.359699e-01	
1315	4.990309e-03	6.358829e-01	
1316	4.990310e-03	6.357956e-01	
1317	4.990311e-03	6.357082e-01	
1318	4.990312e-03	6.356206e-01	
1319	4.990313e-03	6.355328e-01	
1320	4.990314e-03	6.354449e-01	
1321	4.990315e-03	6.353567e-01	
1322	4.990316e-03	6.352684e-01	
1323	4.990317e-03	6.351799e-01	
1324	4.990318e-03	6.350912e-01	
1325	4.990319e-03	6.350023e-01	
1326	4.990320e-03	6.349132e-01	
1327	4.990321e-03	6.348240e-01	
1328	4.990322e-03	6.347345e-01	
1329	4.990323e-03	6.346449e-01	
1330	4.990324e-03	6.345551e-01	

Index   time            v(4)            
--------------------------------------------------------------------------------
1331	4.990325e-03	6.344651e-01	
1332	4.990326e-03	6.343749e-01	
1333	4.990327e-03	6.342845e-01	
1334	4.990328e-03	6.341939e-01	
1335	4.990329e-03	6.341031e-01	
1336	4.990330e-03	6.340121e-01	
1337	4.990331e-03	6.339210e-01	
1338	4.990332e-03	6.338296e-01	
1339	4.990333e-03	6.337380e-01	
1340	4.990334e-03	6.336463e-01	
1341	4.990335e-03	6.335543e-01	
1342	4.990336e-03	6.334621e-01	
1343	4.990337e-03	6.333698e-01	
1344	4.990338e-03	6.332772e-01	
1345	4.990339e-03	6.331845e-01	
1346	4.990340e-03	6.330915e-01	
1347	4.990341e-03	6.329983e-01	
1348	4.990342e-03	6.329049e-01	
1349	4.990343e-03	6.328113e-01	
1350	4.990344e-03	6.327175e-01	
1351	4.990345e-03	6.326235e-01	
1352	4.990346e-03	6.325293e-01	
1353	4.990347e-03	6.324349e-01	
1354	4.990348e-03	6.323403e-01	
1355	4.990349e-03	6.322454e-01	
1356	4.990350e-03	6.321503e-01	
1357	4.990351e-03	6.320551e-01	
1358	4.990352e-03	6.319596e-01	
1359	4.990353e-03	6.318639e-01	
1360	4.990354e-03	6.317679e-01	
1361	4.990355e-03	6.316718e-01	
1362	4.990356e-03	6.315754e-01	
1363	4.990357e-03	6.314789e-01	
1364	4.990358e-03	6.313820e-01	
1365	4.990359e-03	6.312850e-01	
1366	4.990360e-03	6.311878e-01	
1367	4.990361e-03	6.310903e-01	
1368	4.990362e-03	6.309926e-01	
1369	4.990363e-03	6.308946e-01	
1370	4.990364e-03	6.307965e-01	
1371	4.990365e-03	6.306981e-01	
1372	4.990366e-03	6.305995e-01	
1373	4.990367e-03	6.305006e-01	
1374	4.990368e-03	6.304015e-01	
1375	4.990369e-03	6.303022e-01	
1376	4.990370e-03	6.302027e-01	
1377	4.990371e-03	6.301029e-01	
1378	4.990372e-03	6.300028e-01	
1379	4.990373e-03	6.299026e-01	
1380	4.990374e-03	6.298021e-01	
1381	4.990375e-03	6.297013e-01	
1382	4.990376e-03	6.296003e-01	
1383	4.990377e-03	6.294991e-01	
1384	4.990378e-03	6.293976e-01	
1385	4.990379e-03	6.292959e-01	
1386	4.990380e-03	6.291939e-01	
1387	4.990381e-03	6.290917e-01	
1388	4.990382e-03	6.289892e-01	

Index   time            v(4)            
--------------------------------------------------------------------------------
1389	4.990383e-03	6.288865e-01	
1390	4.990384e-03	6.287836e-01	
1391	4.990385e-03	6.286803e-01	
1392	4.990386e-03	6.285768e-01	
1393	4.990387e-03	6.284731e-01	
1394	4.990388e-03	6.283691e-01	
1395	4.990389e-03	6.282649e-01	
1396	4.990390e-03	6.281603e-01	
1397	4.990391e-03	6.280556e-01	
1398	4.990392e-03	6.279505e-01	
1399	4.990393e-03	6.278452e-01	
1400	4.990394e-03	6.277397e-01	
1401	4.990395e-03	6.276338e-01	
1402	4.990396e-03	6.275277e-01	
1403	4.990397e-03	6.274213e-01	
1404	4.990398e-03	6.273147e-01	
1405	4.990399e-03	6.272078e-01	
1406	4.990400e-03	6.271006e-01	
1407	4.990401e-03	6.269931e-01	
1408	4.990402e-03	6.268854e-01	
1409	4.990403e-03	6.267773e-01	
1410	4.990404e-03	6.266690e-01	
1411	4.990405e-03	6.265604e-01	
1412	4.990406e-03	6.264516e-01	
1413	4.990407e-03	6.263424e-01	
1414	4.990408e-03	6.262330e-01	
1415	4.990409e-03	6.261232e-01	
1416	4.990410e-03	6.260132e-01	
1417	4.990411e-03	6.259029e-01	
1418	4.990412e-03	6.257923e-01	
1419	4.990413e-03	6.256814e-01	
1420	4.990414e-03	6.255702e-01	
1421	4.990415e-03	6.254587e-01	
1422	4.990416e-03	6.253469e-01	
1423	4.990417e-03	6.252348e-01	
1424	4.990418e-03	6.251224e-01	
1425	4.990419e-03	6.250097e-01	
1426	4.990420e-03	6.248967e-01	
1427	4.990421e-03	6.247834e-01	
1428	4.990422e-03	6.246698e-01	
1429	4.990423e-03	6.245558e-01	
1430	4.990424e-03	6.244416e-01	
1431	4.990425e-03	6.243270e-01	
1432	4.990426e-03	6.242121e-01	
1433	4.990427e-03	6.240969e-01	
1434	4.990428e-03	6.239814e-01	
1435	4.990429e-03	6.238656e-01	
1436	4.990430e-03	6.237494e-01	
1437	4.990431e-03	6.236329e-01	
1438	4.990432e-03	6.235161e-01	
1439	4.990433e-03	6.233989e-01	
1440	4.990434e-03	6.232814e-01	
1441	4.990435e-03	6.231636e-01	
1442	4.990436e-03	6.230454e-01	
1443	4.990437e-03	6.229269e-01	
1444	4.990438e-03	6.228081e-01	
1445	4.990439e-03	6.226889e-01	
1446	4.990440e-03	6.225694e-01	

Index   time            v(4)            
--------------------------------------------------------------------------------
1447	4.990441e-03	6.224495e-01	
1448	4.990442e-03	6.223293e-01	
1449	4.990443e-03	6.222088e-01	
1450	4.990444e-03	6.220878e-01	
1451	4.990445e-03	6.219666e-01	
1452	4.990446e-03	6.218449e-01	
1453	4.990447e-03	6.217230e-01	
1454	4.990448e-03	6.216006e-01	
1455	4.990449e-03	6.214779e-01	
1456	4.990450e-03	6.213548e-01	
1457	4.990451e-03	6.212314e-01	
1458	4.990452e-03	6.211076e-01	
1459	4.990453e-03	6.209834e-01	
1460	4.990454e-03	6.208588e-01	
1461	4.990455e-03	6.207339e-01	
1462	4.990456e-03	6.206085e-01	
1463	4.990457e-03	6.204828e-01	
1464	4.990458e-03	6.203567e-01	
1465	4.990459e-03	6.202303e-01	
1466	4.990460e-03	6.201034e-01	
1467	4.990461e-03	6.199761e-01	
1468	4.990462e-03	6.198485e-01	
1469	4.990463e-03	6.197205e-01	
1470	4.990464e-03	6.195920e-01	
1471	4.990465e-03	6.194632e-01	
1472	4.990466e-03	6.193339e-01	
1473	4.990467e-03	6.192042e-01	
1474	4.990468e-03	6.190742e-01	
1475	4.990469e-03	6.189437e-01	
1476	4.990470e-03	6.188128e-01	
1477	4.990471e-03	6.186815e-01	
1478	4.990472e-03	6.185497e-01	
1479	4.990473e-03	6.184176e-01	
1480	4.990474e-03	6.182850e-01	
1481	4.990475e-03	6.181520e-01	
1482	4.990476e-03	6.180185e-01	
1483	4.990477e-03	6.178846e-01	
1484	4.990478e-03	6.177503e-01	
1485	4.990479e-03	6.176155e-01	
1486	4.990480e-03	6.174803e-01	
1487	4.990481e-03	6.173447e-01	
1488	4.990482e-03	6.172086e-01	
1489	4.990483e-03	6.170720e-01	
1490	4.990484e-03	6.169350e-01	
1491	4.990485e-03	6.167975e-01	
1492	4.990486e-03	6.166596e-01	
1493	4.990487e-03	6.165212e-01	
1494	4.990488e-03	6.163823e-01	
1495	4.990489e-03	6.162430e-01	
1496	4.990490e-03	6.161031e-01	
1497	4.990491e-03	6.159628e-01	
1498	4.990492e-03	6.158221e-01	
1499	4.990493e-03	6.156808e-01	
1500	4.990494e-03	6.155390e-01	
1501	4.990495e-03	6.153968e-01	
1502	4.990496e-03	6.152540e-01	
1503	4.990497e-03	6.151108e-01	
1504	4.990498e-03	6.149670e-01	

Index   time            v(4)            
--------------------------------------------------------------------------------
1505	4.990499e-03	6.148228e-01	
1506	4.990500e-03	6.146780e-01	
1507	4.990501e-03	6.145327e-01	
1508	4.990502e-03	6.143869e-01	
1509	4.990503e-03	6.142406e-01	
1510	4.990504e-03	6.140937e-01	
1511	4.990505e-03	6.139463e-01	
1512	4.990506e-03	6.137984e-01	
1513	4.990507e-03	6.136499e-01	
1514	4.990508e-03	6.135009e-01	
1515	4.990509e-03	6.133514e-01	
1516	4.990510e-03	6.132013e-01	
1517	4.990511e-03	6.130506e-01	
1518	4.990512e-03	6.128994e-01	
1519	4.990513e-03	6.127476e-01	
1520	4.990514e-03	6.125953e-01	
1521	4.990515e-03	6.124424e-01	
1522	4.990516e-03	6.122889e-01	
1523	4.990517e-03	6.121348e-01	
1524	4.990518e-03	6.119801e-01	
1525	4.990519e-03	6.118249e-01	
1526	4.990520e-03	6.116690e-01	
1527	4.990521e-03	6.115126e-01	
1528	4.990522e-03	6.113555e-01	
1529	4.990523e-03	6.111979e-01	
1530	4.990524e-03	6.110396e-01	
1531	4.990525e-03	6.108807e-01	
1532	4.990526e-03	6.107212e-01	
1533	4.990527e-03	6.105610e-01	
1534	4.990528e-03	6.104002e-01	
1535	4.990529e-03	6.102388e-01	
1536	4.990530e-03	6.100768e-01	
1537	4.990531e-03	6.099140e-01	
1538	4.990532e-03	6.097507e-01	
1539	4.990533e-03	6.095866e-01	
1540	4.990534e-03	6.094219e-01	
1541	4.990535e-03	6.092566e-01	
1542	4.990536e-03	6.090905e-01	
1543	4.990537e-03	6.089238e-01	
1544	4.990538e-03	6.087564e-01	
1545	4.990539e-03	6.085882e-01	
1546	4.990540e-03	6.084194e-01	
1547	4.990541e-03	6.082499e-01	
1548	4.990542e-03	6.080797e-01	
1549	4.990543e-03	6.079087e-01	
1550	4.990544e-03	6.077370e-01	
1551	4.990545e-03	6.075646e-01	
1552	4.990546e-03	6.073914e-01	
1553	4.990547e-03	6.072175e-01	
1554	4.990548e-03	6.070429e-01	
1555	4.990549e-03	6.068675e-01	
1556	4.990550e-03	6.066913e-01	
1557	4.990551e-03	6.065144e-01	
1558	4.990552e-03	6.063366e-01	
1559	4.990553e-03	6.061581e-01	
1560	4.990554e-03	6.059788e-01	
1561	4.990555e-03	6.057987e-01	
1562	4.990556e-03	6.056178e-01	

Index   time            v(4)            
--------------------------------------------------------------------------------
1563	4.990557e-03	6.054361e-01	
1564	4.990558e-03	6.052535e-01	
1565	4.990559e-03	6.050701e-01	
1566	4.990560e-03	6.048859e-01	
1567	4.990561e-03	6.047009e-01	
1568	4.990562e-03	6.045149e-01	
1569	4.990563e-03	6.043282e-01	
1570	4.990564e-03	6.041405e-01	
1571	4.990565e-03	6.039520e-01	
1572	4.990566e-03	6.037626e-01	
1573	4.990567e-03	6.035722e-01	
1574	4.990568e-03	6.033810e-01	
1575	4.990569e-03	6.031889e-01	
1576	4.990570e-03	6.029958e-01	
1577	4.990571e-03	6.028019e-01	
1578	4.990572e-03	6.026069e-01	
1579	4.990573e-03	6.024111e-01	
1580	4.990574e-03	6.022142e-01	
1581	4.990575e-03	6.020164e-01	
1582	4.990576e-03	6.018176e-01	
1583	4.990577e-03	6.016179e-01	
1584	4.990578e-03	6.014171e-01	
1585	4.990579e-03	6.012153e-01	
1586	4.990580e-03	6.010125e-01	
1587	4.990581e-03	6.008087e-01	
1588	4.990582e-03	6.006038e-01	
1589	4.990583e-03	6.003979e-01	
1590	4.990584e-03	6.001909e-01	
1591	4.990585e-03	5.999828e-01	
1592	4.990586e-03	5.997737e-01	
1593	4.990587e-03	5.995634e-01	
1594	4.990588e-03	5.993521e-01	
1595	4.990589e-03	5.991396e-01	
1596	4.990590e-03	5.989260e-01	
1597	4.990591e-03	5.987112e-01	
1598	4.990592e-03	5.984953e-01	
1599	4.990593e-03	5.982782e-01	
1600	4.990594e-03	5.980599e-01	
1601	4.990595e-03	5.978405e-01	
1602	4.990596e-03	5.976198e-01	
1603	4.990597e-03	5.973979e-01	
1604	4.990598e-03	5.971747e-01	
1605	4.990599e-03	5.969503e-01	
1606	4.990600e-03	5.967247e-01	
1607	4.990601e-03	5.964977e-01	
1608	4.990602e-03	5.962695e-01	
1609	4.990603e-03	5.960399e-01	
1610	4.990604e-03	5.958090e-01	
1611	4.990605e-03	5.955768e-01	
1612	4.990606e-03	5.953432e-01	
1613	4.990607e-03	5.951082e-01	
1614	4.990608e-03	5.948719e-01	
1615	4.990609e-03	5.946341e-01	
1616	4.990610e-03	5.943949e-01	
1617	4.990611e-03	5.941543e-01	
1618	4.990612e-03	5.939122e-01	
1619	4.990613e-03	5.936686e-01	
1620	4.990614e-03	5.934235e-01	

Index   time            v(4)            
--------------------------------------------------------------------------------
1621	4.990615e-03	5.931769e-01	
1622	4.990616e-03	5.929288e-01	
1623	4.990617e-03	5.926791e-01	
1624	4.990618e-03	5.924278e-01	
1625	4.990619e-03	5.921750e-01	
1626	4.990620e-03	5.919205e-01	
1627	4.990621e-03	5.916644e-01	
1628	4.990622e-03	5.914066e-01	
1629	4.990623e-03	5.911471e-01	
1630	4.990624e-03	5.908859e-01	
1631	4.990625e-03	5.906230e-01	
1632	4.990626e-03	5.903584e-01	
1633	4.990627e-03	5.900919e-01	
1634	4.990628e-03	5.898237e-01	
1635	4.990629e-03	5.895537e-01	
1636	4.990630e-03	5.892818e-01	
1637	4.990631e-03	5.890080e-01	
1638	4.990632e-03	5.887323e-01	
1639	4.990633e-03	5.884547e-01	
1640	4.990634e-03	5.881751e-01	
1641	4.990635e-03	5.878936e-01	
1642	4.990636e-03	5.876100e-01	
1643	4.990637e-03	5.873244e-01	
1644	4.990638e-03	5.870367e-01	
1645	4.990639e-03	5.867469e-01	
1646	4.990640e-03	5.864550e-01	
1647	4.990641e-03	5.861609e-01	
1648	4.990642e-03	5.858646e-01	
1649	4.990643e-03	5.855661e-01	
1650	4.990644e-03	5.852653e-01	
1651	4.990645e-03	5.849622e-01	
1652	4.990646e-03	5.846567e-01	
1653	4.990647e-03	5.843489e-01	
1654	4.990648e-03	5.840387e-01	
1655	4.990649e-03	5.837260e-01	
1656	4.990650e-03	5.834108e-01	
1657	4.990651e-03	5.830931e-01	
1658	4.990652e-03	5.827728e-01	
1659	4.990653e-03	5.824498e-01	
1660	4.990654e-03	5.821243e-01	
1661	4.990655e-03	5.817960e-01	
1662	4.990656e-03	5.814649e-01	
1663	4.990657e-03	5.811311e-01	
1664	4.990658e-03	5.807944e-01	
1665	4.990659e-03	5.804548e-01	
1666	4.990660e-03	5.801122e-01	
1667	4.990661e-03	5.797667e-01	
1668	4.990662e-03	5.794181e-01	
1669	4.990663e-03	5.790664e-01	
1670	4.990664e-03	5.787115e-01	
1671	4.990665e-03	5.783534e-01	
1672	4.990666e-03	5.779920e-01	
1673	4.990667e-03	5.776273e-01	
1674	4.990668e-03	5.772591e-01	
1675	4.990669e-03	5.768875e-01	
1676	4.990670e-03	5.765123e-01	
1677	4.990671e-03	5.761335e-01	
1678	4.990672e-03	5.757510e-01	

Index   time            v(4)            
--------------------------------------------------------------------------------
1679	4.990673e-03	5.753648e-01	
1680	4.990674e-03	5.749748e-01	
1681	4.990675e-03	5.745808e-01	
1682	4.990676e-03	5.741828e-01	
1683	4.990677e-03	5.737808e-01	
1684	4.990678e-03	5.733746e-01	
1685	4.990679e-03	5.729642e-01	
1686	4.990680e-03	5.725494e-01	
1687	4.990681e-03	5.721302e-01	
1688	4.990682e-03	5.717065e-01	
1689	4.990683e-03	5.712782e-01	
1690	4.990684e-03	5.708451e-01	
1691	4.990685e-03	5.704072e-01	
1692	4.990686e-03	5.699643e-01	
1693	4.990687e-03	5.695164e-01	
1694	4.990688e-03	5.690633e-01	
1695	4.990689e-03	5.686049e-01	
1696	4.990690e-03	5.681411e-01	
1697	4.990691e-03	5.676717e-01	
1698	4.990692e-03	5.671966e-01	
1699	4.990693e-03	5.667157e-01	
1700	4.990694e-03	5.662288e-01	
1701	4.990695e-03	5.657358e-01	
1702	4.990696e-03	5.652365e-01	
1703	4.990697e-03	5.647308e-01	
1704	4.990698e-03	5.642184e-01	
1705	4.990699e-03	5.636992e-01	
1706	4.990700e-03	5.631730e-01	
1707	4.990701e-03	5.626396e-01	
1708	4.990702e-03	5.620989e-01	
1709	4.990703e-03	5.615506e-01	
1710	4.990704e-03	5.609945e-01	
1711	4.990705e-03	5.604303e-01	
1712	4.990706e-03	5.598579e-01	
1713	4.990707e-03	5.592769e-01	
1714	4.990708e-03	5.586872e-01	
1715	4.990709e-03	5.580884e-01	
1716	4.990710e-03	5.574804e-01	
1717	4.990711e-03	5.568626e-01	
1718	4.990712e-03	5.562350e-01	
1719	4.990713e-03	5.555970e-01	
1720	4.990714e-03	5.549485e-01	
1721	4.990715e-03	5.542890e-01	
1722	4.990716e-03	5.536181e-01	
1723	4.990717e-03	5.529355e-01	
1724	4.990718e-03	5.522407e-01	
1725	4.990719e-03	5.515334e-01	
1726	4.990720e-03	5.508129e-01	
1727	4.990721e-03	5.500788e-01	
1728	4.990722e-03	5.493306e-01	
1729	4.990723e-03	5.485678e-01	
1730	4.990724e-03	5.477897e-01	
1731	4.990725e-03	5.469958e-01	
1732	4.990726e-03	5.461853e-01	
1733	4.990727e-03	5.453575e-01	
1734	4.990728e-03	5.445118e-01	
1735	4.990729e-03	5.436473e-01	
1736	4.990730e-03	5.427631e-01	

Index   time            v(4)            
--------------------------------------------------------------------------------
1737	4.990731e-03	5.418583e-01	
1738	4.990732e-03	5.409320e-01	
1739	4.990733e-03	5.399830e-01	
1740	4.990734e-03	5.390103e-01	
1741	4.990735e-03	5.380126e-01	
1742	4.990736e-03	5.369886e-01	
1743	4.990737e-03	5.359369e-01	
1744	4.990738e-03	5.348559e-01	
1745	4.990739e-03	5.337439e-01	
1746	4.990740e-03	5.325991e-01	
1747	4.990741e-03	5.314196e-01	
1748	4.990742e-03	5.302031e-01	
1749	4.990743e-03	5.289472e-01	
1750	4.990744e-03	5.276493e-01	
1751	4.990745e-03	5.263065e-01	
1752	4.990746e-03	5.249156e-01	
1753	4.990747e-03	5.234729e-01	
1754	4.990748e-03	5.219745e-01	
1755	4.990749e-03	5.204159e-01	
1756	4.990750e-03	5.187921e-01	
1757	4.990751e-03	5.170972e-01	
1758	4.990752e-03	5.153250e-01	
1759	4.990753e-03	5.134678e-01	
1760	4.990754e-03	5.115173e-01	
1761	4.990755e-03	5.094634e-01	
1762	4.990756e-03	5.072948e-01	
1763	4.990757e-03	5.049977e-01	
1764	4.990758e-03	5.025561e-01	
1765	4.990759e-03	4.999506e-01	
1766	4.990760e-03	4.971575e-01	
1767	4.990761e-03	4.941481e-01	
1768	4.990762e-03	4.908860e-01	
1769	4.990763e-03	4.873251e-01	
1770	4.990764e-03	4.834054e-01	
1771	4.990765e-03	4.790473e-01	
1772	4.990766e-03	4.741410e-01	
1773	4.990767e-03	4.685305e-01	
1774	4.990768e-03	4.619830e-01	
1775	4.990769e-03	4.541298e-01	
1776	4.990770e-03	4.443380e-01	
1777	4.990771e-03	4.313901e-01	
1778	4.990772e-03	4.120204e-01	
1779	4.990773e-03	3.739640e-01	
1780	4.990774e-03	1.852927e-01	
1781	4.990775e-03	-1.88573e-01	
1782	4.990776e-03	-4.66989e-01	
1783	4.990777e-03	-6.58331e-01	
1784	4.990778e-03	-7.84278e-01	
1785	4.990779e-03	-8.65070e-01	
1786	4.990780e-03	-9.16031e-01	
1787	4.990781e-03	-9.47882e-01	
1788	4.990782e-03	-9.67742e-01	
1789	4.990783e-03	-9.80069e-01	
1790	4.990784e-03	-9.87699e-01	
1791	4.990785e-03	-9.92413e-01	
1792	4.990786e-03	-9.95323e-01	
1793	4.990787e-03	-9.97117e-01	
1794	4.990788e-03	-9.98224e-01	

Index   time            v(4)            
--------------------------------------------------------------------------------
1795	4.990789e-03	-9.98905e-01	
1796	4.990790e-03	-9.99326e-01	
1797	4.990791e-03	-9.99584e-01	
1798	4.990792e-03	-9.99744e-01	
1799	4.990793e-03	-9.99842e-01	
1800	4.990794e-03	-9.99903e-01	
1801	4.990795e-03	-9.99940e-01	
1802	4.990796e-03	-9.99963e-01	
1803	4.990797e-03	-9.99977e-01	
1804	4.990798e-03	-9.99986e-01	
1805	4.990799e-03	-9.99991e-01	
1806	4.990800e-03	-9.99995e-01	
1807	4.990801e-03	-9.99997e-01	
1808	4.990802e-03	-9.99998e-01	
1809	4.990803e-03	-9.99999e-01	
1810	4.990804e-03	-9.99999e-01	
1811	4.990805e-03	-1.00000e+00	
1812	4.990806e-03	-1.00000e+00	
1813	4.990807e-03	-1.00000e+00	
1814	4.990808e-03	-1.00000e+00	
1815	4.990809e-03	-1.00000e+00	
1816	4.990810e-03	-1.00000e+00	
1817	4.990811e-03	-1.00000e+00	
1818	4.990812e-03	-1.00000e+00	
1819	4.990813e-03	-1.00000e+00	
1820	4.990814e-03	-1.00000e+00	
1821	4.990815e-03	-1.00000e+00	
1822	4.990816e-03	-1.00000e+00	
1823	4.990817e-03	-1.00000e+00	
1824	4.990818e-03	-1.00000e+00	
1825	4.990819e-03	-1.00000e+00	
1826	4.990820e-03	-1.00000e+00	
1827	4.990821e-03	-1.00000e+00	
1828	4.990822e-03	-1.00000e+00	
1829	4.990823e-03	-1.00000e+00	
1830	4.990824e-03	-1.00000e+00	
1831	4.990825e-03	-1.00000e+00	
1832	4.990826e-03	-1.00000e+00	
1833	4.990827e-03	-1.00000e+00	
1834	4.990828e-03	-1.00000e+00	
1835	4.990829e-03	-1.00000e+00	
1836	4.990830e-03	-1.00000e+00	
1837	4.990831e-03	-1.00000e+00	
1838	4.990832e-03	-1.00000e+00	
1839	4.990833e-03	-1.00000e+00	
1840	4.990834e-03	-1.00000e+00	
1841	4.990835e-03	-1.00000e+00	
1842	4.990836e-03	-1.00000e+00	
1843	4.990837e-03	-1.00000e+00	
1844	4.990838e-03	-1.00000e+00	
1845	4.990839e-03	-1.00000e+00	
1846	4.990840e-03	-1.00000e+00	
1847	4.990841e-03	-1.00000e+00	
1848	4.990842e-03	-1.00000e+00	
1849	4.990843e-03	-1.00000e+00	
1850	4.990844e-03	-1.00000e+00	
1851	4.990845e-03	-1.00000e+00	
1852	4.990846e-03	-1.00000e+00	

Index   time            v(4)            
--------------------------------------------------------------------------------
1853	4.990847e-03	-1.00000e+00	
1854	4.990848e-03	-1.00000e+00	
1855	4.990849e-03	-1.00000e+00	
1856	4.990850e-03	-1.00000e+00	
1857	4.990851e-03	-1.00000e+00	
1858	4.990852e-03	-1.00000e+00	
1859	4.990853e-03	-1.00000e+00	
1860	4.990854e-03	-1.00000e+00	
1861	4.990855e-03	-1.00000e+00	
1862	4.990856e-03	-1.00000e+00	
1863	4.990857e-03	-1.00000e+00	
1864	4.990858e-03	-1.00000e+00	
1865	4.990859e-03	-1.00000e+00	
1866	4.990860e-03	-1.00000e+00	
1867	4.990861e-03	-1.00000e+00	
1868	4.990862e-03	-1.00000e+00	
1869	4.990863e-03	-1.00000e+00	
1870	4.990864e-03	-1.00000e+00	
1871	4.990865e-03	-1.00000e+00	
1872	4.990866e-03	-1.00000e+00	
1873	4.990867e-03	-1.00000e+00	
1874	4.990868e-03	-1.00000e+00	
1875	4.990869e-03	-1.00000e+00	
1876	4.990870e-03	-1.00000e+00	
1877	4.990871e-03	-1.00000e+00	
1878	4.990872e-03	-1.00000e+00	
1879	4.990873e-03	-1.00000e+00	
1880	4.990874e-03	-1.00000e+00	
1881	4.990875e-03	-1.00000e+00	
1882	4.990876e-03	-1.00000e+00	
1883	4.990877e-03	-1.00000e+00	
1884	4.990878e-03	-1.00000e+00	
1885	4.990879e-03	-1.00000e+00	
1886	4.990880e-03	-1.00000e+00	
1887	4.990881e-03	-1.00000e+00	
1888	4.990882e-03	-1.00000e+00	
1889	4.990883e-03	-1.00000e+00	
1890	4.990884e-03	-1.00000e+00	
1891	4.990885e-03	-1.00000e+00	
1892	4.990886e-03	-1.00000e+00	
1893	4.990887e-03	-1.00000e+00	
1894	4.990888e-03	-1.00000e+00	
1895	4.990889e-03	-1.00000e+00	
1896	4.990890e-03	-1.00000e+00	
1897	4.990891e-03	-1.00000e+00	
1898	4.990892e-03	-1.00000e+00	
1899	4.990893e-03	-1.00000e+00	
1900	4.990894e-03	-1.00000e+00	
1901	4.990895e-03	-1.00000e+00	
1902	4.990896e-03	-1.00000e+00	
1903	4.990897e-03	-1.00000e+00	
1904	4.990898e-03	-1.00000e+00	
1905	4.990899e-03	-1.00000e+00	
1906	4.990900e-03	-1.00000e+00	
1907	4.990901e-03	-1.00000e+00	
1908	4.990902e-03	-1.00000e+00	
1909	4.990903e-03	-1.00000e+00	
1910	4.990904e-03	-1.00000e+00	

Index   time            v(4)            
--------------------------------------------------------------------------------
1911	4.990905e-03	-1.00000e+00	
1912	4.990906e-03	-1.00000e+00	
1913	4.990907e-03	-1.00000e+00	
1914	4.990908e-03	-1.00000e+00	
1915	4.990909e-03	-1.00000e+00	
1916	4.990910e-03	-1.00000e+00	
1917	4.990911e-03	-1.00000e+00	
1918	4.990912e-03	-1.00000e+00	
1919	4.990913e-03	-1.00000e+00	
1920	4.990914e-03	-1.00000e+00	
1921	4.990915e-03	-1.00000e+00	
1922	4.990916e-03	-1.00000e+00	
1923	4.990917e-03	-1.00000e+00	
1924	4.990918e-03	-1.00000e+00	
1925	4.990919e-03	-1.00000e+00	
1926	4.990920e-03	-1.00000e+00	
1927	4.990921e-03	-1.00000e+00	
1928	4.990922e-03	-1.00000e+00	
1929	4.990923e-03	-1.00000e+00	
1930	4.990924e-03	-1.00000e+00	
1931	4.990925e-03	-1.00000e+00	
1932	4.990926e-03	-1.00000e+00	
1933	4.990927e-03	-1.00000e+00	
1934	4.990928e-03	-1.00000e+00	
1935	4.990929e-03	-1.00000e+00	
1936	4.990930e-03	-1.00000e+00	
1937	4.990931e-03	-1.00000e+00	
1938	4.990932e-03	-1.00000e+00	
1939	4.990933e-03	-1.00000e+00	
1940	4.990934e-03	-1.00000e+00	
1941	4.990935e-03	-1.00000e+00	
1942	4.990936e-03	-1.00000e+00	
1943	4.990937e-03	-1.00000e+00	
1944	4.990938e-03	-1.00000e+00	
1945	4.990939e-03	-1.00000e+00	
1946	4.990940e-03	-1.00000e+00	
1947	4.990941e-03	-1.00000e+00	
1948	4.990942e-03	-1.00000e+00	
1949	4.990943e-03	-1.00000e+00	
1950	4.990944e-03	-1.00000e+00	
1951	4.990945e-03	-1.00000e+00	
1952	4.990946e-03	-1.00000e+00	
1953	4.990947e-03	-1.00000e+00	
1954	4.990948e-03	-1.00000e+00	
1955	4.990949e-03	-1.00000e+00	
1956	4.990950e-03	-1.00000e+00	
1957	4.990951e-03	-1.00000e+00	
1958	4.990952e-03	-1.00000e+00	
1959	4.990953e-03	-1.00000e+00	
1960	4.990954e-03	-1.00000e+00	
1961	4.990955e-03	-1.00000e+00	
1962	4.990956e-03	-1.00000e+00	
1963	4.990957e-03	-1.00000e+00	
1964	4.990958e-03	-1.00000e+00	
1965	4.990959e-03	-1.00000e+00	
1966	4.990960e-03	-1.00000e+00	
1967	4.990961e-03	-1.00000e+00	
1968	4.990962e-03	-1.00000e+00	

Index   time            v(4)            
--------------------------------------------------------------------------------
1969	4.990963e-03	-1.00000e+00	
1970	4.990964e-03	-1.00000e+00	
1971	4.990965e-03	-1.00000e+00	
1972	4.990966e-03	-1.00000e+00	
1973	4.990967e-03	-1.00000e+00	
1974	4.990968e-03	-1.00000e+00	
1975	4.990969e-03	-1.00000e+00	
1976	4.990970e-03	-1.00000e+00	
1977	4.990971e-03	-1.00000e+00	
1978	4.990972e-03	-1.00000e+00	
1979	4.990973e-03	-1.00000e+00	
1980	4.990974e-03	-1.00000e+00	
1981	4.990975e-03	-1.00000e+00	
1982	4.990976e-03	-1.00000e+00	
1983	4.990977e-03	-1.00000e+00	
1984	4.990978e-03	-1.00000e+00	
1985	4.990979e-03	-1.00000e+00	
1986	4.990980e-03	-1.00000e+00	
1987	4.990981e-03	-1.00000e+00	
1988	4.990982e-03	-1.00000e+00	
1989	4.990983e-03	-1.00000e+00	
1990	4.990984e-03	-1.00000e+00	
1991	4.990985e-03	-1.00000e+00	
1992	4.990986e-03	-1.00000e+00	
1993	4.990987e-03	-1.00000e+00	
1994	4.990988e-03	-1.00000e+00	
1995	4.990989e-03	-1.00000e+00	
1996	4.990990e-03	-1.00000e+00	
1997	4.990991e-03	-1.00000e+00	
1998	4.990992e-03	-1.00000e+00	
1999	4.990993e-03	-1.00000e+00	
2000	4.990994e-03	-1.00000e+00	
2001	4.990995e-03	-1.00000e+00	
2002	4.990996e-03	-1.00000e+00	
2003	4.990997e-03	-1.00000e+00	
2004	4.990998e-03	-1.00000e+00	
2005	4.990999e-03	-1.00000e+00	
2006	4.991000e-03	-1.00000e+00	
