                       bat85 diode recovery time at 1khz
                       Transient Analysis  Sun Aug 21 12:05:08  2022
--------------------------------------------------------------------------------
Index   time            i(vbat85)       
--------------------------------------------------------------------------------
0	2.999900e-03	7.074019e-03	
1	2.999901e-03	7.074019e-03	
2	2.999902e-03	7.074019e-03	
3	2.999903e-03	7.074019e-03	
4	2.999904e-03	7.074019e-03	
5	2.999905e-03	7.074019e-03	
6	2.999906e-03	7.074019e-03	
7	2.999907e-03	7.074019e-03	
8	2.999908e-03	7.074019e-03	
9	2.999909e-03	7.074019e-03	
10	2.999910e-03	7.074019e-03	
11	2.999911e-03	7.074019e-03	
12	2.999912e-03	7.074019e-03	
13	2.999913e-03	7.074019e-03	
14	2.999914e-03	7.074019e-03	
15	2.999915e-03	7.074019e-03	
16	2.999916e-03	7.074019e-03	
17	2.999917e-03	7.074019e-03	
18	2.999918e-03	7.074019e-03	
19	2.999919e-03	7.074019e-03	
20	2.999920e-03	7.074019e-03	
21	2.999921e-03	7.074019e-03	
22	2.999922e-03	7.074019e-03	
23	2.999923e-03	7.074019e-03	
24	2.999924e-03	7.074019e-03	
25	2.999925e-03	7.074019e-03	
26	2.999926e-03	7.074019e-03	
27	2.999927e-03	7.074019e-03	
28	2.999928e-03	7.074019e-03	
29	2.999929e-03	7.074019e-03	
30	2.999930e-03	7.074019e-03	
31	2.999931e-03	7.074019e-03	
32	2.999932e-03	7.074019e-03	
33	2.999933e-03	7.074019e-03	
34	2.999934e-03	7.074019e-03	
35	2.999935e-03	7.074019e-03	
36	2.999936e-03	7.074019e-03	
37	2.999937e-03	7.074019e-03	
38	2.999938e-03	7.074019e-03	
39	2.999939e-03	7.074019e-03	
40	2.999940e-03	7.074019e-03	
41	2.999941e-03	7.074019e-03	
42	2.999942e-03	7.074019e-03	
43	2.999943e-03	7.074019e-03	
44	2.999944e-03	7.074019e-03	
45	2.999945e-03	7.074019e-03	
46	2.999946e-03	7.074019e-03	
47	2.999947e-03	7.074019e-03	
48	2.999948e-03	7.074019e-03	
49	2.999949e-03	7.074019e-03	
50	2.999950e-03	7.074019e-03	
51	2.999951e-03	7.074019e-03	
52	2.999952e-03	7.074019e-03	
53	2.999953e-03	7.074019e-03	
54	2.999954e-03	7.074019e-03	

Index   time            i(vbat85)       
--------------------------------------------------------------------------------
55	2.999955e-03	7.074019e-03	
56	2.999956e-03	7.074019e-03	
57	2.999957e-03	7.074019e-03	
58	2.999958e-03	7.074019e-03	
59	2.999959e-03	7.074019e-03	
60	2.999960e-03	7.074019e-03	
61	2.999961e-03	7.074019e-03	
62	2.999962e-03	7.074019e-03	
63	2.999963e-03	7.074019e-03	
64	2.999964e-03	7.074019e-03	
65	2.999965e-03	7.074019e-03	
66	2.999966e-03	7.074019e-03	
67	2.999967e-03	7.074019e-03	
68	2.999968e-03	7.074019e-03	
69	2.999969e-03	7.074019e-03	
70	2.999970e-03	7.074019e-03	
71	2.999971e-03	7.074019e-03	
72	2.999972e-03	7.074019e-03	
73	2.999973e-03	7.074019e-03	
74	2.999974e-03	7.074019e-03	
75	2.999975e-03	7.074019e-03	
76	2.999976e-03	7.074019e-03	
77	2.999977e-03	7.074019e-03	
78	2.999978e-03	7.074019e-03	
79	2.999979e-03	7.074019e-03	
80	2.999980e-03	7.074019e-03	
81	2.999981e-03	7.074019e-03	
82	2.999982e-03	7.074019e-03	
83	2.999983e-03	7.074019e-03	
84	2.999984e-03	7.074019e-03	
85	2.999985e-03	7.074019e-03	
86	2.999986e-03	7.074019e-03	
87	2.999987e-03	7.074019e-03	
88	2.999988e-03	7.074019e-03	
89	2.999989e-03	7.074019e-03	
90	2.999990e-03	7.074019e-03	
91	2.999991e-03	7.074019e-03	
92	2.999992e-03	7.074019e-03	
93	2.999993e-03	7.074019e-03	
94	2.999994e-03	7.074019e-03	
95	2.999995e-03	7.074019e-03	
96	2.999996e-03	7.074019e-03	
97	2.999997e-03	7.074019e-03	
98	2.999998e-03	7.074019e-03	
99	2.999999e-03	7.074019e-03	
100	3.000000e-03	7.074019e-03	
101	3.000001e-03	7.074019e-03	
102	3.000001e-03	5.153465e-03	
103	3.000001e-03	1.366661e-03	
104	3.000002e-03	-5.78866e-03	
105	3.000002e-03	-1.03677e-02	
106	3.000002e-03	-1.01009e-02	
107	3.000002e-03	-9.51777e-03	
108	3.000002e-03	-8.28036e-03	
109	3.000003e-03	-5.92640e-03	
110	3.000003e-03	-2.61032e-03	
111	3.000004e-03	-4.22182e-04	
112	3.000005e-03	-7.63830e-05	

Index   time            i(vbat85)       
--------------------------------------------------------------------------------
113	3.000006e-03	-1.09589e-05	
114	3.000007e-03	-1.73302e-06	
115	3.000008e-03	-4.37543e-07	
116	3.000009e-03	-2.55746e-07	
117	3.000010e-03	-2.30235e-07	
118	3.000011e-03	-2.26645e-07	
119	3.000012e-03	-2.26141e-07	
120	3.000013e-03	-2.26071e-07	
121	3.000014e-03	-2.26061e-07	
122	3.000015e-03	-2.26059e-07	
123	3.000016e-03	-2.26059e-07	
124	3.000017e-03	-2.26059e-07	
125	3.000018e-03	-2.26059e-07	
126	3.000019e-03	-2.26059e-07	
127	3.000020e-03	-2.26059e-07	
128	3.000021e-03	-2.26059e-07	
129	3.000022e-03	-2.26059e-07	
130	3.000023e-03	-2.26059e-07	
131	3.000024e-03	-2.26059e-07	
132	3.000025e-03	-2.26059e-07	
133	3.000026e-03	-2.26059e-07	
134	3.000027e-03	-2.26059e-07	
135	3.000028e-03	-2.26059e-07	
136	3.000029e-03	-2.26059e-07	
137	3.000030e-03	-2.26059e-07	
138	3.000031e-03	-2.26059e-07	
139	3.000032e-03	-2.26059e-07	
140	3.000033e-03	-2.26059e-07	
141	3.000034e-03	-2.26059e-07	
142	3.000035e-03	-2.26059e-07	
143	3.000036e-03	-2.26059e-07	
144	3.000037e-03	-2.26059e-07	
145	3.000038e-03	-2.26059e-07	
146	3.000039e-03	-2.26059e-07	
147	3.000040e-03	-2.26059e-07	
148	3.000041e-03	-2.26059e-07	
149	3.000042e-03	-2.26059e-07	
150	3.000043e-03	-2.26059e-07	
151	3.000044e-03	-2.26059e-07	
152	3.000045e-03	-2.26059e-07	
153	3.000046e-03	-2.26059e-07	
154	3.000047e-03	-2.26059e-07	
155	3.000048e-03	-2.26059e-07	
156	3.000049e-03	-2.26059e-07	
157	3.000050e-03	-2.26059e-07	
158	3.000051e-03	-2.26059e-07	
159	3.000052e-03	-2.26059e-07	
160	3.000053e-03	-2.26059e-07	
161	3.000054e-03	-2.26059e-07	
162	3.000055e-03	-2.26059e-07	
163	3.000056e-03	-2.26059e-07	
164	3.000057e-03	-2.26059e-07	
165	3.000058e-03	-2.26059e-07	
166	3.000059e-03	-2.26059e-07	
167	3.000060e-03	-2.26059e-07	
168	3.000061e-03	-2.26059e-07	
169	3.000062e-03	-2.26059e-07	
170	3.000063e-03	-2.26059e-07	

Index   time            i(vbat85)       
--------------------------------------------------------------------------------
171	3.000064e-03	-2.26059e-07	
172	3.000065e-03	-2.26059e-07	
173	3.000066e-03	-2.26059e-07	
174	3.000067e-03	-2.26059e-07	
175	3.000068e-03	-2.26059e-07	
176	3.000069e-03	-2.26059e-07	
177	3.000070e-03	-2.26059e-07	
178	3.000071e-03	-2.26059e-07	
179	3.000072e-03	-2.26059e-07	
180	3.000073e-03	-2.26059e-07	
181	3.000074e-03	-2.26059e-07	
182	3.000075e-03	-2.26059e-07	
183	3.000076e-03	-2.26059e-07	
184	3.000077e-03	-2.26059e-07	
185	3.000078e-03	-2.26059e-07	
186	3.000079e-03	-2.26059e-07	
187	3.000080e-03	-2.26059e-07	
188	3.000081e-03	-2.26059e-07	
189	3.000082e-03	-2.26059e-07	
190	3.000083e-03	-2.26059e-07	
191	3.000084e-03	-2.26059e-07	
192	3.000085e-03	-2.26059e-07	
193	3.000086e-03	-2.26059e-07	
194	3.000087e-03	-2.26059e-07	
195	3.000088e-03	-2.26059e-07	
196	3.000089e-03	-2.26059e-07	
197	3.000090e-03	-2.26059e-07	
198	3.000091e-03	-2.26059e-07	
199	3.000092e-03	-2.26059e-07	
200	3.000093e-03	-2.26059e-07	
201	3.000094e-03	-2.26059e-07	
202	3.000095e-03	-2.26059e-07	
203	3.000096e-03	-2.26059e-07	
204	3.000097e-03	-2.26059e-07	
205	3.000098e-03	-2.26059e-07	
206	3.000099e-03	-2.26059e-07	
207	3.000100e-03	-2.26059e-07	
