                      bat85 diode recovery time at 100khz
                      Transient Analysis  Sun Aug 21 12:06:08  2022
--------------------------------------------------------------------------------
Index   time            v(5)            
--------------------------------------------------------------------------------
0	9.899000e-04	2.925981e-01	
1	9.899001e-04	2.925981e-01	
2	9.899002e-04	2.925981e-01	
3	9.899003e-04	2.925981e-01	
4	9.899004e-04	2.925981e-01	
5	9.899005e-04	2.925981e-01	
6	9.899006e-04	2.925981e-01	
7	9.899007e-04	2.925981e-01	
8	9.899008e-04	2.925981e-01	
9	9.899009e-04	2.925981e-01	
10	9.899010e-04	2.925981e-01	
11	9.899011e-04	2.925981e-01	
12	9.899012e-04	2.925981e-01	
13	9.899013e-04	2.925981e-01	
14	9.899014e-04	2.925981e-01	
15	9.899015e-04	2.925981e-01	
16	9.899016e-04	2.925981e-01	
17	9.899017e-04	2.925981e-01	
18	9.899018e-04	2.925981e-01	
19	9.899019e-04	2.925981e-01	
20	9.899020e-04	2.925981e-01	
21	9.899021e-04	2.925981e-01	
22	9.899022e-04	2.925981e-01	
23	9.899023e-04	2.925981e-01	
24	9.899024e-04	2.925981e-01	
25	9.899025e-04	2.925981e-01	
26	9.899026e-04	2.925981e-01	
27	9.899027e-04	2.925981e-01	
28	9.899028e-04	2.925981e-01	
29	9.899029e-04	2.925981e-01	
30	9.899030e-04	2.925981e-01	
31	9.899031e-04	2.925981e-01	
32	9.899032e-04	2.925981e-01	
33	9.899033e-04	2.925981e-01	
34	9.899034e-04	2.925981e-01	
35	9.899035e-04	2.925981e-01	
36	9.899036e-04	2.925981e-01	
37	9.899037e-04	2.925981e-01	
38	9.899038e-04	2.925981e-01	
39	9.899039e-04	2.925981e-01	
40	9.899040e-04	2.925981e-01	
41	9.899041e-04	2.925981e-01	
42	9.899042e-04	2.925981e-01	
43	9.899043e-04	2.925981e-01	
44	9.899044e-04	2.925981e-01	
45	9.899045e-04	2.925981e-01	
46	9.899046e-04	2.925981e-01	
47	9.899047e-04	2.925981e-01	
48	9.899048e-04	2.925981e-01	
49	9.899049e-04	2.925981e-01	
50	9.899050e-04	2.925981e-01	
51	9.899051e-04	2.925981e-01	
52	9.899052e-04	2.925981e-01	
53	9.899053e-04	2.925981e-01	
54	9.899054e-04	2.925981e-01	

Index   time            v(5)            
--------------------------------------------------------------------------------
55	9.899055e-04	2.925981e-01	
56	9.899056e-04	2.925981e-01	
57	9.899057e-04	2.925981e-01	
58	9.899058e-04	2.925981e-01	
59	9.899059e-04	2.925981e-01	
60	9.899060e-04	2.925981e-01	
61	9.899061e-04	2.925981e-01	
62	9.899062e-04	2.925981e-01	
63	9.899063e-04	2.925981e-01	
64	9.899064e-04	2.925981e-01	
65	9.899065e-04	2.925981e-01	
66	9.899066e-04	2.925981e-01	
67	9.899067e-04	2.925981e-01	
68	9.899068e-04	2.925981e-01	
69	9.899069e-04	2.925981e-01	
70	9.899070e-04	2.925981e-01	
71	9.899071e-04	2.925981e-01	
72	9.899072e-04	2.925981e-01	
73	9.899073e-04	2.925981e-01	
74	9.899074e-04	2.925981e-01	
75	9.899075e-04	2.925981e-01	
76	9.899076e-04	2.925981e-01	
77	9.899077e-04	2.925981e-01	
78	9.899078e-04	2.925981e-01	
79	9.899079e-04	2.925981e-01	
80	9.899080e-04	2.925981e-01	
81	9.899081e-04	2.925981e-01	
82	9.899082e-04	2.925981e-01	
83	9.899083e-04	2.925981e-01	
84	9.899084e-04	2.925981e-01	
85	9.899085e-04	2.925981e-01	
86	9.899086e-04	2.925981e-01	
87	9.899087e-04	2.925981e-01	
88	9.899088e-04	2.925981e-01	
89	9.899089e-04	2.925981e-01	
90	9.899090e-04	2.925981e-01	
91	9.899091e-04	2.925981e-01	
92	9.899092e-04	2.925981e-01	
93	9.899093e-04	2.925981e-01	
94	9.899094e-04	2.925981e-01	
95	9.899095e-04	2.925981e-01	
96	9.899096e-04	2.925981e-01	
97	9.899097e-04	2.925981e-01	
98	9.899098e-04	2.925981e-01	
99	9.899099e-04	2.925981e-01	
100	9.899100e-04	2.925981e-01	
101	9.899101e-04	2.925981e-01	
102	9.899102e-04	2.925981e-01	
103	9.899103e-04	2.925981e-01	
104	9.899104e-04	2.925981e-01	
105	9.899105e-04	2.925981e-01	
106	9.899106e-04	2.925981e-01	
107	9.899107e-04	2.925981e-01	
108	9.899108e-04	2.925981e-01	
109	9.899109e-04	2.925981e-01	
110	9.899110e-04	2.925981e-01	
111	9.899111e-04	2.925981e-01	
112	9.899112e-04	2.925981e-01	

Index   time            v(5)            
--------------------------------------------------------------------------------
113	9.899113e-04	2.925981e-01	
114	9.899114e-04	2.925981e-01	
115	9.899115e-04	2.925981e-01	
116	9.899116e-04	2.925981e-01	
117	9.899117e-04	2.925981e-01	
118	9.899118e-04	2.925981e-01	
119	9.899119e-04	2.925981e-01	
120	9.899120e-04	2.925981e-01	
121	9.899121e-04	2.925981e-01	
122	9.899122e-04	2.925981e-01	
123	9.899123e-04	2.925981e-01	
124	9.899124e-04	2.925981e-01	
125	9.899125e-04	2.925981e-01	
126	9.899126e-04	2.925981e-01	
127	9.899127e-04	2.925981e-01	
128	9.899128e-04	2.925981e-01	
129	9.899129e-04	2.925981e-01	
130	9.899130e-04	2.925981e-01	
131	9.899131e-04	2.925981e-01	
132	9.899132e-04	2.925981e-01	
133	9.899133e-04	2.925981e-01	
134	9.899134e-04	2.925981e-01	
135	9.899135e-04	2.925981e-01	
136	9.899136e-04	2.925981e-01	
137	9.899137e-04	2.925981e-01	
138	9.899138e-04	2.925981e-01	
139	9.899139e-04	2.925981e-01	
140	9.899140e-04	2.925981e-01	
141	9.899141e-04	2.925981e-01	
142	9.899142e-04	2.925981e-01	
143	9.899143e-04	2.925981e-01	
144	9.899144e-04	2.925981e-01	
145	9.899145e-04	2.925981e-01	
146	9.899146e-04	2.925981e-01	
147	9.899147e-04	2.925981e-01	
148	9.899148e-04	2.925981e-01	
149	9.899149e-04	2.925981e-01	
150	9.899150e-04	2.925981e-01	
151	9.899151e-04	2.925981e-01	
152	9.899152e-04	2.925981e-01	
153	9.899153e-04	2.925981e-01	
154	9.899154e-04	2.925981e-01	
155	9.899155e-04	2.925981e-01	
156	9.899156e-04	2.925981e-01	
157	9.899157e-04	2.925981e-01	
158	9.899158e-04	2.925981e-01	
159	9.899159e-04	2.925981e-01	
160	9.899160e-04	2.925981e-01	
161	9.899161e-04	2.925981e-01	
162	9.899162e-04	2.925981e-01	
163	9.899163e-04	2.925981e-01	
164	9.899164e-04	2.925981e-01	
165	9.899165e-04	2.925981e-01	
166	9.899166e-04	2.925981e-01	
167	9.899167e-04	2.925981e-01	
168	9.899168e-04	2.925981e-01	
169	9.899169e-04	2.925981e-01	
170	9.899170e-04	2.925981e-01	

Index   time            v(5)            
--------------------------------------------------------------------------------
171	9.899171e-04	2.925981e-01	
172	9.899172e-04	2.925981e-01	
173	9.899173e-04	2.925981e-01	
174	9.899174e-04	2.925981e-01	
175	9.899175e-04	2.925981e-01	
176	9.899176e-04	2.925981e-01	
177	9.899177e-04	2.925981e-01	
178	9.899178e-04	2.925981e-01	
179	9.899179e-04	2.925981e-01	
180	9.899180e-04	2.925981e-01	
181	9.899181e-04	2.925981e-01	
182	9.899182e-04	2.925981e-01	
183	9.899183e-04	2.925981e-01	
184	9.899184e-04	2.925981e-01	
185	9.899185e-04	2.925981e-01	
186	9.899186e-04	2.925981e-01	
187	9.899187e-04	2.925981e-01	
188	9.899188e-04	2.925981e-01	
189	9.899189e-04	2.925981e-01	
190	9.899190e-04	2.925981e-01	
191	9.899191e-04	2.925981e-01	
192	9.899192e-04	2.925981e-01	
193	9.899193e-04	2.925981e-01	
194	9.899194e-04	2.925981e-01	
195	9.899195e-04	2.925981e-01	
196	9.899196e-04	2.925981e-01	
197	9.899197e-04	2.925981e-01	
198	9.899198e-04	2.925981e-01	
199	9.899199e-04	2.925981e-01	
200	9.899200e-04	2.925981e-01	
201	9.899201e-04	2.925981e-01	
202	9.899202e-04	2.925981e-01	
203	9.899203e-04	2.925981e-01	
204	9.899204e-04	2.925981e-01	
205	9.899205e-04	2.925981e-01	
206	9.899206e-04	2.925981e-01	
207	9.899207e-04	2.925981e-01	
208	9.899208e-04	2.925981e-01	
209	9.899209e-04	2.925981e-01	
210	9.899210e-04	2.925981e-01	
211	9.899211e-04	2.925981e-01	
212	9.899212e-04	2.925981e-01	
213	9.899213e-04	2.925981e-01	
214	9.899214e-04	2.925981e-01	
215	9.899215e-04	2.925981e-01	
216	9.899216e-04	2.925981e-01	
217	9.899217e-04	2.925981e-01	
218	9.899218e-04	2.925981e-01	
219	9.899219e-04	2.925981e-01	
220	9.899220e-04	2.925981e-01	
221	9.899221e-04	2.925981e-01	
222	9.899222e-04	2.925981e-01	
223	9.899223e-04	2.925981e-01	
224	9.899224e-04	2.925981e-01	
225	9.899225e-04	2.925981e-01	
226	9.899226e-04	2.925981e-01	
227	9.899227e-04	2.925981e-01	
228	9.899228e-04	2.925981e-01	

Index   time            v(5)            
--------------------------------------------------------------------------------
229	9.899229e-04	2.925981e-01	
230	9.899230e-04	2.925981e-01	
231	9.899231e-04	2.925981e-01	
232	9.899232e-04	2.925981e-01	
233	9.899233e-04	2.925981e-01	
234	9.899234e-04	2.925981e-01	
235	9.899235e-04	2.925981e-01	
236	9.899236e-04	2.925981e-01	
237	9.899237e-04	2.925981e-01	
238	9.899238e-04	2.925981e-01	
239	9.899239e-04	2.925981e-01	
240	9.899240e-04	2.925981e-01	
241	9.899241e-04	2.925981e-01	
242	9.899242e-04	2.925981e-01	
243	9.899243e-04	2.925981e-01	
244	9.899244e-04	2.925981e-01	
245	9.899245e-04	2.925981e-01	
246	9.899246e-04	2.925981e-01	
247	9.899247e-04	2.925981e-01	
248	9.899248e-04	2.925981e-01	
249	9.899249e-04	2.925981e-01	
250	9.899250e-04	2.925981e-01	
251	9.899251e-04	2.925981e-01	
252	9.899252e-04	2.925981e-01	
253	9.899253e-04	2.925981e-01	
254	9.899254e-04	2.925981e-01	
255	9.899255e-04	2.925981e-01	
256	9.899256e-04	2.925981e-01	
257	9.899257e-04	2.925981e-01	
258	9.899258e-04	2.925981e-01	
259	9.899259e-04	2.925981e-01	
260	9.899260e-04	2.925981e-01	
261	9.899261e-04	2.925981e-01	
262	9.899262e-04	2.925981e-01	
263	9.899263e-04	2.925981e-01	
264	9.899264e-04	2.925981e-01	
265	9.899265e-04	2.925981e-01	
266	9.899266e-04	2.925981e-01	
267	9.899267e-04	2.925981e-01	
268	9.899268e-04	2.925981e-01	
269	9.899269e-04	2.925981e-01	
270	9.899270e-04	2.925981e-01	
271	9.899271e-04	2.925981e-01	
272	9.899272e-04	2.925981e-01	
273	9.899273e-04	2.925981e-01	
274	9.899274e-04	2.925981e-01	
275	9.899275e-04	2.925981e-01	
276	9.899276e-04	2.925981e-01	
277	9.899277e-04	2.925981e-01	
278	9.899278e-04	2.925981e-01	
279	9.899279e-04	2.925981e-01	
280	9.899280e-04	2.925981e-01	
281	9.899281e-04	2.925981e-01	
282	9.899282e-04	2.925981e-01	
283	9.899283e-04	2.925981e-01	
284	9.899284e-04	2.925981e-01	
285	9.899285e-04	2.925981e-01	
286	9.899286e-04	2.925981e-01	

Index   time            v(5)            
--------------------------------------------------------------------------------
287	9.899287e-04	2.925981e-01	
288	9.899288e-04	2.925981e-01	
289	9.899289e-04	2.925981e-01	
290	9.899290e-04	2.925981e-01	
291	9.899291e-04	2.925981e-01	
292	9.899292e-04	2.925981e-01	
293	9.899293e-04	2.925981e-01	
294	9.899294e-04	2.925981e-01	
295	9.899295e-04	2.925981e-01	
296	9.899296e-04	2.925981e-01	
297	9.899297e-04	2.925981e-01	
298	9.899298e-04	2.925981e-01	
299	9.899299e-04	2.925981e-01	
300	9.899300e-04	2.925981e-01	
301	9.899301e-04	2.925981e-01	
302	9.899302e-04	2.925981e-01	
303	9.899303e-04	2.925981e-01	
304	9.899304e-04	2.925981e-01	
305	9.899305e-04	2.925981e-01	
306	9.899306e-04	2.925981e-01	
307	9.899307e-04	2.925981e-01	
308	9.899308e-04	2.925981e-01	
309	9.899309e-04	2.925981e-01	
310	9.899310e-04	2.925981e-01	
311	9.899311e-04	2.925981e-01	
312	9.899312e-04	2.925981e-01	
313	9.899313e-04	2.925981e-01	
314	9.899314e-04	2.925981e-01	
315	9.899315e-04	2.925981e-01	
316	9.899316e-04	2.925981e-01	
317	9.899317e-04	2.925981e-01	
318	9.899318e-04	2.925981e-01	
319	9.899319e-04	2.925981e-01	
320	9.899320e-04	2.925981e-01	
321	9.899321e-04	2.925981e-01	
322	9.899322e-04	2.925981e-01	
323	9.899323e-04	2.925981e-01	
324	9.899324e-04	2.925981e-01	
325	9.899325e-04	2.925981e-01	
326	9.899326e-04	2.925981e-01	
327	9.899327e-04	2.925981e-01	
328	9.899328e-04	2.925981e-01	
329	9.899329e-04	2.925981e-01	
330	9.899330e-04	2.925981e-01	
331	9.899331e-04	2.925981e-01	
332	9.899332e-04	2.925981e-01	
333	9.899333e-04	2.925981e-01	
334	9.899334e-04	2.925981e-01	
335	9.899335e-04	2.925981e-01	
336	9.899336e-04	2.925981e-01	
337	9.899337e-04	2.925981e-01	
338	9.899338e-04	2.925981e-01	
339	9.899339e-04	2.925981e-01	
340	9.899340e-04	2.925981e-01	
341	9.899341e-04	2.925981e-01	
342	9.899342e-04	2.925981e-01	
343	9.899343e-04	2.925981e-01	
344	9.899344e-04	2.925981e-01	

Index   time            v(5)            
--------------------------------------------------------------------------------
345	9.899345e-04	2.925981e-01	
346	9.899346e-04	2.925981e-01	
347	9.899347e-04	2.925981e-01	
348	9.899348e-04	2.925981e-01	
349	9.899349e-04	2.925981e-01	
350	9.899350e-04	2.925981e-01	
351	9.899351e-04	2.925981e-01	
352	9.899352e-04	2.925981e-01	
353	9.899353e-04	2.925981e-01	
354	9.899354e-04	2.925981e-01	
355	9.899355e-04	2.925981e-01	
356	9.899356e-04	2.925981e-01	
357	9.899357e-04	2.925981e-01	
358	9.899358e-04	2.925981e-01	
359	9.899359e-04	2.925981e-01	
360	9.899360e-04	2.925981e-01	
361	9.899361e-04	2.925981e-01	
362	9.899362e-04	2.925981e-01	
363	9.899363e-04	2.925981e-01	
364	9.899364e-04	2.925981e-01	
365	9.899365e-04	2.925981e-01	
366	9.899366e-04	2.925981e-01	
367	9.899367e-04	2.925981e-01	
368	9.899368e-04	2.925981e-01	
369	9.899369e-04	2.925981e-01	
370	9.899370e-04	2.925981e-01	
371	9.899371e-04	2.925981e-01	
372	9.899372e-04	2.925981e-01	
373	9.899373e-04	2.925981e-01	
374	9.899374e-04	2.925981e-01	
375	9.899375e-04	2.925981e-01	
376	9.899376e-04	2.925981e-01	
377	9.899377e-04	2.925981e-01	
378	9.899378e-04	2.925981e-01	
379	9.899379e-04	2.925981e-01	
380	9.899380e-04	2.925981e-01	
381	9.899381e-04	2.925981e-01	
382	9.899382e-04	2.925981e-01	
383	9.899383e-04	2.925981e-01	
384	9.899384e-04	2.925981e-01	
385	9.899385e-04	2.925981e-01	
386	9.899386e-04	2.925981e-01	
387	9.899387e-04	2.925981e-01	
388	9.899388e-04	2.925981e-01	
389	9.899389e-04	2.925981e-01	
390	9.899390e-04	2.925981e-01	
391	9.899391e-04	2.925981e-01	
392	9.899392e-04	2.925981e-01	
393	9.899393e-04	2.925981e-01	
394	9.899394e-04	2.925981e-01	
395	9.899395e-04	2.925981e-01	
396	9.899396e-04	2.925981e-01	
397	9.899397e-04	2.925981e-01	
398	9.899398e-04	2.925981e-01	
399	9.899399e-04	2.925981e-01	
400	9.899400e-04	2.925981e-01	
401	9.899401e-04	2.925981e-01	
402	9.899402e-04	2.925981e-01	

Index   time            v(5)            
--------------------------------------------------------------------------------
403	9.899403e-04	2.925981e-01	
404	9.899404e-04	2.925981e-01	
405	9.899405e-04	2.925981e-01	
406	9.899406e-04	2.925981e-01	
407	9.899407e-04	2.925981e-01	
408	9.899408e-04	2.925981e-01	
409	9.899409e-04	2.925981e-01	
410	9.899410e-04	2.925981e-01	
411	9.899411e-04	2.925981e-01	
412	9.899412e-04	2.925981e-01	
413	9.899413e-04	2.925981e-01	
414	9.899414e-04	2.925981e-01	
415	9.899415e-04	2.925981e-01	
416	9.899416e-04	2.925981e-01	
417	9.899417e-04	2.925981e-01	
418	9.899418e-04	2.925981e-01	
419	9.899419e-04	2.925981e-01	
420	9.899420e-04	2.925981e-01	
421	9.899421e-04	2.925981e-01	
422	9.899422e-04	2.925981e-01	
423	9.899423e-04	2.925981e-01	
424	9.899424e-04	2.925981e-01	
425	9.899425e-04	2.925981e-01	
426	9.899426e-04	2.925981e-01	
427	9.899427e-04	2.925981e-01	
428	9.899428e-04	2.925981e-01	
429	9.899429e-04	2.925981e-01	
430	9.899430e-04	2.925981e-01	
431	9.899431e-04	2.925981e-01	
432	9.899432e-04	2.925981e-01	
433	9.899433e-04	2.925981e-01	
434	9.899434e-04	2.925981e-01	
435	9.899435e-04	2.925981e-01	
436	9.899436e-04	2.925981e-01	
437	9.899437e-04	2.925981e-01	
438	9.899438e-04	2.925981e-01	
439	9.899439e-04	2.925981e-01	
440	9.899440e-04	2.925981e-01	
441	9.899441e-04	2.925981e-01	
442	9.899442e-04	2.925981e-01	
443	9.899443e-04	2.925981e-01	
444	9.899444e-04	2.925981e-01	
445	9.899445e-04	2.925981e-01	
446	9.899446e-04	2.925981e-01	
447	9.899447e-04	2.925981e-01	
448	9.899448e-04	2.925981e-01	
449	9.899449e-04	2.925981e-01	
450	9.899450e-04	2.925981e-01	
451	9.899451e-04	2.925981e-01	
452	9.899452e-04	2.925981e-01	
453	9.899453e-04	2.925981e-01	
454	9.899454e-04	2.925981e-01	
455	9.899455e-04	2.925981e-01	
456	9.899456e-04	2.925981e-01	
457	9.899457e-04	2.925981e-01	
458	9.899458e-04	2.925981e-01	
459	9.899459e-04	2.925981e-01	
460	9.899460e-04	2.925981e-01	

Index   time            v(5)            
--------------------------------------------------------------------------------
461	9.899461e-04	2.925981e-01	
462	9.899462e-04	2.925981e-01	
463	9.899463e-04	2.925981e-01	
464	9.899464e-04	2.925981e-01	
465	9.899465e-04	2.925981e-01	
466	9.899466e-04	2.925981e-01	
467	9.899467e-04	2.925981e-01	
468	9.899468e-04	2.925981e-01	
469	9.899469e-04	2.925981e-01	
470	9.899470e-04	2.925981e-01	
471	9.899471e-04	2.925981e-01	
472	9.899472e-04	2.925981e-01	
473	9.899473e-04	2.925981e-01	
474	9.899474e-04	2.925981e-01	
475	9.899475e-04	2.925981e-01	
476	9.899476e-04	2.925981e-01	
477	9.899477e-04	2.925981e-01	
478	9.899478e-04	2.925981e-01	
479	9.899479e-04	2.925981e-01	
480	9.899480e-04	2.925981e-01	
481	9.899481e-04	2.925981e-01	
482	9.899482e-04	2.925981e-01	
483	9.899483e-04	2.925981e-01	
484	9.899484e-04	2.925981e-01	
485	9.899485e-04	2.925981e-01	
486	9.899486e-04	2.925981e-01	
487	9.899487e-04	2.925981e-01	
488	9.899488e-04	2.925981e-01	
489	9.899489e-04	2.925981e-01	
490	9.899490e-04	2.925981e-01	
491	9.899491e-04	2.925981e-01	
492	9.899492e-04	2.925981e-01	
493	9.899493e-04	2.925981e-01	
494	9.899494e-04	2.925981e-01	
495	9.899495e-04	2.925981e-01	
496	9.899496e-04	2.925981e-01	
497	9.899497e-04	2.925981e-01	
498	9.899498e-04	2.925981e-01	
499	9.899499e-04	2.925981e-01	
500	9.899500e-04	2.925981e-01	
501	9.899501e-04	2.925981e-01	
502	9.899502e-04	2.925981e-01	
503	9.899503e-04	2.925981e-01	
504	9.899504e-04	2.925981e-01	
505	9.899505e-04	2.925981e-01	
506	9.899506e-04	2.925981e-01	
507	9.899507e-04	2.925981e-01	
508	9.899508e-04	2.925981e-01	
509	9.899509e-04	2.925981e-01	
510	9.899510e-04	2.925981e-01	
511	9.899511e-04	2.925981e-01	
512	9.899512e-04	2.925981e-01	
513	9.899513e-04	2.925981e-01	
514	9.899514e-04	2.925981e-01	
515	9.899515e-04	2.925981e-01	
516	9.899516e-04	2.925981e-01	
517	9.899517e-04	2.925981e-01	
518	9.899518e-04	2.925981e-01	

Index   time            v(5)            
--------------------------------------------------------------------------------
519	9.899519e-04	2.925981e-01	
520	9.899520e-04	2.925981e-01	
521	9.899521e-04	2.925981e-01	
522	9.899522e-04	2.925981e-01	
523	9.899523e-04	2.925981e-01	
524	9.899524e-04	2.925981e-01	
525	9.899525e-04	2.925981e-01	
526	9.899526e-04	2.925981e-01	
527	9.899527e-04	2.925981e-01	
528	9.899528e-04	2.925981e-01	
529	9.899529e-04	2.925981e-01	
530	9.899530e-04	2.925981e-01	
531	9.899531e-04	2.925981e-01	
532	9.899532e-04	2.925981e-01	
533	9.899533e-04	2.925981e-01	
534	9.899534e-04	2.925981e-01	
535	9.899535e-04	2.925981e-01	
536	9.899536e-04	2.925981e-01	
537	9.899537e-04	2.925981e-01	
538	9.899538e-04	2.925981e-01	
539	9.899539e-04	2.925981e-01	
540	9.899540e-04	2.925981e-01	
541	9.899541e-04	2.925981e-01	
542	9.899542e-04	2.925981e-01	
543	9.899543e-04	2.925981e-01	
544	9.899544e-04	2.925981e-01	
545	9.899545e-04	2.925981e-01	
546	9.899546e-04	2.925981e-01	
547	9.899547e-04	2.925981e-01	
548	9.899548e-04	2.925981e-01	
549	9.899549e-04	2.925981e-01	
550	9.899550e-04	2.925981e-01	
551	9.899551e-04	2.925981e-01	
552	9.899552e-04	2.925981e-01	
553	9.899553e-04	2.925981e-01	
554	9.899554e-04	2.925981e-01	
555	9.899555e-04	2.925981e-01	
556	9.899556e-04	2.925981e-01	
557	9.899557e-04	2.925981e-01	
558	9.899558e-04	2.925981e-01	
559	9.899559e-04	2.925981e-01	
560	9.899560e-04	2.925981e-01	
561	9.899561e-04	2.925981e-01	
562	9.899562e-04	2.925981e-01	
563	9.899563e-04	2.925981e-01	
564	9.899564e-04	2.925981e-01	
565	9.899565e-04	2.925981e-01	
566	9.899566e-04	2.925981e-01	
567	9.899567e-04	2.925981e-01	
568	9.899568e-04	2.925981e-01	
569	9.899569e-04	2.925981e-01	
570	9.899570e-04	2.925981e-01	
571	9.899571e-04	2.925981e-01	
572	9.899572e-04	2.925981e-01	
573	9.899573e-04	2.925981e-01	
574	9.899574e-04	2.925981e-01	
575	9.899575e-04	2.925981e-01	
576	9.899576e-04	2.925981e-01	

Index   time            v(5)            
--------------------------------------------------------------------------------
577	9.899577e-04	2.925981e-01	
578	9.899578e-04	2.925981e-01	
579	9.899579e-04	2.925981e-01	
580	9.899580e-04	2.925981e-01	
581	9.899581e-04	2.925981e-01	
582	9.899582e-04	2.925981e-01	
583	9.899583e-04	2.925981e-01	
584	9.899584e-04	2.925981e-01	
585	9.899585e-04	2.925981e-01	
586	9.899586e-04	2.925981e-01	
587	9.899587e-04	2.925981e-01	
588	9.899588e-04	2.925981e-01	
589	9.899589e-04	2.925981e-01	
590	9.899590e-04	2.925981e-01	
591	9.899591e-04	2.925981e-01	
592	9.899592e-04	2.925981e-01	
593	9.899593e-04	2.925981e-01	
594	9.899594e-04	2.925981e-01	
595	9.899595e-04	2.925981e-01	
596	9.899596e-04	2.925981e-01	
597	9.899597e-04	2.925981e-01	
598	9.899598e-04	2.925981e-01	
599	9.899599e-04	2.925981e-01	
600	9.899600e-04	2.925981e-01	
601	9.899601e-04	2.925981e-01	
602	9.899602e-04	2.925981e-01	
603	9.899603e-04	2.925981e-01	
604	9.899604e-04	2.925981e-01	
605	9.899605e-04	2.925981e-01	
606	9.899606e-04	2.925981e-01	
607	9.899607e-04	2.925981e-01	
608	9.899608e-04	2.925981e-01	
609	9.899609e-04	2.925981e-01	
610	9.899610e-04	2.925981e-01	
611	9.899611e-04	2.925981e-01	
612	9.899612e-04	2.925981e-01	
613	9.899613e-04	2.925981e-01	
614	9.899614e-04	2.925981e-01	
615	9.899615e-04	2.925981e-01	
616	9.899616e-04	2.925981e-01	
617	9.899617e-04	2.925981e-01	
618	9.899618e-04	2.925981e-01	
619	9.899619e-04	2.925981e-01	
620	9.899620e-04	2.925981e-01	
621	9.899621e-04	2.925981e-01	
622	9.899622e-04	2.925981e-01	
623	9.899623e-04	2.925981e-01	
624	9.899624e-04	2.925981e-01	
625	9.899625e-04	2.925981e-01	
626	9.899626e-04	2.925981e-01	
627	9.899627e-04	2.925981e-01	
628	9.899628e-04	2.925981e-01	
629	9.899629e-04	2.925981e-01	
630	9.899630e-04	2.925981e-01	
631	9.899631e-04	2.925981e-01	
632	9.899632e-04	2.925981e-01	
633	9.899633e-04	2.925981e-01	
634	9.899634e-04	2.925981e-01	

Index   time            v(5)            
--------------------------------------------------------------------------------
635	9.899635e-04	2.925981e-01	
636	9.899636e-04	2.925981e-01	
637	9.899637e-04	2.925981e-01	
638	9.899638e-04	2.925981e-01	
639	9.899639e-04	2.925981e-01	
640	9.899640e-04	2.925981e-01	
641	9.899641e-04	2.925981e-01	
642	9.899642e-04	2.925981e-01	
643	9.899643e-04	2.925981e-01	
644	9.899644e-04	2.925981e-01	
645	9.899645e-04	2.925981e-01	
646	9.899646e-04	2.925981e-01	
647	9.899647e-04	2.925981e-01	
648	9.899648e-04	2.925981e-01	
649	9.899649e-04	2.925981e-01	
650	9.899650e-04	2.925981e-01	
651	9.899651e-04	2.925981e-01	
652	9.899652e-04	2.925981e-01	
653	9.899653e-04	2.925981e-01	
654	9.899654e-04	2.925981e-01	
655	9.899655e-04	2.925981e-01	
656	9.899656e-04	2.925981e-01	
657	9.899657e-04	2.925981e-01	
658	9.899658e-04	2.925981e-01	
659	9.899659e-04	2.925981e-01	
660	9.899660e-04	2.925981e-01	
661	9.899661e-04	2.925981e-01	
662	9.899662e-04	2.925981e-01	
663	9.899663e-04	2.925981e-01	
664	9.899664e-04	2.925981e-01	
665	9.899665e-04	2.925981e-01	
666	9.899666e-04	2.925981e-01	
667	9.899667e-04	2.925981e-01	
668	9.899668e-04	2.925981e-01	
669	9.899669e-04	2.925981e-01	
670	9.899670e-04	2.925981e-01	
671	9.899671e-04	2.925981e-01	
672	9.899672e-04	2.925981e-01	
673	9.899673e-04	2.925981e-01	
674	9.899674e-04	2.925981e-01	
675	9.899675e-04	2.925981e-01	
676	9.899676e-04	2.925981e-01	
677	9.899677e-04	2.925981e-01	
678	9.899678e-04	2.925981e-01	
679	9.899679e-04	2.925981e-01	
680	9.899680e-04	2.925981e-01	
681	9.899681e-04	2.925981e-01	
682	9.899682e-04	2.925981e-01	
683	9.899683e-04	2.925981e-01	
684	9.899684e-04	2.925981e-01	
685	9.899685e-04	2.925981e-01	
686	9.899686e-04	2.925981e-01	
687	9.899687e-04	2.925981e-01	
688	9.899688e-04	2.925981e-01	
689	9.899689e-04	2.925981e-01	
690	9.899690e-04	2.925981e-01	
691	9.899691e-04	2.925981e-01	
692	9.899692e-04	2.925981e-01	

Index   time            v(5)            
--------------------------------------------------------------------------------
693	9.899693e-04	2.925981e-01	
694	9.899694e-04	2.925981e-01	
695	9.899695e-04	2.925981e-01	
696	9.899696e-04	2.925981e-01	
697	9.899697e-04	2.925981e-01	
698	9.899698e-04	2.925981e-01	
699	9.899699e-04	2.925981e-01	
700	9.899700e-04	2.925981e-01	
701	9.899701e-04	2.925981e-01	
702	9.899702e-04	2.925981e-01	
703	9.899703e-04	2.925981e-01	
704	9.899704e-04	2.925981e-01	
705	9.899705e-04	2.925981e-01	
706	9.899706e-04	2.925981e-01	
707	9.899707e-04	2.925981e-01	
708	9.899708e-04	2.925981e-01	
709	9.899709e-04	2.925981e-01	
710	9.899710e-04	2.925981e-01	
711	9.899711e-04	2.925981e-01	
712	9.899712e-04	2.925981e-01	
713	9.899713e-04	2.925981e-01	
714	9.899714e-04	2.925981e-01	
715	9.899715e-04	2.925981e-01	
716	9.899716e-04	2.925981e-01	
717	9.899717e-04	2.925981e-01	
718	9.899718e-04	2.925981e-01	
719	9.899719e-04	2.925981e-01	
720	9.899720e-04	2.925981e-01	
721	9.899721e-04	2.925981e-01	
722	9.899722e-04	2.925981e-01	
723	9.899723e-04	2.925981e-01	
724	9.899724e-04	2.925981e-01	
725	9.899725e-04	2.925981e-01	
726	9.899726e-04	2.925981e-01	
727	9.899727e-04	2.925981e-01	
728	9.899728e-04	2.925981e-01	
729	9.899729e-04	2.925981e-01	
730	9.899730e-04	2.925981e-01	
731	9.899731e-04	2.925981e-01	
732	9.899732e-04	2.925981e-01	
733	9.899733e-04	2.925981e-01	
734	9.899734e-04	2.925981e-01	
735	9.899735e-04	2.925981e-01	
736	9.899736e-04	2.925981e-01	
737	9.899737e-04	2.925981e-01	
738	9.899738e-04	2.925981e-01	
739	9.899739e-04	2.925981e-01	
740	9.899740e-04	2.925981e-01	
741	9.899741e-04	2.925981e-01	
742	9.899742e-04	2.925981e-01	
743	9.899743e-04	2.925981e-01	
744	9.899744e-04	2.925981e-01	
745	9.899745e-04	2.925981e-01	
746	9.899746e-04	2.925981e-01	
747	9.899747e-04	2.925981e-01	
748	9.899748e-04	2.925981e-01	
749	9.899749e-04	2.925981e-01	
750	9.899750e-04	2.925981e-01	

Index   time            v(5)            
--------------------------------------------------------------------------------
751	9.899751e-04	2.925981e-01	
752	9.899752e-04	2.925981e-01	
753	9.899753e-04	2.925981e-01	
754	9.899754e-04	2.925981e-01	
755	9.899755e-04	2.925981e-01	
756	9.899756e-04	2.925981e-01	
757	9.899757e-04	2.925981e-01	
758	9.899758e-04	2.925981e-01	
759	9.899759e-04	2.925981e-01	
760	9.899760e-04	2.925981e-01	
761	9.899761e-04	2.925981e-01	
762	9.899762e-04	2.925981e-01	
763	9.899763e-04	2.925981e-01	
764	9.899764e-04	2.925981e-01	
765	9.899765e-04	2.925981e-01	
766	9.899766e-04	2.925981e-01	
767	9.899767e-04	2.925981e-01	
768	9.899768e-04	2.925981e-01	
769	9.899769e-04	2.925981e-01	
770	9.899770e-04	2.925981e-01	
771	9.899771e-04	2.925981e-01	
772	9.899772e-04	2.925981e-01	
773	9.899773e-04	2.925981e-01	
774	9.899774e-04	2.925981e-01	
775	9.899775e-04	2.925981e-01	
776	9.899776e-04	2.925981e-01	
777	9.899777e-04	2.925981e-01	
778	9.899778e-04	2.925981e-01	
779	9.899779e-04	2.925981e-01	
780	9.899780e-04	2.925981e-01	
781	9.899781e-04	2.925981e-01	
782	9.899782e-04	2.925981e-01	
783	9.899783e-04	2.925981e-01	
784	9.899784e-04	2.925981e-01	
785	9.899785e-04	2.925981e-01	
786	9.899786e-04	2.925981e-01	
787	9.899787e-04	2.925981e-01	
788	9.899788e-04	2.925981e-01	
789	9.899789e-04	2.925981e-01	
790	9.899790e-04	2.925981e-01	
791	9.899791e-04	2.925981e-01	
792	9.899792e-04	2.925981e-01	
793	9.899793e-04	2.925981e-01	
794	9.899794e-04	2.925981e-01	
795	9.899795e-04	2.925981e-01	
796	9.899796e-04	2.925981e-01	
797	9.899797e-04	2.925981e-01	
798	9.899798e-04	2.925981e-01	
799	9.899799e-04	2.925981e-01	
800	9.899800e-04	2.925981e-01	
801	9.899801e-04	2.925981e-01	
802	9.899802e-04	2.925981e-01	
803	9.899803e-04	2.925981e-01	
804	9.899804e-04	2.925981e-01	
805	9.899805e-04	2.925981e-01	
806	9.899806e-04	2.925981e-01	
807	9.899807e-04	2.925981e-01	
808	9.899808e-04	2.925981e-01	

Index   time            v(5)            
--------------------------------------------------------------------------------
809	9.899809e-04	2.925981e-01	
810	9.899810e-04	2.925981e-01	
811	9.899811e-04	2.925981e-01	
812	9.899812e-04	2.925981e-01	
813	9.899813e-04	2.925981e-01	
814	9.899814e-04	2.925981e-01	
815	9.899815e-04	2.925981e-01	
816	9.899816e-04	2.925981e-01	
817	9.899817e-04	2.925981e-01	
818	9.899818e-04	2.925981e-01	
819	9.899819e-04	2.925981e-01	
820	9.899820e-04	2.925981e-01	
821	9.899821e-04	2.925981e-01	
822	9.899822e-04	2.925981e-01	
823	9.899823e-04	2.925981e-01	
824	9.899824e-04	2.925981e-01	
825	9.899825e-04	2.925981e-01	
826	9.899826e-04	2.925981e-01	
827	9.899827e-04	2.925981e-01	
828	9.899828e-04	2.925981e-01	
829	9.899829e-04	2.925981e-01	
830	9.899830e-04	2.925981e-01	
831	9.899831e-04	2.925981e-01	
832	9.899832e-04	2.925981e-01	
833	9.899833e-04	2.925981e-01	
834	9.899834e-04	2.925981e-01	
835	9.899835e-04	2.925981e-01	
836	9.899836e-04	2.925981e-01	
837	9.899837e-04	2.925981e-01	
838	9.899838e-04	2.925981e-01	
839	9.899839e-04	2.925981e-01	
840	9.899840e-04	2.925981e-01	
841	9.899841e-04	2.925981e-01	
842	9.899842e-04	2.925981e-01	
843	9.899843e-04	2.925981e-01	
844	9.899844e-04	2.925981e-01	
845	9.899845e-04	2.925981e-01	
846	9.899846e-04	2.925981e-01	
847	9.899847e-04	2.925981e-01	
848	9.899848e-04	2.925981e-01	
849	9.899849e-04	2.925981e-01	
850	9.899850e-04	2.925981e-01	
851	9.899851e-04	2.925981e-01	
852	9.899852e-04	2.925981e-01	
853	9.899853e-04	2.925981e-01	
854	9.899854e-04	2.925981e-01	
855	9.899855e-04	2.925981e-01	
856	9.899856e-04	2.925981e-01	
857	9.899857e-04	2.925981e-01	
858	9.899858e-04	2.925981e-01	
859	9.899859e-04	2.925981e-01	
860	9.899860e-04	2.925981e-01	
861	9.899861e-04	2.925981e-01	
862	9.899862e-04	2.925981e-01	
863	9.899863e-04	2.925981e-01	
864	9.899864e-04	2.925981e-01	
865	9.899865e-04	2.925981e-01	
866	9.899866e-04	2.925981e-01	

Index   time            v(5)            
--------------------------------------------------------------------------------
867	9.899867e-04	2.925981e-01	
868	9.899868e-04	2.925981e-01	
869	9.899869e-04	2.925981e-01	
870	9.899870e-04	2.925981e-01	
871	9.899871e-04	2.925981e-01	
872	9.899872e-04	2.925981e-01	
873	9.899873e-04	2.925981e-01	
874	9.899874e-04	2.925981e-01	
875	9.899875e-04	2.925981e-01	
876	9.899876e-04	2.925981e-01	
877	9.899877e-04	2.925981e-01	
878	9.899878e-04	2.925981e-01	
879	9.899879e-04	2.925981e-01	
880	9.899880e-04	2.925981e-01	
881	9.899881e-04	2.925981e-01	
882	9.899882e-04	2.925981e-01	
883	9.899883e-04	2.925981e-01	
884	9.899884e-04	2.925981e-01	
885	9.899885e-04	2.925981e-01	
886	9.899886e-04	2.925981e-01	
887	9.899887e-04	2.925981e-01	
888	9.899888e-04	2.925981e-01	
889	9.899889e-04	2.925981e-01	
890	9.899890e-04	2.925981e-01	
891	9.899891e-04	2.925981e-01	
892	9.899892e-04	2.925981e-01	
893	9.899893e-04	2.925981e-01	
894	9.899894e-04	2.925981e-01	
895	9.899895e-04	2.925981e-01	
896	9.899896e-04	2.925981e-01	
897	9.899897e-04	2.925981e-01	
898	9.899898e-04	2.925981e-01	
899	9.899899e-04	2.925981e-01	
900	9.899900e-04	2.925981e-01	
901	9.899901e-04	2.925981e-01	
902	9.899902e-04	2.925981e-01	
903	9.899903e-04	2.925981e-01	
904	9.899904e-04	2.925981e-01	
905	9.899905e-04	2.925981e-01	
906	9.899906e-04	2.925981e-01	
907	9.899907e-04	2.925981e-01	
908	9.899908e-04	2.925981e-01	
909	9.899909e-04	2.925981e-01	
910	9.899910e-04	2.925981e-01	
911	9.899911e-04	2.925981e-01	
912	9.899912e-04	2.925981e-01	
913	9.899913e-04	2.925981e-01	
914	9.899914e-04	2.925981e-01	
915	9.899915e-04	2.925981e-01	
916	9.899916e-04	2.925981e-01	
917	9.899917e-04	2.925981e-01	
918	9.899918e-04	2.925981e-01	
919	9.899919e-04	2.925981e-01	
920	9.899920e-04	2.925981e-01	
921	9.899921e-04	2.925981e-01	
922	9.899922e-04	2.925981e-01	
923	9.899923e-04	2.925981e-01	
924	9.899924e-04	2.925981e-01	

Index   time            v(5)            
--------------------------------------------------------------------------------
925	9.899925e-04	2.925981e-01	
926	9.899926e-04	2.925981e-01	
927	9.899927e-04	2.925981e-01	
928	9.899928e-04	2.925981e-01	
929	9.899929e-04	2.925981e-01	
930	9.899930e-04	2.925981e-01	
931	9.899931e-04	2.925981e-01	
932	9.899932e-04	2.925981e-01	
933	9.899933e-04	2.925981e-01	
934	9.899934e-04	2.925981e-01	
935	9.899935e-04	2.925981e-01	
936	9.899936e-04	2.925981e-01	
937	9.899937e-04	2.925981e-01	
938	9.899938e-04	2.925981e-01	
939	9.899939e-04	2.925981e-01	
940	9.899940e-04	2.925981e-01	
941	9.899941e-04	2.925981e-01	
942	9.899942e-04	2.925981e-01	
943	9.899943e-04	2.925981e-01	
944	9.899944e-04	2.925981e-01	
945	9.899945e-04	2.925981e-01	
946	9.899946e-04	2.925981e-01	
947	9.899947e-04	2.925981e-01	
948	9.899948e-04	2.925981e-01	
949	9.899949e-04	2.925981e-01	
950	9.899950e-04	2.925981e-01	
951	9.899951e-04	2.925981e-01	
952	9.899952e-04	2.925981e-01	
953	9.899953e-04	2.925981e-01	
954	9.899954e-04	2.925981e-01	
955	9.899955e-04	2.925981e-01	
956	9.899956e-04	2.925981e-01	
957	9.899957e-04	2.925981e-01	
958	9.899958e-04	2.925981e-01	
959	9.899959e-04	2.925981e-01	
960	9.899960e-04	2.925981e-01	
961	9.899961e-04	2.925981e-01	
962	9.899962e-04	2.925981e-01	
963	9.899963e-04	2.925981e-01	
964	9.899964e-04	2.925981e-01	
965	9.899965e-04	2.925981e-01	
966	9.899966e-04	2.925981e-01	
967	9.899967e-04	2.925981e-01	
968	9.899968e-04	2.925981e-01	
969	9.899969e-04	2.925981e-01	
970	9.899970e-04	2.925981e-01	
971	9.899971e-04	2.925981e-01	
972	9.899972e-04	2.925981e-01	
973	9.899973e-04	2.925981e-01	
974	9.899974e-04	2.925981e-01	
975	9.899975e-04	2.925981e-01	
976	9.899976e-04	2.925981e-01	
977	9.899977e-04	2.925981e-01	
978	9.899978e-04	2.925981e-01	
979	9.899979e-04	2.925981e-01	
980	9.899980e-04	2.925981e-01	
981	9.899981e-04	2.925981e-01	
982	9.899982e-04	2.925981e-01	

Index   time            v(5)            
--------------------------------------------------------------------------------
983	9.899983e-04	2.925981e-01	
984	9.899984e-04	2.925981e-01	
985	9.899985e-04	2.925981e-01	
986	9.899986e-04	2.925981e-01	
987	9.899987e-04	2.925981e-01	
988	9.899988e-04	2.925981e-01	
989	9.899989e-04	2.925981e-01	
990	9.899990e-04	2.925981e-01	
991	9.899991e-04	2.925981e-01	
992	9.899992e-04	2.925981e-01	
993	9.899993e-04	2.925981e-01	
994	9.899994e-04	2.925981e-01	
995	9.899995e-04	2.925981e-01	
996	9.899996e-04	2.925981e-01	
997	9.899997e-04	2.925981e-01	
998	9.899998e-04	2.925981e-01	
999	9.899999e-04	2.925981e-01	
1000	9.900000e-04	2.925981e-01	
1001	9.900001e-04	2.925981e-01	
1002	9.900001e-04	2.874409e-01	
1003	9.900001e-04	2.759938e-01	
1004	9.900002e-04	2.469809e-01	
1005	9.900002e-04	2.198562e-01	
1006	9.900002e-04	2.156582e-01	
1007	9.900002e-04	2.073249e-01	
1008	9.900003e-04	1.910635e-01	
1009	9.900003e-04	1.586536e-01	
1010	9.900004e-04	1.048913e-01	
1011	9.900005e-04	4.287906e-02	
1012	9.900006e-04	-3.20429e-02	
1013	9.900007e-04	-1.14121e-01	
1014	9.900008e-04	-1.97722e-01	
1015	9.900009e-04	-2.79477e-01	
1016	9.900010e-04	-3.57250e-01	
1017	9.900011e-04	-4.29810e-01	
1018	9.900012e-04	-4.96521e-01	
1019	9.900013e-04	-5.57159e-01	
1020	9.900014e-04	-6.11778e-01	
1021	9.900015e-04	-6.60613e-01	
1022	9.900016e-04	-7.04011e-01	
1023	9.900017e-04	-7.42384e-01	
1024	9.900018e-04	-7.76171e-01	
1025	9.900019e-04	-8.05816e-01	
1026	9.900020e-04	-8.31747e-01	
1027	9.900021e-04	-8.54375e-01	
1028	9.900022e-04	-8.74076e-01	
1029	9.900023e-04	-8.91199e-01	
1030	9.900024e-04	-9.06058e-01	
1031	9.900025e-04	-9.18935e-01	
1032	9.900026e-04	-9.30082e-01	
1033	9.900027e-04	-9.39721e-01	
1034	9.900028e-04	-9.48051e-01	
1035	9.900029e-04	-9.55244e-01	
1036	9.900030e-04	-9.61451e-01	
1037	9.900031e-04	-9.66804e-01	
1038	9.900032e-04	-9.71420e-01	
1039	9.900033e-04	-9.75398e-01	
1040	9.900034e-04	-9.78824e-01	

Index   time            v(5)            
--------------------------------------------------------------------------------
1041	9.900035e-04	-9.81776e-01	
1042	9.900036e-04	-9.84317e-01	
1043	9.900037e-04	-9.86505e-01	
1044	9.900038e-04	-9.88388e-01	
1045	9.900039e-04	-9.90009e-01	
1046	9.900040e-04	-9.91403e-01	
1047	9.900041e-04	-9.92603e-01	
1048	9.900042e-04	-9.93635e-01	
1049	9.900043e-04	-9.94523e-01	
1050	9.900044e-04	-9.95287e-01	
1051	9.900045e-04	-9.95944e-01	
1052	9.900046e-04	-9.96509e-01	
1053	9.900047e-04	-9.96995e-01	
1054	9.900048e-04	-9.97413e-01	
1055	9.900049e-04	-9.97772e-01	
1056	9.900050e-04	-9.98081e-01	
1057	9.900051e-04	-9.98347e-01	
1058	9.900052e-04	-9.98575e-01	
1059	9.900053e-04	-9.98772e-01	
1060	9.900054e-04	-9.98941e-01	
1061	9.900055e-04	-9.99086e-01	
1062	9.900056e-04	-9.99211e-01	
1063	9.900057e-04	-9.99319e-01	
1064	9.900058e-04	-9.99411e-01	
1065	9.900059e-04	-9.99490e-01	
1066	9.900060e-04	-9.99559e-01	
1067	9.900061e-04	-9.99617e-01	
1068	9.900062e-04	-9.99668e-01	
1069	9.900063e-04	-9.99711e-01	
1070	9.900064e-04	-9.99749e-01	
1071	9.900065e-04	-9.99781e-01	
1072	9.900066e-04	-9.99808e-01	
1073	9.900067e-04	-9.99832e-01	
1074	9.900068e-04	-9.99852e-01	
1075	9.900069e-04	-9.99870e-01	
1076	9.900070e-04	-9.99885e-01	
1077	9.900071e-04	-9.99898e-01	
1078	9.900072e-04	-9.99909e-01	
1079	9.900073e-04	-9.99919e-01	
1080	9.900074e-04	-9.99927e-01	
1081	9.900075e-04	-9.99934e-01	
1082	9.900076e-04	-9.99940e-01	
1083	9.900077e-04	-9.99945e-01	
1084	9.900078e-04	-9.99950e-01	
1085	9.900079e-04	-9.99954e-01	
1086	9.900080e-04	-9.99957e-01	
1087	9.900081e-04	-9.99960e-01	
1088	9.900082e-04	-9.99962e-01	
1089	9.900083e-04	-9.99964e-01	
1090	9.900084e-04	-9.99966e-01	
1091	9.900085e-04	-9.99968e-01	
1092	9.900086e-04	-9.99969e-01	
1093	9.900087e-04	-9.99970e-01	
1094	9.900088e-04	-9.99971e-01	
1095	9.900089e-04	-9.99972e-01	
1096	9.900090e-04	-9.99973e-01	
1097	9.900091e-04	-9.99974e-01	
1098	9.900092e-04	-9.99974e-01	

Index   time            v(5)            
--------------------------------------------------------------------------------
1099	9.900093e-04	-9.99975e-01	
1100	9.900094e-04	-9.99975e-01	
1101	9.900095e-04	-9.99975e-01	
1102	9.900096e-04	-9.99976e-01	
1103	9.900097e-04	-9.99976e-01	
1104	9.900098e-04	-9.99976e-01	
1105	9.900099e-04	-9.99976e-01	
1106	9.900100e-04	-9.99976e-01	
1107	9.900101e-04	-9.99977e-01	
1108	9.900102e-04	-9.99977e-01	
1109	9.900103e-04	-9.99977e-01	
1110	9.900104e-04	-9.99977e-01	
1111	9.900105e-04	-9.99977e-01	
1112	9.900106e-04	-9.99977e-01	
1113	9.900107e-04	-9.99977e-01	
1114	9.900108e-04	-9.99977e-01	
1115	9.900109e-04	-9.99977e-01	
1116	9.900110e-04	-9.99977e-01	
1117	9.900111e-04	-9.99977e-01	
1118	9.900112e-04	-9.99977e-01	
1119	9.900113e-04	-9.99977e-01	
1120	9.900114e-04	-9.99977e-01	
1121	9.900115e-04	-9.99977e-01	
1122	9.900116e-04	-9.99977e-01	
1123	9.900117e-04	-9.99977e-01	
1124	9.900118e-04	-9.99977e-01	
1125	9.900119e-04	-9.99977e-01	
1126	9.900120e-04	-9.99977e-01	
1127	9.900121e-04	-9.99977e-01	
1128	9.900122e-04	-9.99977e-01	
1129	9.900123e-04	-9.99977e-01	
1130	9.900124e-04	-9.99977e-01	
1131	9.900125e-04	-9.99977e-01	
1132	9.900126e-04	-9.99977e-01	
1133	9.900127e-04	-9.99977e-01	
1134	9.900128e-04	-9.99977e-01	
1135	9.900129e-04	-9.99977e-01	
1136	9.900130e-04	-9.99977e-01	
1137	9.900131e-04	-9.99977e-01	
1138	9.900132e-04	-9.99977e-01	
1139	9.900133e-04	-9.99977e-01	
1140	9.900134e-04	-9.99977e-01	
1141	9.900135e-04	-9.99977e-01	
1142	9.900136e-04	-9.99977e-01	
1143	9.900137e-04	-9.99977e-01	
1144	9.900138e-04	-9.99977e-01	
1145	9.900139e-04	-9.99977e-01	
1146	9.900140e-04	-9.99977e-01	
1147	9.900141e-04	-9.99977e-01	
1148	9.900142e-04	-9.99977e-01	
1149	9.900143e-04	-9.99977e-01	
1150	9.900144e-04	-9.99977e-01	
1151	9.900145e-04	-9.99977e-01	
1152	9.900146e-04	-9.99977e-01	
1153	9.900147e-04	-9.99977e-01	
1154	9.900148e-04	-9.99977e-01	
1155	9.900149e-04	-9.99977e-01	
1156	9.900150e-04	-9.99977e-01	

Index   time            v(5)            
--------------------------------------------------------------------------------
1157	9.900151e-04	-9.99977e-01	
1158	9.900152e-04	-9.99977e-01	
1159	9.900153e-04	-9.99977e-01	
1160	9.900154e-04	-9.99977e-01	
1161	9.900155e-04	-9.99977e-01	
1162	9.900156e-04	-9.99977e-01	
1163	9.900157e-04	-9.99977e-01	
1164	9.900158e-04	-9.99977e-01	
1165	9.900159e-04	-9.99977e-01	
1166	9.900160e-04	-9.99977e-01	
1167	9.900161e-04	-9.99977e-01	
1168	9.900162e-04	-9.99977e-01	
1169	9.900163e-04	-9.99977e-01	
1170	9.900164e-04	-9.99977e-01	
1171	9.900165e-04	-9.99977e-01	
1172	9.900166e-04	-9.99977e-01	
1173	9.900167e-04	-9.99977e-01	
1174	9.900168e-04	-9.99977e-01	
1175	9.900169e-04	-9.99977e-01	
1176	9.900170e-04	-9.99977e-01	
1177	9.900171e-04	-9.99977e-01	
1178	9.900172e-04	-9.99977e-01	
1179	9.900173e-04	-9.99977e-01	
1180	9.900174e-04	-9.99977e-01	
1181	9.900175e-04	-9.99977e-01	
1182	9.900176e-04	-9.99977e-01	
1183	9.900177e-04	-9.99977e-01	
1184	9.900178e-04	-9.99977e-01	
1185	9.900179e-04	-9.99977e-01	
1186	9.900180e-04	-9.99977e-01	
1187	9.900181e-04	-9.99977e-01	
1188	9.900182e-04	-9.99977e-01	
1189	9.900183e-04	-9.99977e-01	
1190	9.900184e-04	-9.99977e-01	
1191	9.900185e-04	-9.99977e-01	
1192	9.900186e-04	-9.99977e-01	
1193	9.900187e-04	-9.99977e-01	
1194	9.900188e-04	-9.99977e-01	
1195	9.900189e-04	-9.99977e-01	
1196	9.900190e-04	-9.99977e-01	
1197	9.900191e-04	-9.99977e-01	
1198	9.900192e-04	-9.99977e-01	
1199	9.900193e-04	-9.99977e-01	
1200	9.900194e-04	-9.99977e-01	
1201	9.900195e-04	-9.99977e-01	
1202	9.900196e-04	-9.99977e-01	
1203	9.900197e-04	-9.99977e-01	
1204	9.900198e-04	-9.99977e-01	
1205	9.900199e-04	-9.99977e-01	
1206	9.900200e-04	-9.99977e-01	
1207	9.900201e-04	-9.99977e-01	
1208	9.900202e-04	-9.99977e-01	
1209	9.900203e-04	-9.99977e-01	
1210	9.900204e-04	-9.99977e-01	
1211	9.900205e-04	-9.99977e-01	
1212	9.900206e-04	-9.99977e-01	
1213	9.900207e-04	-9.99977e-01	
1214	9.900208e-04	-9.99977e-01	

Index   time            v(5)            
--------------------------------------------------------------------------------
1215	9.900209e-04	-9.99977e-01	
1216	9.900210e-04	-9.99977e-01	
1217	9.900211e-04	-9.99977e-01	
1218	9.900212e-04	-9.99977e-01	
1219	9.900213e-04	-9.99977e-01	
1220	9.900214e-04	-9.99977e-01	
1221	9.900215e-04	-9.99977e-01	
1222	9.900216e-04	-9.99977e-01	
1223	9.900217e-04	-9.99977e-01	
1224	9.900218e-04	-9.99977e-01	
1225	9.900219e-04	-9.99977e-01	
1226	9.900220e-04	-9.99977e-01	
1227	9.900221e-04	-9.99977e-01	
1228	9.900222e-04	-9.99977e-01	
1229	9.900223e-04	-9.99977e-01	
1230	9.900224e-04	-9.99977e-01	
1231	9.900225e-04	-9.99977e-01	
1232	9.900226e-04	-9.99977e-01	
1233	9.900227e-04	-9.99977e-01	
1234	9.900228e-04	-9.99977e-01	
1235	9.900229e-04	-9.99977e-01	
1236	9.900230e-04	-9.99977e-01	
1237	9.900231e-04	-9.99977e-01	
1238	9.900232e-04	-9.99977e-01	
1239	9.900233e-04	-9.99977e-01	
1240	9.900234e-04	-9.99977e-01	
1241	9.900235e-04	-9.99977e-01	
1242	9.900236e-04	-9.99977e-01	
1243	9.900237e-04	-9.99977e-01	
1244	9.900238e-04	-9.99977e-01	
1245	9.900239e-04	-9.99977e-01	
1246	9.900240e-04	-9.99977e-01	
1247	9.900241e-04	-9.99977e-01	
1248	9.900242e-04	-9.99977e-01	
1249	9.900243e-04	-9.99977e-01	
1250	9.900244e-04	-9.99977e-01	
1251	9.900245e-04	-9.99977e-01	
1252	9.900246e-04	-9.99977e-01	
1253	9.900247e-04	-9.99977e-01	
1254	9.900248e-04	-9.99977e-01	
1255	9.900249e-04	-9.99977e-01	
1256	9.900250e-04	-9.99977e-01	
1257	9.900251e-04	-9.99977e-01	
1258	9.900252e-04	-9.99977e-01	
1259	9.900253e-04	-9.99977e-01	
1260	9.900254e-04	-9.99977e-01	
1261	9.900255e-04	-9.99977e-01	
1262	9.900256e-04	-9.99977e-01	
1263	9.900257e-04	-9.99977e-01	
1264	9.900258e-04	-9.99977e-01	
1265	9.900259e-04	-9.99977e-01	
1266	9.900260e-04	-9.99977e-01	
1267	9.900261e-04	-9.99977e-01	
1268	9.900262e-04	-9.99977e-01	
1269	9.900263e-04	-9.99977e-01	
1270	9.900264e-04	-9.99977e-01	
1271	9.900265e-04	-9.99977e-01	
1272	9.900266e-04	-9.99977e-01	

Index   time            v(5)            
--------------------------------------------------------------------------------
1273	9.900267e-04	-9.99977e-01	
1274	9.900268e-04	-9.99977e-01	
1275	9.900269e-04	-9.99977e-01	
1276	9.900270e-04	-9.99977e-01	
1277	9.900271e-04	-9.99977e-01	
1278	9.900272e-04	-9.99977e-01	
1279	9.900273e-04	-9.99977e-01	
1280	9.900274e-04	-9.99977e-01	
1281	9.900275e-04	-9.99977e-01	
1282	9.900276e-04	-9.99977e-01	
1283	9.900277e-04	-9.99977e-01	
1284	9.900278e-04	-9.99977e-01	
1285	9.900279e-04	-9.99977e-01	
1286	9.900280e-04	-9.99977e-01	
1287	9.900281e-04	-9.99977e-01	
1288	9.900282e-04	-9.99977e-01	
1289	9.900283e-04	-9.99977e-01	
1290	9.900284e-04	-9.99977e-01	
1291	9.900285e-04	-9.99977e-01	
1292	9.900286e-04	-9.99977e-01	
1293	9.900287e-04	-9.99977e-01	
1294	9.900288e-04	-9.99977e-01	
1295	9.900289e-04	-9.99977e-01	
1296	9.900290e-04	-9.99977e-01	
1297	9.900291e-04	-9.99977e-01	
1298	9.900292e-04	-9.99977e-01	
1299	9.900293e-04	-9.99977e-01	
1300	9.900294e-04	-9.99977e-01	
1301	9.900295e-04	-9.99977e-01	
1302	9.900296e-04	-9.99977e-01	
1303	9.900297e-04	-9.99977e-01	
1304	9.900298e-04	-9.99977e-01	
1305	9.900299e-04	-9.99977e-01	
1306	9.900300e-04	-9.99977e-01	
1307	9.900301e-04	-9.99977e-01	
1308	9.900302e-04	-9.99977e-01	
1309	9.900303e-04	-9.99977e-01	
1310	9.900304e-04	-9.99977e-01	
1311	9.900305e-04	-9.99977e-01	
1312	9.900306e-04	-9.99977e-01	
1313	9.900307e-04	-9.99977e-01	
1314	9.900308e-04	-9.99977e-01	
1315	9.900309e-04	-9.99977e-01	
1316	9.900310e-04	-9.99977e-01	
1317	9.900311e-04	-9.99977e-01	
1318	9.900312e-04	-9.99977e-01	
1319	9.900313e-04	-9.99977e-01	
1320	9.900314e-04	-9.99977e-01	
1321	9.900315e-04	-9.99977e-01	
1322	9.900316e-04	-9.99977e-01	
1323	9.900317e-04	-9.99977e-01	
1324	9.900318e-04	-9.99977e-01	
1325	9.900319e-04	-9.99977e-01	
1326	9.900320e-04	-9.99977e-01	
1327	9.900321e-04	-9.99977e-01	
1328	9.900322e-04	-9.99977e-01	
1329	9.900323e-04	-9.99977e-01	
1330	9.900324e-04	-9.99977e-01	

Index   time            v(5)            
--------------------------------------------------------------------------------
1331	9.900325e-04	-9.99977e-01	
1332	9.900326e-04	-9.99977e-01	
1333	9.900327e-04	-9.99977e-01	
1334	9.900328e-04	-9.99977e-01	
1335	9.900329e-04	-9.99977e-01	
1336	9.900330e-04	-9.99977e-01	
1337	9.900331e-04	-9.99977e-01	
1338	9.900332e-04	-9.99977e-01	
1339	9.900333e-04	-9.99977e-01	
1340	9.900334e-04	-9.99977e-01	
1341	9.900335e-04	-9.99977e-01	
1342	9.900336e-04	-9.99977e-01	
1343	9.900337e-04	-9.99977e-01	
1344	9.900338e-04	-9.99977e-01	
1345	9.900339e-04	-9.99977e-01	
1346	9.900340e-04	-9.99977e-01	
1347	9.900341e-04	-9.99977e-01	
1348	9.900342e-04	-9.99977e-01	
1349	9.900343e-04	-9.99977e-01	
1350	9.900344e-04	-9.99977e-01	
1351	9.900345e-04	-9.99977e-01	
1352	9.900346e-04	-9.99977e-01	
1353	9.900347e-04	-9.99977e-01	
1354	9.900348e-04	-9.99977e-01	
1355	9.900349e-04	-9.99977e-01	
1356	9.900350e-04	-9.99977e-01	
1357	9.900351e-04	-9.99977e-01	
1358	9.900352e-04	-9.99977e-01	
1359	9.900353e-04	-9.99977e-01	
1360	9.900354e-04	-9.99977e-01	
1361	9.900355e-04	-9.99977e-01	
1362	9.900356e-04	-9.99977e-01	
1363	9.900357e-04	-9.99977e-01	
1364	9.900358e-04	-9.99977e-01	
1365	9.900359e-04	-9.99977e-01	
1366	9.900360e-04	-9.99977e-01	
1367	9.900361e-04	-9.99977e-01	
1368	9.900362e-04	-9.99977e-01	
1369	9.900363e-04	-9.99977e-01	
1370	9.900364e-04	-9.99977e-01	
1371	9.900365e-04	-9.99977e-01	
1372	9.900366e-04	-9.99977e-01	
1373	9.900367e-04	-9.99977e-01	
1374	9.900368e-04	-9.99977e-01	
1375	9.900369e-04	-9.99977e-01	
1376	9.900370e-04	-9.99977e-01	
1377	9.900371e-04	-9.99977e-01	
1378	9.900372e-04	-9.99977e-01	
1379	9.900373e-04	-9.99977e-01	
1380	9.900374e-04	-9.99977e-01	
1381	9.900375e-04	-9.99977e-01	
1382	9.900376e-04	-9.99977e-01	
1383	9.900377e-04	-9.99977e-01	
1384	9.900378e-04	-9.99977e-01	
1385	9.900379e-04	-9.99977e-01	
1386	9.900380e-04	-9.99977e-01	
1387	9.900381e-04	-9.99977e-01	
1388	9.900382e-04	-9.99977e-01	

Index   time            v(5)            
--------------------------------------------------------------------------------
1389	9.900383e-04	-9.99977e-01	
1390	9.900384e-04	-9.99977e-01	
1391	9.900385e-04	-9.99977e-01	
1392	9.900386e-04	-9.99977e-01	
1393	9.900387e-04	-9.99977e-01	
1394	9.900388e-04	-9.99977e-01	
1395	9.900389e-04	-9.99977e-01	
1396	9.900390e-04	-9.99977e-01	
1397	9.900391e-04	-9.99977e-01	
1398	9.900392e-04	-9.99977e-01	
1399	9.900393e-04	-9.99977e-01	
1400	9.900394e-04	-9.99977e-01	
1401	9.900395e-04	-9.99977e-01	
1402	9.900396e-04	-9.99977e-01	
1403	9.900397e-04	-9.99977e-01	
1404	9.900398e-04	-9.99977e-01	
1405	9.900399e-04	-9.99977e-01	
1406	9.900400e-04	-9.99977e-01	
1407	9.900401e-04	-9.99977e-01	
1408	9.900402e-04	-9.99977e-01	
1409	9.900403e-04	-9.99977e-01	
1410	9.900404e-04	-9.99977e-01	
1411	9.900405e-04	-9.99977e-01	
1412	9.900406e-04	-9.99977e-01	
1413	9.900407e-04	-9.99977e-01	
1414	9.900408e-04	-9.99977e-01	
1415	9.900409e-04	-9.99977e-01	
1416	9.900410e-04	-9.99977e-01	
1417	9.900411e-04	-9.99977e-01	
1418	9.900412e-04	-9.99977e-01	
1419	9.900413e-04	-9.99977e-01	
1420	9.900414e-04	-9.99977e-01	
1421	9.900415e-04	-9.99977e-01	
1422	9.900416e-04	-9.99977e-01	
1423	9.900417e-04	-9.99977e-01	
1424	9.900418e-04	-9.99977e-01	
1425	9.900419e-04	-9.99977e-01	
1426	9.900420e-04	-9.99977e-01	
1427	9.900421e-04	-9.99977e-01	
1428	9.900422e-04	-9.99977e-01	
1429	9.900423e-04	-9.99977e-01	
1430	9.900424e-04	-9.99977e-01	
1431	9.900425e-04	-9.99977e-01	
1432	9.900426e-04	-9.99977e-01	
1433	9.900427e-04	-9.99977e-01	
1434	9.900428e-04	-9.99977e-01	
1435	9.900429e-04	-9.99977e-01	
1436	9.900430e-04	-9.99977e-01	
1437	9.900431e-04	-9.99977e-01	
1438	9.900432e-04	-9.99977e-01	
1439	9.900433e-04	-9.99977e-01	
1440	9.900434e-04	-9.99977e-01	
1441	9.900435e-04	-9.99977e-01	
1442	9.900436e-04	-9.99977e-01	
1443	9.900437e-04	-9.99977e-01	
1444	9.900438e-04	-9.99977e-01	
1445	9.900439e-04	-9.99977e-01	
1446	9.900440e-04	-9.99977e-01	

Index   time            v(5)            
--------------------------------------------------------------------------------
1447	9.900441e-04	-9.99977e-01	
1448	9.900442e-04	-9.99977e-01	
1449	9.900443e-04	-9.99977e-01	
1450	9.900444e-04	-9.99977e-01	
1451	9.900445e-04	-9.99977e-01	
1452	9.900446e-04	-9.99977e-01	
1453	9.900447e-04	-9.99977e-01	
1454	9.900448e-04	-9.99977e-01	
1455	9.900449e-04	-9.99977e-01	
1456	9.900450e-04	-9.99977e-01	
1457	9.900451e-04	-9.99977e-01	
1458	9.900452e-04	-9.99977e-01	
1459	9.900453e-04	-9.99977e-01	
1460	9.900454e-04	-9.99977e-01	
1461	9.900455e-04	-9.99977e-01	
1462	9.900456e-04	-9.99977e-01	
1463	9.900457e-04	-9.99977e-01	
1464	9.900458e-04	-9.99977e-01	
1465	9.900459e-04	-9.99977e-01	
1466	9.900460e-04	-9.99977e-01	
1467	9.900461e-04	-9.99977e-01	
1468	9.900462e-04	-9.99977e-01	
1469	9.900463e-04	-9.99977e-01	
1470	9.900464e-04	-9.99977e-01	
1471	9.900465e-04	-9.99977e-01	
1472	9.900466e-04	-9.99977e-01	
1473	9.900467e-04	-9.99977e-01	
1474	9.900468e-04	-9.99977e-01	
1475	9.900469e-04	-9.99977e-01	
1476	9.900470e-04	-9.99977e-01	
1477	9.900471e-04	-9.99977e-01	
1478	9.900472e-04	-9.99977e-01	
1479	9.900473e-04	-9.99977e-01	
1480	9.900474e-04	-9.99977e-01	
1481	9.900475e-04	-9.99977e-01	
1482	9.900476e-04	-9.99977e-01	
1483	9.900477e-04	-9.99977e-01	
1484	9.900478e-04	-9.99977e-01	
1485	9.900479e-04	-9.99977e-01	
1486	9.900480e-04	-9.99977e-01	
1487	9.900481e-04	-9.99977e-01	
1488	9.900482e-04	-9.99977e-01	
1489	9.900483e-04	-9.99977e-01	
1490	9.900484e-04	-9.99977e-01	
1491	9.900485e-04	-9.99977e-01	
1492	9.900486e-04	-9.99977e-01	
1493	9.900487e-04	-9.99977e-01	
1494	9.900488e-04	-9.99977e-01	
1495	9.900489e-04	-9.99977e-01	
1496	9.900490e-04	-9.99977e-01	
1497	9.900491e-04	-9.99977e-01	
1498	9.900492e-04	-9.99977e-01	
1499	9.900493e-04	-9.99977e-01	
1500	9.900494e-04	-9.99977e-01	
1501	9.900495e-04	-9.99977e-01	
1502	9.900496e-04	-9.99977e-01	
1503	9.900497e-04	-9.99977e-01	
1504	9.900498e-04	-9.99977e-01	

Index   time            v(5)            
--------------------------------------------------------------------------------
1505	9.900499e-04	-9.99977e-01	
1506	9.900500e-04	-9.99977e-01	
1507	9.900501e-04	-9.99977e-01	
1508	9.900502e-04	-9.99977e-01	
1509	9.900503e-04	-9.99977e-01	
1510	9.900504e-04	-9.99977e-01	
1511	9.900505e-04	-9.99977e-01	
1512	9.900506e-04	-9.99977e-01	
1513	9.900507e-04	-9.99977e-01	
1514	9.900508e-04	-9.99977e-01	
1515	9.900509e-04	-9.99977e-01	
1516	9.900510e-04	-9.99977e-01	
1517	9.900511e-04	-9.99977e-01	
1518	9.900512e-04	-9.99977e-01	
1519	9.900513e-04	-9.99977e-01	
1520	9.900514e-04	-9.99977e-01	
1521	9.900515e-04	-9.99977e-01	
1522	9.900516e-04	-9.99977e-01	
1523	9.900517e-04	-9.99977e-01	
1524	9.900518e-04	-9.99977e-01	
1525	9.900519e-04	-9.99977e-01	
1526	9.900520e-04	-9.99977e-01	
1527	9.900521e-04	-9.99977e-01	
1528	9.900522e-04	-9.99977e-01	
1529	9.900523e-04	-9.99977e-01	
1530	9.900524e-04	-9.99977e-01	
1531	9.900525e-04	-9.99977e-01	
1532	9.900526e-04	-9.99977e-01	
1533	9.900527e-04	-9.99977e-01	
1534	9.900528e-04	-9.99977e-01	
1535	9.900529e-04	-9.99977e-01	
1536	9.900530e-04	-9.99977e-01	
1537	9.900531e-04	-9.99977e-01	
1538	9.900532e-04	-9.99977e-01	
1539	9.900533e-04	-9.99977e-01	
1540	9.900534e-04	-9.99977e-01	
1541	9.900535e-04	-9.99977e-01	
1542	9.900536e-04	-9.99977e-01	
1543	9.900537e-04	-9.99977e-01	
1544	9.900538e-04	-9.99977e-01	
1545	9.900539e-04	-9.99977e-01	
1546	9.900540e-04	-9.99977e-01	
1547	9.900541e-04	-9.99977e-01	
1548	9.900542e-04	-9.99977e-01	
1549	9.900543e-04	-9.99977e-01	
1550	9.900544e-04	-9.99977e-01	
1551	9.900545e-04	-9.99977e-01	
1552	9.900546e-04	-9.99977e-01	
1553	9.900547e-04	-9.99977e-01	
1554	9.900548e-04	-9.99977e-01	
1555	9.900549e-04	-9.99977e-01	
1556	9.900550e-04	-9.99977e-01	
1557	9.900551e-04	-9.99977e-01	
1558	9.900552e-04	-9.99977e-01	
1559	9.900553e-04	-9.99977e-01	
1560	9.900554e-04	-9.99977e-01	
1561	9.900555e-04	-9.99977e-01	
1562	9.900556e-04	-9.99977e-01	

Index   time            v(5)            
--------------------------------------------------------------------------------
1563	9.900557e-04	-9.99977e-01	
1564	9.900558e-04	-9.99977e-01	
1565	9.900559e-04	-9.99977e-01	
1566	9.900560e-04	-9.99977e-01	
1567	9.900561e-04	-9.99977e-01	
1568	9.900562e-04	-9.99977e-01	
1569	9.900563e-04	-9.99977e-01	
1570	9.900564e-04	-9.99977e-01	
1571	9.900565e-04	-9.99977e-01	
1572	9.900566e-04	-9.99977e-01	
1573	9.900567e-04	-9.99977e-01	
1574	9.900568e-04	-9.99977e-01	
1575	9.900569e-04	-9.99977e-01	
1576	9.900570e-04	-9.99977e-01	
1577	9.900571e-04	-9.99977e-01	
1578	9.900572e-04	-9.99977e-01	
1579	9.900573e-04	-9.99977e-01	
1580	9.900574e-04	-9.99977e-01	
1581	9.900575e-04	-9.99977e-01	
1582	9.900576e-04	-9.99977e-01	
1583	9.900577e-04	-9.99977e-01	
1584	9.900578e-04	-9.99977e-01	
1585	9.900579e-04	-9.99977e-01	
1586	9.900580e-04	-9.99977e-01	
1587	9.900581e-04	-9.99977e-01	
1588	9.900582e-04	-9.99977e-01	
1589	9.900583e-04	-9.99977e-01	
1590	9.900584e-04	-9.99977e-01	
1591	9.900585e-04	-9.99977e-01	
1592	9.900586e-04	-9.99977e-01	
1593	9.900587e-04	-9.99977e-01	
1594	9.900588e-04	-9.99977e-01	
1595	9.900589e-04	-9.99977e-01	
1596	9.900590e-04	-9.99977e-01	
1597	9.900591e-04	-9.99977e-01	
1598	9.900592e-04	-9.99977e-01	
1599	9.900593e-04	-9.99977e-01	
1600	9.900594e-04	-9.99977e-01	
1601	9.900595e-04	-9.99977e-01	
1602	9.900596e-04	-9.99977e-01	
1603	9.900597e-04	-9.99977e-01	
1604	9.900598e-04	-9.99977e-01	
1605	9.900599e-04	-9.99977e-01	
1606	9.900600e-04	-9.99977e-01	
1607	9.900601e-04	-9.99977e-01	
1608	9.900602e-04	-9.99977e-01	
1609	9.900603e-04	-9.99977e-01	
1610	9.900604e-04	-9.99977e-01	
1611	9.900605e-04	-9.99977e-01	
1612	9.900606e-04	-9.99977e-01	
1613	9.900607e-04	-9.99977e-01	
1614	9.900608e-04	-9.99977e-01	
1615	9.900609e-04	-9.99977e-01	
1616	9.900610e-04	-9.99977e-01	
1617	9.900611e-04	-9.99977e-01	
1618	9.900612e-04	-9.99977e-01	
1619	9.900613e-04	-9.99977e-01	
1620	9.900614e-04	-9.99977e-01	

Index   time            v(5)            
--------------------------------------------------------------------------------
1621	9.900615e-04	-9.99977e-01	
1622	9.900616e-04	-9.99977e-01	
1623	9.900617e-04	-9.99977e-01	
1624	9.900618e-04	-9.99977e-01	
1625	9.900619e-04	-9.99977e-01	
1626	9.900620e-04	-9.99977e-01	
1627	9.900621e-04	-9.99977e-01	
1628	9.900622e-04	-9.99977e-01	
1629	9.900623e-04	-9.99977e-01	
1630	9.900624e-04	-9.99977e-01	
1631	9.900625e-04	-9.99977e-01	
1632	9.900626e-04	-9.99977e-01	
1633	9.900627e-04	-9.99977e-01	
1634	9.900628e-04	-9.99977e-01	
1635	9.900629e-04	-9.99977e-01	
1636	9.900630e-04	-9.99977e-01	
1637	9.900631e-04	-9.99977e-01	
1638	9.900632e-04	-9.99977e-01	
1639	9.900633e-04	-9.99977e-01	
1640	9.900634e-04	-9.99977e-01	
1641	9.900635e-04	-9.99977e-01	
1642	9.900636e-04	-9.99977e-01	
1643	9.900637e-04	-9.99977e-01	
1644	9.900638e-04	-9.99977e-01	
1645	9.900639e-04	-9.99977e-01	
1646	9.900640e-04	-9.99977e-01	
1647	9.900641e-04	-9.99977e-01	
1648	9.900642e-04	-9.99977e-01	
1649	9.900643e-04	-9.99977e-01	
1650	9.900644e-04	-9.99977e-01	
1651	9.900645e-04	-9.99977e-01	
1652	9.900646e-04	-9.99977e-01	
1653	9.900647e-04	-9.99977e-01	
1654	9.900648e-04	-9.99977e-01	
1655	9.900649e-04	-9.99977e-01	
1656	9.900650e-04	-9.99977e-01	
1657	9.900651e-04	-9.99977e-01	
1658	9.900652e-04	-9.99977e-01	
1659	9.900653e-04	-9.99977e-01	
1660	9.900654e-04	-9.99977e-01	
1661	9.900655e-04	-9.99977e-01	
1662	9.900656e-04	-9.99977e-01	
1663	9.900657e-04	-9.99977e-01	
1664	9.900658e-04	-9.99977e-01	
1665	9.900659e-04	-9.99977e-01	
1666	9.900660e-04	-9.99977e-01	
1667	9.900661e-04	-9.99977e-01	
1668	9.900662e-04	-9.99977e-01	
1669	9.900663e-04	-9.99977e-01	
1670	9.900664e-04	-9.99977e-01	
1671	9.900665e-04	-9.99977e-01	
1672	9.900666e-04	-9.99977e-01	
1673	9.900667e-04	-9.99977e-01	
1674	9.900668e-04	-9.99977e-01	
1675	9.900669e-04	-9.99977e-01	
1676	9.900670e-04	-9.99977e-01	
1677	9.900671e-04	-9.99977e-01	
1678	9.900672e-04	-9.99977e-01	

Index   time            v(5)            
--------------------------------------------------------------------------------
1679	9.900673e-04	-9.99977e-01	
1680	9.900674e-04	-9.99977e-01	
1681	9.900675e-04	-9.99977e-01	
1682	9.900676e-04	-9.99977e-01	
1683	9.900677e-04	-9.99977e-01	
1684	9.900678e-04	-9.99977e-01	
1685	9.900679e-04	-9.99977e-01	
1686	9.900680e-04	-9.99977e-01	
1687	9.900681e-04	-9.99977e-01	
1688	9.900682e-04	-9.99977e-01	
1689	9.900683e-04	-9.99977e-01	
1690	9.900684e-04	-9.99977e-01	
1691	9.900685e-04	-9.99977e-01	
1692	9.900686e-04	-9.99977e-01	
1693	9.900687e-04	-9.99977e-01	
1694	9.900688e-04	-9.99977e-01	
1695	9.900689e-04	-9.99977e-01	
1696	9.900690e-04	-9.99977e-01	
1697	9.900691e-04	-9.99977e-01	
1698	9.900692e-04	-9.99977e-01	
1699	9.900693e-04	-9.99977e-01	
1700	9.900694e-04	-9.99977e-01	
1701	9.900695e-04	-9.99977e-01	
1702	9.900696e-04	-9.99977e-01	
1703	9.900697e-04	-9.99977e-01	
1704	9.900698e-04	-9.99977e-01	
1705	9.900699e-04	-9.99977e-01	
1706	9.900700e-04	-9.99977e-01	
1707	9.900701e-04	-9.99977e-01	
1708	9.900702e-04	-9.99977e-01	
1709	9.900703e-04	-9.99977e-01	
1710	9.900704e-04	-9.99977e-01	
1711	9.900705e-04	-9.99977e-01	
1712	9.900706e-04	-9.99977e-01	
1713	9.900707e-04	-9.99977e-01	
1714	9.900708e-04	-9.99977e-01	
1715	9.900709e-04	-9.99977e-01	
1716	9.900710e-04	-9.99977e-01	
1717	9.900711e-04	-9.99977e-01	
1718	9.900712e-04	-9.99977e-01	
1719	9.900713e-04	-9.99977e-01	
1720	9.900714e-04	-9.99977e-01	
1721	9.900715e-04	-9.99977e-01	
1722	9.900716e-04	-9.99977e-01	
1723	9.900717e-04	-9.99977e-01	
1724	9.900718e-04	-9.99977e-01	
1725	9.900719e-04	-9.99977e-01	
1726	9.900720e-04	-9.99977e-01	
1727	9.900721e-04	-9.99977e-01	
1728	9.900722e-04	-9.99977e-01	
1729	9.900723e-04	-9.99977e-01	
1730	9.900724e-04	-9.99977e-01	
1731	9.900725e-04	-9.99977e-01	
1732	9.900726e-04	-9.99977e-01	
1733	9.900727e-04	-9.99977e-01	
1734	9.900728e-04	-9.99977e-01	
1735	9.900729e-04	-9.99977e-01	
1736	9.900730e-04	-9.99977e-01	

Index   time            v(5)            
--------------------------------------------------------------------------------
1737	9.900731e-04	-9.99977e-01	
1738	9.900732e-04	-9.99977e-01	
1739	9.900733e-04	-9.99977e-01	
1740	9.900734e-04	-9.99977e-01	
1741	9.900735e-04	-9.99977e-01	
1742	9.900736e-04	-9.99977e-01	
1743	9.900737e-04	-9.99977e-01	
1744	9.900738e-04	-9.99977e-01	
1745	9.900739e-04	-9.99977e-01	
1746	9.900740e-04	-9.99977e-01	
1747	9.900741e-04	-9.99977e-01	
1748	9.900742e-04	-9.99977e-01	
1749	9.900743e-04	-9.99977e-01	
1750	9.900744e-04	-9.99977e-01	
1751	9.900745e-04	-9.99977e-01	
1752	9.900746e-04	-9.99977e-01	
1753	9.900747e-04	-9.99977e-01	
1754	9.900748e-04	-9.99977e-01	
1755	9.900749e-04	-9.99977e-01	
1756	9.900750e-04	-9.99977e-01	
1757	9.900751e-04	-9.99977e-01	
1758	9.900752e-04	-9.99977e-01	
1759	9.900753e-04	-9.99977e-01	
1760	9.900754e-04	-9.99977e-01	
1761	9.900755e-04	-9.99977e-01	
1762	9.900756e-04	-9.99977e-01	
1763	9.900757e-04	-9.99977e-01	
1764	9.900758e-04	-9.99977e-01	
1765	9.900759e-04	-9.99977e-01	
1766	9.900760e-04	-9.99977e-01	
1767	9.900761e-04	-9.99977e-01	
1768	9.900762e-04	-9.99977e-01	
1769	9.900763e-04	-9.99977e-01	
1770	9.900764e-04	-9.99977e-01	
1771	9.900765e-04	-9.99977e-01	
1772	9.900766e-04	-9.99977e-01	
1773	9.900767e-04	-9.99977e-01	
1774	9.900768e-04	-9.99977e-01	
1775	9.900769e-04	-9.99977e-01	
1776	9.900770e-04	-9.99977e-01	
1777	9.900771e-04	-9.99977e-01	
1778	9.900772e-04	-9.99977e-01	
1779	9.900773e-04	-9.99977e-01	
1780	9.900774e-04	-9.99977e-01	
1781	9.900775e-04	-9.99977e-01	
1782	9.900776e-04	-9.99977e-01	
1783	9.900777e-04	-9.99977e-01	
1784	9.900778e-04	-9.99977e-01	
1785	9.900779e-04	-9.99977e-01	
1786	9.900780e-04	-9.99977e-01	
1787	9.900781e-04	-9.99977e-01	
1788	9.900782e-04	-9.99977e-01	
1789	9.900783e-04	-9.99977e-01	
1790	9.900784e-04	-9.99977e-01	
1791	9.900785e-04	-9.99977e-01	
1792	9.900786e-04	-9.99977e-01	
1793	9.900787e-04	-9.99977e-01	
1794	9.900788e-04	-9.99977e-01	

Index   time            v(5)            
--------------------------------------------------------------------------------
1795	9.900789e-04	-9.99977e-01	
1796	9.900790e-04	-9.99977e-01	
1797	9.900791e-04	-9.99977e-01	
1798	9.900792e-04	-9.99977e-01	
1799	9.900793e-04	-9.99977e-01	
1800	9.900794e-04	-9.99977e-01	
1801	9.900795e-04	-9.99977e-01	
1802	9.900796e-04	-9.99977e-01	
1803	9.900797e-04	-9.99977e-01	
1804	9.900798e-04	-9.99977e-01	
1805	9.900799e-04	-9.99977e-01	
1806	9.900800e-04	-9.99977e-01	
1807	9.900801e-04	-9.99977e-01	
1808	9.900802e-04	-9.99977e-01	
1809	9.900803e-04	-9.99977e-01	
1810	9.900804e-04	-9.99977e-01	
1811	9.900805e-04	-9.99977e-01	
1812	9.900806e-04	-9.99977e-01	
1813	9.900807e-04	-9.99977e-01	
1814	9.900808e-04	-9.99977e-01	
1815	9.900809e-04	-9.99977e-01	
1816	9.900810e-04	-9.99977e-01	
1817	9.900811e-04	-9.99977e-01	
1818	9.900812e-04	-9.99977e-01	
1819	9.900813e-04	-9.99977e-01	
1820	9.900814e-04	-9.99977e-01	
1821	9.900815e-04	-9.99977e-01	
1822	9.900816e-04	-9.99977e-01	
1823	9.900817e-04	-9.99977e-01	
1824	9.900818e-04	-9.99977e-01	
1825	9.900819e-04	-9.99977e-01	
1826	9.900820e-04	-9.99977e-01	
1827	9.900821e-04	-9.99977e-01	
1828	9.900822e-04	-9.99977e-01	
1829	9.900823e-04	-9.99977e-01	
1830	9.900824e-04	-9.99977e-01	
1831	9.900825e-04	-9.99977e-01	
1832	9.900826e-04	-9.99977e-01	
1833	9.900827e-04	-9.99977e-01	
1834	9.900828e-04	-9.99977e-01	
1835	9.900829e-04	-9.99977e-01	
1836	9.900830e-04	-9.99977e-01	
1837	9.900831e-04	-9.99977e-01	
1838	9.900832e-04	-9.99977e-01	
1839	9.900833e-04	-9.99977e-01	
1840	9.900834e-04	-9.99977e-01	
1841	9.900835e-04	-9.99977e-01	
1842	9.900836e-04	-9.99977e-01	
1843	9.900837e-04	-9.99977e-01	
1844	9.900838e-04	-9.99977e-01	
1845	9.900839e-04	-9.99977e-01	
1846	9.900840e-04	-9.99977e-01	
1847	9.900841e-04	-9.99977e-01	
1848	9.900842e-04	-9.99977e-01	
1849	9.900843e-04	-9.99977e-01	
1850	9.900844e-04	-9.99977e-01	
1851	9.900845e-04	-9.99977e-01	
1852	9.900846e-04	-9.99977e-01	

Index   time            v(5)            
--------------------------------------------------------------------------------
1853	9.900847e-04	-9.99977e-01	
1854	9.900848e-04	-9.99977e-01	
1855	9.900849e-04	-9.99977e-01	
1856	9.900850e-04	-9.99977e-01	
1857	9.900851e-04	-9.99977e-01	
1858	9.900852e-04	-9.99977e-01	
1859	9.900853e-04	-9.99977e-01	
1860	9.900854e-04	-9.99977e-01	
1861	9.900855e-04	-9.99977e-01	
1862	9.900856e-04	-9.99977e-01	
1863	9.900857e-04	-9.99977e-01	
1864	9.900858e-04	-9.99977e-01	
1865	9.900859e-04	-9.99977e-01	
1866	9.900860e-04	-9.99977e-01	
1867	9.900861e-04	-9.99977e-01	
1868	9.900862e-04	-9.99977e-01	
1869	9.900863e-04	-9.99977e-01	
1870	9.900864e-04	-9.99977e-01	
1871	9.900865e-04	-9.99977e-01	
1872	9.900866e-04	-9.99977e-01	
1873	9.900867e-04	-9.99977e-01	
1874	9.900868e-04	-9.99977e-01	
1875	9.900869e-04	-9.99977e-01	
1876	9.900870e-04	-9.99977e-01	
1877	9.900871e-04	-9.99977e-01	
1878	9.900872e-04	-9.99977e-01	
1879	9.900873e-04	-9.99977e-01	
1880	9.900874e-04	-9.99977e-01	
1881	9.900875e-04	-9.99977e-01	
1882	9.900876e-04	-9.99977e-01	
1883	9.900877e-04	-9.99977e-01	
1884	9.900878e-04	-9.99977e-01	
1885	9.900879e-04	-9.99977e-01	
1886	9.900880e-04	-9.99977e-01	
1887	9.900881e-04	-9.99977e-01	
1888	9.900882e-04	-9.99977e-01	
1889	9.900883e-04	-9.99977e-01	
1890	9.900884e-04	-9.99977e-01	
1891	9.900885e-04	-9.99977e-01	
1892	9.900886e-04	-9.99977e-01	
1893	9.900887e-04	-9.99977e-01	
1894	9.900888e-04	-9.99977e-01	
1895	9.900889e-04	-9.99977e-01	
1896	9.900890e-04	-9.99977e-01	
1897	9.900891e-04	-9.99977e-01	
1898	9.900892e-04	-9.99977e-01	
1899	9.900893e-04	-9.99977e-01	
1900	9.900894e-04	-9.99977e-01	
1901	9.900895e-04	-9.99977e-01	
1902	9.900896e-04	-9.99977e-01	
1903	9.900897e-04	-9.99977e-01	
1904	9.900898e-04	-9.99977e-01	
1905	9.900899e-04	-9.99977e-01	
1906	9.900900e-04	-9.99977e-01	
1907	9.900901e-04	-9.99977e-01	
1908	9.900902e-04	-9.99977e-01	
1909	9.900903e-04	-9.99977e-01	
1910	9.900904e-04	-9.99977e-01	

Index   time            v(5)            
--------------------------------------------------------------------------------
1911	9.900905e-04	-9.99977e-01	
1912	9.900906e-04	-9.99977e-01	
1913	9.900907e-04	-9.99977e-01	
1914	9.900908e-04	-9.99977e-01	
1915	9.900909e-04	-9.99977e-01	
1916	9.900910e-04	-9.99977e-01	
1917	9.900911e-04	-9.99977e-01	
1918	9.900912e-04	-9.99977e-01	
1919	9.900913e-04	-9.99977e-01	
1920	9.900914e-04	-9.99977e-01	
1921	9.900915e-04	-9.99977e-01	
1922	9.900916e-04	-9.99977e-01	
1923	9.900917e-04	-9.99977e-01	
1924	9.900918e-04	-9.99977e-01	
1925	9.900919e-04	-9.99977e-01	
1926	9.900920e-04	-9.99977e-01	
1927	9.900921e-04	-9.99977e-01	
1928	9.900922e-04	-9.99977e-01	
1929	9.900923e-04	-9.99977e-01	
1930	9.900924e-04	-9.99977e-01	
1931	9.900925e-04	-9.99977e-01	
1932	9.900926e-04	-9.99977e-01	
1933	9.900927e-04	-9.99977e-01	
1934	9.900928e-04	-9.99977e-01	
1935	9.900929e-04	-9.99977e-01	
1936	9.900930e-04	-9.99977e-01	
1937	9.900931e-04	-9.99977e-01	
1938	9.900932e-04	-9.99977e-01	
1939	9.900933e-04	-9.99977e-01	
1940	9.900934e-04	-9.99977e-01	
1941	9.900935e-04	-9.99977e-01	
1942	9.900936e-04	-9.99977e-01	
1943	9.900937e-04	-9.99977e-01	
1944	9.900938e-04	-9.99977e-01	
1945	9.900939e-04	-9.99977e-01	
1946	9.900940e-04	-9.99977e-01	
1947	9.900941e-04	-9.99977e-01	
1948	9.900942e-04	-9.99977e-01	
1949	9.900943e-04	-9.99977e-01	
1950	9.900944e-04	-9.99977e-01	
1951	9.900945e-04	-9.99977e-01	
1952	9.900946e-04	-9.99977e-01	
1953	9.900947e-04	-9.99977e-01	
1954	9.900948e-04	-9.99977e-01	
1955	9.900949e-04	-9.99977e-01	
1956	9.900950e-04	-9.99977e-01	
1957	9.900951e-04	-9.99977e-01	
1958	9.900952e-04	-9.99977e-01	
1959	9.900953e-04	-9.99977e-01	
1960	9.900954e-04	-9.99977e-01	
1961	9.900955e-04	-9.99977e-01	
1962	9.900956e-04	-9.99977e-01	
1963	9.900957e-04	-9.99977e-01	
1964	9.900958e-04	-9.99977e-01	
1965	9.900959e-04	-9.99977e-01	
1966	9.900960e-04	-9.99977e-01	
1967	9.900961e-04	-9.99977e-01	
1968	9.900962e-04	-9.99977e-01	

Index   time            v(5)            
--------------------------------------------------------------------------------
1969	9.900963e-04	-9.99977e-01	
1970	9.900964e-04	-9.99977e-01	
1971	9.900965e-04	-9.99977e-01	
1972	9.900966e-04	-9.99977e-01	
1973	9.900967e-04	-9.99977e-01	
1974	9.900968e-04	-9.99977e-01	
1975	9.900969e-04	-9.99977e-01	
1976	9.900970e-04	-9.99977e-01	
1977	9.900971e-04	-9.99977e-01	
1978	9.900972e-04	-9.99977e-01	
1979	9.900973e-04	-9.99977e-01	
1980	9.900974e-04	-9.99977e-01	
1981	9.900975e-04	-9.99977e-01	
1982	9.900976e-04	-9.99977e-01	
1983	9.900977e-04	-9.99977e-01	
1984	9.900978e-04	-9.99977e-01	
1985	9.900979e-04	-9.99977e-01	
1986	9.900980e-04	-9.99977e-01	
1987	9.900981e-04	-9.99977e-01	
1988	9.900982e-04	-9.99977e-01	
1989	9.900983e-04	-9.99977e-01	
1990	9.900984e-04	-9.99977e-01	
1991	9.900985e-04	-9.99977e-01	
1992	9.900986e-04	-9.99977e-01	
1993	9.900987e-04	-9.99977e-01	
1994	9.900988e-04	-9.99977e-01	
1995	9.900989e-04	-9.99977e-01	
1996	9.900990e-04	-9.99977e-01	
1997	9.900991e-04	-9.99977e-01	
1998	9.900992e-04	-9.99977e-01	
1999	9.900993e-04	-9.99977e-01	
2000	9.900994e-04	-9.99977e-01	
2001	9.900995e-04	-9.99977e-01	
2002	9.900996e-04	-9.99977e-01	
2003	9.900997e-04	-9.99977e-01	
2004	9.900998e-04	-9.99977e-01	
2005	9.900999e-04	-9.99977e-01	
2006	9.901000e-04	-9.99977e-01	
