                       bat85 diode recovery time at 1khz
                       Transient Analysis  Sun Aug 21 12:05:08  2022
--------------------------------------------------------------------------------
Index   time            v(5)            
--------------------------------------------------------------------------------
0	2.999900e-03	2.925981e-01	
1	2.999901e-03	2.925981e-01	
2	2.999902e-03	2.925981e-01	
3	2.999903e-03	2.925981e-01	
4	2.999904e-03	2.925981e-01	
5	2.999905e-03	2.925981e-01	
6	2.999906e-03	2.925981e-01	
7	2.999907e-03	2.925981e-01	
8	2.999908e-03	2.925981e-01	
9	2.999909e-03	2.925981e-01	
10	2.999910e-03	2.925981e-01	
11	2.999911e-03	2.925981e-01	
12	2.999912e-03	2.925981e-01	
13	2.999913e-03	2.925981e-01	
14	2.999914e-03	2.925981e-01	
15	2.999915e-03	2.925981e-01	
16	2.999916e-03	2.925981e-01	
17	2.999917e-03	2.925981e-01	
18	2.999918e-03	2.925981e-01	
19	2.999919e-03	2.925981e-01	
20	2.999920e-03	2.925981e-01	
21	2.999921e-03	2.925981e-01	
22	2.999922e-03	2.925981e-01	
23	2.999923e-03	2.925981e-01	
24	2.999924e-03	2.925981e-01	
25	2.999925e-03	2.925981e-01	
26	2.999926e-03	2.925981e-01	
27	2.999927e-03	2.925981e-01	
28	2.999928e-03	2.925981e-01	
29	2.999929e-03	2.925981e-01	
30	2.999930e-03	2.925981e-01	
31	2.999931e-03	2.925981e-01	
32	2.999932e-03	2.925981e-01	
33	2.999933e-03	2.925981e-01	
34	2.999934e-03	2.925981e-01	
35	2.999935e-03	2.925981e-01	
36	2.999936e-03	2.925981e-01	
37	2.999937e-03	2.925981e-01	
38	2.999938e-03	2.925981e-01	
39	2.999939e-03	2.925981e-01	
40	2.999940e-03	2.925981e-01	
41	2.999941e-03	2.925981e-01	
42	2.999942e-03	2.925981e-01	
43	2.999943e-03	2.925981e-01	
44	2.999944e-03	2.925981e-01	
45	2.999945e-03	2.925981e-01	
46	2.999946e-03	2.925981e-01	
47	2.999947e-03	2.925981e-01	
48	2.999948e-03	2.925981e-01	
49	2.999949e-03	2.925981e-01	
50	2.999950e-03	2.925981e-01	
51	2.999951e-03	2.925981e-01	
52	2.999952e-03	2.925981e-01	
53	2.999953e-03	2.925981e-01	
54	2.999954e-03	2.925981e-01	

Index   time            v(5)            
--------------------------------------------------------------------------------
55	2.999955e-03	2.925981e-01	
56	2.999956e-03	2.925981e-01	
57	2.999957e-03	2.925981e-01	
58	2.999958e-03	2.925981e-01	
59	2.999959e-03	2.925981e-01	
60	2.999960e-03	2.925981e-01	
61	2.999961e-03	2.925981e-01	
62	2.999962e-03	2.925981e-01	
63	2.999963e-03	2.925981e-01	
64	2.999964e-03	2.925981e-01	
65	2.999965e-03	2.925981e-01	
66	2.999966e-03	2.925981e-01	
67	2.999967e-03	2.925981e-01	
68	2.999968e-03	2.925981e-01	
69	2.999969e-03	2.925981e-01	
70	2.999970e-03	2.925981e-01	
71	2.999971e-03	2.925981e-01	
72	2.999972e-03	2.925981e-01	
73	2.999973e-03	2.925981e-01	
74	2.999974e-03	2.925981e-01	
75	2.999975e-03	2.925981e-01	
76	2.999976e-03	2.925981e-01	
77	2.999977e-03	2.925981e-01	
78	2.999978e-03	2.925981e-01	
79	2.999979e-03	2.925981e-01	
80	2.999980e-03	2.925981e-01	
81	2.999981e-03	2.925981e-01	
82	2.999982e-03	2.925981e-01	
83	2.999983e-03	2.925981e-01	
84	2.999984e-03	2.925981e-01	
85	2.999985e-03	2.925981e-01	
86	2.999986e-03	2.925981e-01	
87	2.999987e-03	2.925981e-01	
88	2.999988e-03	2.925981e-01	
89	2.999989e-03	2.925981e-01	
90	2.999990e-03	2.925981e-01	
91	2.999991e-03	2.925981e-01	
92	2.999992e-03	2.925981e-01	
93	2.999993e-03	2.925981e-01	
94	2.999994e-03	2.925981e-01	
95	2.999995e-03	2.925981e-01	
96	2.999996e-03	2.925981e-01	
97	2.999997e-03	2.925981e-01	
98	2.999998e-03	2.925981e-01	
99	2.999999e-03	2.925981e-01	
100	3.000000e-03	2.925981e-01	
101	3.000001e-03	2.925981e-01	
102	3.000001e-03	2.846535e-01	
103	3.000001e-03	2.633339e-01	
104	3.000002e-03	1.788662e-01	
105	3.000002e-03	3.677189e-02	
106	3.000002e-03	1.009302e-02	
107	3.000002e-03	-4.82230e-02	
108	3.000002e-03	-1.71964e-01	
109	3.000003e-03	-4.07360e-01	
110	3.000003e-03	-7.38968e-01	
111	3.000004e-03	-9.57782e-01	
112	3.000005e-03	-9.92362e-01	

Index   time            v(5)            
--------------------------------------------------------------------------------
113	3.000006e-03	-9.98904e-01	
114	3.000007e-03	-9.99827e-01	
115	3.000008e-03	-9.99956e-01	
116	3.000009e-03	-9.99974e-01	
117	3.000010e-03	-9.99977e-01	
118	3.000011e-03	-9.99977e-01	
119	3.000012e-03	-9.99977e-01	
120	3.000013e-03	-9.99977e-01	
121	3.000014e-03	-9.99977e-01	
122	3.000015e-03	-9.99977e-01	
123	3.000016e-03	-9.99977e-01	
124	3.000017e-03	-9.99977e-01	
125	3.000018e-03	-9.99977e-01	
126	3.000019e-03	-9.99977e-01	
127	3.000020e-03	-9.99977e-01	
128	3.000021e-03	-9.99977e-01	
129	3.000022e-03	-9.99977e-01	
130	3.000023e-03	-9.99977e-01	
131	3.000024e-03	-9.99977e-01	
132	3.000025e-03	-9.99977e-01	
133	3.000026e-03	-9.99977e-01	
134	3.000027e-03	-9.99977e-01	
135	3.000028e-03	-9.99977e-01	
136	3.000029e-03	-9.99977e-01	
137	3.000030e-03	-9.99977e-01	
138	3.000031e-03	-9.99977e-01	
139	3.000032e-03	-9.99977e-01	
140	3.000033e-03	-9.99977e-01	
141	3.000034e-03	-9.99977e-01	
142	3.000035e-03	-9.99977e-01	
143	3.000036e-03	-9.99977e-01	
144	3.000037e-03	-9.99977e-01	
145	3.000038e-03	-9.99977e-01	
146	3.000039e-03	-9.99977e-01	
147	3.000040e-03	-9.99977e-01	
148	3.000041e-03	-9.99977e-01	
149	3.000042e-03	-9.99977e-01	
150	3.000043e-03	-9.99977e-01	
151	3.000044e-03	-9.99977e-01	
152	3.000045e-03	-9.99977e-01	
153	3.000046e-03	-9.99977e-01	
154	3.000047e-03	-9.99977e-01	
155	3.000048e-03	-9.99977e-01	
156	3.000049e-03	-9.99977e-01	
157	3.000050e-03	-9.99977e-01	
158	3.000051e-03	-9.99977e-01	
159	3.000052e-03	-9.99977e-01	
160	3.000053e-03	-9.99977e-01	
161	3.000054e-03	-9.99977e-01	
162	3.000055e-03	-9.99977e-01	
163	3.000056e-03	-9.99977e-01	
164	3.000057e-03	-9.99977e-01	
165	3.000058e-03	-9.99977e-01	
166	3.000059e-03	-9.99977e-01	
167	3.000060e-03	-9.99977e-01	
168	3.000061e-03	-9.99977e-01	
169	3.000062e-03	-9.99977e-01	
170	3.000063e-03	-9.99977e-01	

Index   time            v(5)            
--------------------------------------------------------------------------------
171	3.000064e-03	-9.99977e-01	
172	3.000065e-03	-9.99977e-01	
173	3.000066e-03	-9.99977e-01	
174	3.000067e-03	-9.99977e-01	
175	3.000068e-03	-9.99977e-01	
176	3.000069e-03	-9.99977e-01	
177	3.000070e-03	-9.99977e-01	
178	3.000071e-03	-9.99977e-01	
179	3.000072e-03	-9.99977e-01	
180	3.000073e-03	-9.99977e-01	
181	3.000074e-03	-9.99977e-01	
182	3.000075e-03	-9.99977e-01	
183	3.000076e-03	-9.99977e-01	
184	3.000077e-03	-9.99977e-01	
185	3.000078e-03	-9.99977e-01	
186	3.000079e-03	-9.99977e-01	
187	3.000080e-03	-9.99977e-01	
188	3.000081e-03	-9.99977e-01	
189	3.000082e-03	-9.99977e-01	
190	3.000083e-03	-9.99977e-01	
191	3.000084e-03	-9.99977e-01	
192	3.000085e-03	-9.99977e-01	
193	3.000086e-03	-9.99977e-01	
194	3.000087e-03	-9.99977e-01	
195	3.000088e-03	-9.99977e-01	
196	3.000089e-03	-9.99977e-01	
197	3.000090e-03	-9.99977e-01	
198	3.000091e-03	-9.99977e-01	
199	3.000092e-03	-9.99977e-01	
200	3.000093e-03	-9.99977e-01	
201	3.000094e-03	-9.99977e-01	
202	3.000095e-03	-9.99977e-01	
203	3.000096e-03	-9.99977e-01	
204	3.000097e-03	-9.99977e-01	
205	3.000098e-03	-9.99977e-01	
206	3.000099e-03	-9.99977e-01	
207	3.000100e-03	-9.99977e-01	
