                      bat85 diode recovery time at 100khz
                      Transient Analysis  Sun Aug 21 12:06:08  2022
--------------------------------------------------------------------------------
Index   time            i(vbat85)       
--------------------------------------------------------------------------------
0	9.899000e-04	7.074019e-03	
1	9.899001e-04	7.074019e-03	
2	9.899002e-04	7.074019e-03	
3	9.899003e-04	7.074019e-03	
4	9.899004e-04	7.074019e-03	
5	9.899005e-04	7.074019e-03	
6	9.899006e-04	7.074019e-03	
7	9.899007e-04	7.074019e-03	
8	9.899008e-04	7.074019e-03	
9	9.899009e-04	7.074019e-03	
10	9.899010e-04	7.074019e-03	
11	9.899011e-04	7.074019e-03	
12	9.899012e-04	7.074019e-03	
13	9.899013e-04	7.074019e-03	
14	9.899014e-04	7.074019e-03	
15	9.899015e-04	7.074019e-03	
16	9.899016e-04	7.074019e-03	
17	9.899017e-04	7.074019e-03	
18	9.899018e-04	7.074019e-03	
19	9.899019e-04	7.074019e-03	
20	9.899020e-04	7.074019e-03	
21	9.899021e-04	7.074019e-03	
22	9.899022e-04	7.074019e-03	
23	9.899023e-04	7.074019e-03	
24	9.899024e-04	7.074019e-03	
25	9.899025e-04	7.074019e-03	
26	9.899026e-04	7.074019e-03	
27	9.899027e-04	7.074019e-03	
28	9.899028e-04	7.074019e-03	
29	9.899029e-04	7.074019e-03	
30	9.899030e-04	7.074019e-03	
31	9.899031e-04	7.074019e-03	
32	9.899032e-04	7.074019e-03	
33	9.899033e-04	7.074019e-03	
34	9.899034e-04	7.074019e-03	
35	9.899035e-04	7.074019e-03	
36	9.899036e-04	7.074019e-03	
37	9.899037e-04	7.074019e-03	
38	9.899038e-04	7.074019e-03	
39	9.899039e-04	7.074019e-03	
40	9.899040e-04	7.074019e-03	
41	9.899041e-04	7.074019e-03	
42	9.899042e-04	7.074019e-03	
43	9.899043e-04	7.074019e-03	
44	9.899044e-04	7.074019e-03	
45	9.899045e-04	7.074019e-03	
46	9.899046e-04	7.074019e-03	
47	9.899047e-04	7.074019e-03	
48	9.899048e-04	7.074019e-03	
49	9.899049e-04	7.074019e-03	
50	9.899050e-04	7.074019e-03	
51	9.899051e-04	7.074019e-03	
52	9.899052e-04	7.074019e-03	
53	9.899053e-04	7.074019e-03	
54	9.899054e-04	7.074019e-03	

Index   time            i(vbat85)       
--------------------------------------------------------------------------------
55	9.899055e-04	7.074019e-03	
56	9.899056e-04	7.074019e-03	
57	9.899057e-04	7.074019e-03	
58	9.899058e-04	7.074019e-03	
59	9.899059e-04	7.074019e-03	
60	9.899060e-04	7.074019e-03	
61	9.899061e-04	7.074019e-03	
62	9.899062e-04	7.074019e-03	
63	9.899063e-04	7.074019e-03	
64	9.899064e-04	7.074019e-03	
65	9.899065e-04	7.074019e-03	
66	9.899066e-04	7.074019e-03	
67	9.899067e-04	7.074019e-03	
68	9.899068e-04	7.074019e-03	
69	9.899069e-04	7.074019e-03	
70	9.899070e-04	7.074019e-03	
71	9.899071e-04	7.074019e-03	
72	9.899072e-04	7.074019e-03	
73	9.899073e-04	7.074019e-03	
74	9.899074e-04	7.074019e-03	
75	9.899075e-04	7.074019e-03	
76	9.899076e-04	7.074019e-03	
77	9.899077e-04	7.074019e-03	
78	9.899078e-04	7.074019e-03	
79	9.899079e-04	7.074019e-03	
80	9.899080e-04	7.074019e-03	
81	9.899081e-04	7.074019e-03	
82	9.899082e-04	7.074019e-03	
83	9.899083e-04	7.074019e-03	
84	9.899084e-04	7.074019e-03	
85	9.899085e-04	7.074019e-03	
86	9.899086e-04	7.074019e-03	
87	9.899087e-04	7.074019e-03	
88	9.899088e-04	7.074019e-03	
89	9.899089e-04	7.074019e-03	
90	9.899090e-04	7.074019e-03	
91	9.899091e-04	7.074019e-03	
92	9.899092e-04	7.074019e-03	
93	9.899093e-04	7.074019e-03	
94	9.899094e-04	7.074019e-03	
95	9.899095e-04	7.074019e-03	
96	9.899096e-04	7.074019e-03	
97	9.899097e-04	7.074019e-03	
98	9.899098e-04	7.074019e-03	
99	9.899099e-04	7.074019e-03	
100	9.899100e-04	7.074019e-03	
101	9.899101e-04	7.074019e-03	
102	9.899102e-04	7.074019e-03	
103	9.899103e-04	7.074019e-03	
104	9.899104e-04	7.074019e-03	
105	9.899105e-04	7.074019e-03	
106	9.899106e-04	7.074019e-03	
107	9.899107e-04	7.074019e-03	
108	9.899108e-04	7.074019e-03	
109	9.899109e-04	7.074019e-03	
110	9.899110e-04	7.074019e-03	
111	9.899111e-04	7.074019e-03	
112	9.899112e-04	7.074019e-03	

Index   time            i(vbat85)       
--------------------------------------------------------------------------------
113	9.899113e-04	7.074019e-03	
114	9.899114e-04	7.074019e-03	
115	9.899115e-04	7.074019e-03	
116	9.899116e-04	7.074019e-03	
117	9.899117e-04	7.074019e-03	
118	9.899118e-04	7.074019e-03	
119	9.899119e-04	7.074019e-03	
120	9.899120e-04	7.074019e-03	
121	9.899121e-04	7.074019e-03	
122	9.899122e-04	7.074019e-03	
123	9.899123e-04	7.074019e-03	
124	9.899124e-04	7.074019e-03	
125	9.899125e-04	7.074019e-03	
126	9.899126e-04	7.074019e-03	
127	9.899127e-04	7.074019e-03	
128	9.899128e-04	7.074019e-03	
129	9.899129e-04	7.074019e-03	
130	9.899130e-04	7.074019e-03	
131	9.899131e-04	7.074019e-03	
132	9.899132e-04	7.074019e-03	
133	9.899133e-04	7.074019e-03	
134	9.899134e-04	7.074019e-03	
135	9.899135e-04	7.074019e-03	
136	9.899136e-04	7.074019e-03	
137	9.899137e-04	7.074019e-03	
138	9.899138e-04	7.074019e-03	
139	9.899139e-04	7.074019e-03	
140	9.899140e-04	7.074019e-03	
141	9.899141e-04	7.074019e-03	
142	9.899142e-04	7.074019e-03	
143	9.899143e-04	7.074019e-03	
144	9.899144e-04	7.074019e-03	
145	9.899145e-04	7.074019e-03	
146	9.899146e-04	7.074019e-03	
147	9.899147e-04	7.074019e-03	
148	9.899148e-04	7.074019e-03	
149	9.899149e-04	7.074019e-03	
150	9.899150e-04	7.074019e-03	
151	9.899151e-04	7.074019e-03	
152	9.899152e-04	7.074019e-03	
153	9.899153e-04	7.074019e-03	
154	9.899154e-04	7.074019e-03	
155	9.899155e-04	7.074019e-03	
156	9.899156e-04	7.074019e-03	
157	9.899157e-04	7.074019e-03	
158	9.899158e-04	7.074019e-03	
159	9.899159e-04	7.074019e-03	
160	9.899160e-04	7.074019e-03	
161	9.899161e-04	7.074019e-03	
162	9.899162e-04	7.074019e-03	
163	9.899163e-04	7.074019e-03	
164	9.899164e-04	7.074019e-03	
165	9.899165e-04	7.074019e-03	
166	9.899166e-04	7.074019e-03	
167	9.899167e-04	7.074019e-03	
168	9.899168e-04	7.074019e-03	
169	9.899169e-04	7.074019e-03	
170	9.899170e-04	7.074019e-03	

Index   time            i(vbat85)       
--------------------------------------------------------------------------------
171	9.899171e-04	7.074019e-03	
172	9.899172e-04	7.074019e-03	
173	9.899173e-04	7.074019e-03	
174	9.899174e-04	7.074019e-03	
175	9.899175e-04	7.074019e-03	
176	9.899176e-04	7.074019e-03	
177	9.899177e-04	7.074019e-03	
178	9.899178e-04	7.074019e-03	
179	9.899179e-04	7.074019e-03	
180	9.899180e-04	7.074019e-03	
181	9.899181e-04	7.074019e-03	
182	9.899182e-04	7.074019e-03	
183	9.899183e-04	7.074019e-03	
184	9.899184e-04	7.074019e-03	
185	9.899185e-04	7.074019e-03	
186	9.899186e-04	7.074019e-03	
187	9.899187e-04	7.074019e-03	
188	9.899188e-04	7.074019e-03	
189	9.899189e-04	7.074019e-03	
190	9.899190e-04	7.074019e-03	
191	9.899191e-04	7.074019e-03	
192	9.899192e-04	7.074019e-03	
193	9.899193e-04	7.074019e-03	
194	9.899194e-04	7.074019e-03	
195	9.899195e-04	7.074019e-03	
196	9.899196e-04	7.074019e-03	
197	9.899197e-04	7.074019e-03	
198	9.899198e-04	7.074019e-03	
199	9.899199e-04	7.074019e-03	
200	9.899200e-04	7.074019e-03	
201	9.899201e-04	7.074019e-03	
202	9.899202e-04	7.074019e-03	
203	9.899203e-04	7.074019e-03	
204	9.899204e-04	7.074019e-03	
205	9.899205e-04	7.074019e-03	
206	9.899206e-04	7.074019e-03	
207	9.899207e-04	7.074019e-03	
208	9.899208e-04	7.074019e-03	
209	9.899209e-04	7.074019e-03	
210	9.899210e-04	7.074019e-03	
211	9.899211e-04	7.074019e-03	
212	9.899212e-04	7.074019e-03	
213	9.899213e-04	7.074019e-03	
214	9.899214e-04	7.074019e-03	
215	9.899215e-04	7.074019e-03	
216	9.899216e-04	7.074019e-03	
217	9.899217e-04	7.074019e-03	
218	9.899218e-04	7.074019e-03	
219	9.899219e-04	7.074019e-03	
220	9.899220e-04	7.074019e-03	
221	9.899221e-04	7.074019e-03	
222	9.899222e-04	7.074019e-03	
223	9.899223e-04	7.074019e-03	
224	9.899224e-04	7.074019e-03	
225	9.899225e-04	7.074019e-03	
226	9.899226e-04	7.074019e-03	
227	9.899227e-04	7.074019e-03	
228	9.899228e-04	7.074019e-03	

Index   time            i(vbat85)       
--------------------------------------------------------------------------------
229	9.899229e-04	7.074019e-03	
230	9.899230e-04	7.074019e-03	
231	9.899231e-04	7.074019e-03	
232	9.899232e-04	7.074019e-03	
233	9.899233e-04	7.074019e-03	
234	9.899234e-04	7.074019e-03	
235	9.899235e-04	7.074019e-03	
236	9.899236e-04	7.074019e-03	
237	9.899237e-04	7.074019e-03	
238	9.899238e-04	7.074019e-03	
239	9.899239e-04	7.074019e-03	
240	9.899240e-04	7.074019e-03	
241	9.899241e-04	7.074019e-03	
242	9.899242e-04	7.074019e-03	
243	9.899243e-04	7.074019e-03	
244	9.899244e-04	7.074019e-03	
245	9.899245e-04	7.074019e-03	
246	9.899246e-04	7.074019e-03	
247	9.899247e-04	7.074019e-03	
248	9.899248e-04	7.074019e-03	
249	9.899249e-04	7.074019e-03	
250	9.899250e-04	7.074019e-03	
251	9.899251e-04	7.074019e-03	
252	9.899252e-04	7.074019e-03	
253	9.899253e-04	7.074019e-03	
254	9.899254e-04	7.074019e-03	
255	9.899255e-04	7.074019e-03	
256	9.899256e-04	7.074019e-03	
257	9.899257e-04	7.074019e-03	
258	9.899258e-04	7.074019e-03	
259	9.899259e-04	7.074019e-03	
260	9.899260e-04	7.074019e-03	
261	9.899261e-04	7.074019e-03	
262	9.899262e-04	7.074019e-03	
263	9.899263e-04	7.074019e-03	
264	9.899264e-04	7.074019e-03	
265	9.899265e-04	7.074019e-03	
266	9.899266e-04	7.074019e-03	
267	9.899267e-04	7.074019e-03	
268	9.899268e-04	7.074019e-03	
269	9.899269e-04	7.074019e-03	
270	9.899270e-04	7.074019e-03	
271	9.899271e-04	7.074019e-03	
272	9.899272e-04	7.074019e-03	
273	9.899273e-04	7.074019e-03	
274	9.899274e-04	7.074019e-03	
275	9.899275e-04	7.074019e-03	
276	9.899276e-04	7.074019e-03	
277	9.899277e-04	7.074019e-03	
278	9.899278e-04	7.074019e-03	
279	9.899279e-04	7.074019e-03	
280	9.899280e-04	7.074019e-03	
281	9.899281e-04	7.074019e-03	
282	9.899282e-04	7.074019e-03	
283	9.899283e-04	7.074019e-03	
284	9.899284e-04	7.074019e-03	
285	9.899285e-04	7.074019e-03	
286	9.899286e-04	7.074019e-03	

Index   time            i(vbat85)       
--------------------------------------------------------------------------------
287	9.899287e-04	7.074019e-03	
288	9.899288e-04	7.074019e-03	
289	9.899289e-04	7.074019e-03	
290	9.899290e-04	7.074019e-03	
291	9.899291e-04	7.074019e-03	
292	9.899292e-04	7.074019e-03	
293	9.899293e-04	7.074019e-03	
294	9.899294e-04	7.074019e-03	
295	9.899295e-04	7.074019e-03	
296	9.899296e-04	7.074019e-03	
297	9.899297e-04	7.074019e-03	
298	9.899298e-04	7.074019e-03	
299	9.899299e-04	7.074019e-03	
300	9.899300e-04	7.074019e-03	
301	9.899301e-04	7.074019e-03	
302	9.899302e-04	7.074019e-03	
303	9.899303e-04	7.074019e-03	
304	9.899304e-04	7.074019e-03	
305	9.899305e-04	7.074019e-03	
306	9.899306e-04	7.074019e-03	
307	9.899307e-04	7.074019e-03	
308	9.899308e-04	7.074019e-03	
309	9.899309e-04	7.074019e-03	
310	9.899310e-04	7.074019e-03	
311	9.899311e-04	7.074019e-03	
312	9.899312e-04	7.074019e-03	
313	9.899313e-04	7.074019e-03	
314	9.899314e-04	7.074019e-03	
315	9.899315e-04	7.074019e-03	
316	9.899316e-04	7.074019e-03	
317	9.899317e-04	7.074019e-03	
318	9.899318e-04	7.074019e-03	
319	9.899319e-04	7.074019e-03	
320	9.899320e-04	7.074019e-03	
321	9.899321e-04	7.074019e-03	
322	9.899322e-04	7.074019e-03	
323	9.899323e-04	7.074019e-03	
324	9.899324e-04	7.074019e-03	
325	9.899325e-04	7.074019e-03	
326	9.899326e-04	7.074019e-03	
327	9.899327e-04	7.074019e-03	
328	9.899328e-04	7.074019e-03	
329	9.899329e-04	7.074019e-03	
330	9.899330e-04	7.074019e-03	
331	9.899331e-04	7.074019e-03	
332	9.899332e-04	7.074019e-03	
333	9.899333e-04	7.074019e-03	
334	9.899334e-04	7.074019e-03	
335	9.899335e-04	7.074019e-03	
336	9.899336e-04	7.074019e-03	
337	9.899337e-04	7.074019e-03	
338	9.899338e-04	7.074019e-03	
339	9.899339e-04	7.074019e-03	
340	9.899340e-04	7.074019e-03	
341	9.899341e-04	7.074019e-03	
342	9.899342e-04	7.074019e-03	
343	9.899343e-04	7.074019e-03	
344	9.899344e-04	7.074019e-03	

Index   time            i(vbat85)       
--------------------------------------------------------------------------------
345	9.899345e-04	7.074019e-03	
346	9.899346e-04	7.074019e-03	
347	9.899347e-04	7.074019e-03	
348	9.899348e-04	7.074019e-03	
349	9.899349e-04	7.074019e-03	
350	9.899350e-04	7.074019e-03	
351	9.899351e-04	7.074019e-03	
352	9.899352e-04	7.074019e-03	
353	9.899353e-04	7.074019e-03	
354	9.899354e-04	7.074019e-03	
355	9.899355e-04	7.074019e-03	
356	9.899356e-04	7.074019e-03	
357	9.899357e-04	7.074019e-03	
358	9.899358e-04	7.074019e-03	
359	9.899359e-04	7.074019e-03	
360	9.899360e-04	7.074019e-03	
361	9.899361e-04	7.074019e-03	
362	9.899362e-04	7.074019e-03	
363	9.899363e-04	7.074019e-03	
364	9.899364e-04	7.074019e-03	
365	9.899365e-04	7.074019e-03	
366	9.899366e-04	7.074019e-03	
367	9.899367e-04	7.074019e-03	
368	9.899368e-04	7.074019e-03	
369	9.899369e-04	7.074019e-03	
370	9.899370e-04	7.074019e-03	
371	9.899371e-04	7.074019e-03	
372	9.899372e-04	7.074019e-03	
373	9.899373e-04	7.074019e-03	
374	9.899374e-04	7.074019e-03	
375	9.899375e-04	7.074019e-03	
376	9.899376e-04	7.074019e-03	
377	9.899377e-04	7.074019e-03	
378	9.899378e-04	7.074019e-03	
379	9.899379e-04	7.074019e-03	
380	9.899380e-04	7.074019e-03	
381	9.899381e-04	7.074019e-03	
382	9.899382e-04	7.074019e-03	
383	9.899383e-04	7.074019e-03	
384	9.899384e-04	7.074019e-03	
385	9.899385e-04	7.074019e-03	
386	9.899386e-04	7.074019e-03	
387	9.899387e-04	7.074019e-03	
388	9.899388e-04	7.074019e-03	
389	9.899389e-04	7.074019e-03	
390	9.899390e-04	7.074019e-03	
391	9.899391e-04	7.074019e-03	
392	9.899392e-04	7.074019e-03	
393	9.899393e-04	7.074019e-03	
394	9.899394e-04	7.074019e-03	
395	9.899395e-04	7.074019e-03	
396	9.899396e-04	7.074019e-03	
397	9.899397e-04	7.074019e-03	
398	9.899398e-04	7.074019e-03	
399	9.899399e-04	7.074019e-03	
400	9.899400e-04	7.074019e-03	
401	9.899401e-04	7.074019e-03	
402	9.899402e-04	7.074019e-03	

Index   time            i(vbat85)       
--------------------------------------------------------------------------------
403	9.899403e-04	7.074019e-03	
404	9.899404e-04	7.074019e-03	
405	9.899405e-04	7.074019e-03	
406	9.899406e-04	7.074019e-03	
407	9.899407e-04	7.074019e-03	
408	9.899408e-04	7.074019e-03	
409	9.899409e-04	7.074019e-03	
410	9.899410e-04	7.074019e-03	
411	9.899411e-04	7.074019e-03	
412	9.899412e-04	7.074019e-03	
413	9.899413e-04	7.074019e-03	
414	9.899414e-04	7.074019e-03	
415	9.899415e-04	7.074019e-03	
416	9.899416e-04	7.074019e-03	
417	9.899417e-04	7.074019e-03	
418	9.899418e-04	7.074019e-03	
419	9.899419e-04	7.074019e-03	
420	9.899420e-04	7.074019e-03	
421	9.899421e-04	7.074019e-03	
422	9.899422e-04	7.074019e-03	
423	9.899423e-04	7.074019e-03	
424	9.899424e-04	7.074019e-03	
425	9.899425e-04	7.074019e-03	
426	9.899426e-04	7.074019e-03	
427	9.899427e-04	7.074019e-03	
428	9.899428e-04	7.074019e-03	
429	9.899429e-04	7.074019e-03	
430	9.899430e-04	7.074019e-03	
431	9.899431e-04	7.074019e-03	
432	9.899432e-04	7.074019e-03	
433	9.899433e-04	7.074019e-03	
434	9.899434e-04	7.074019e-03	
435	9.899435e-04	7.074019e-03	
436	9.899436e-04	7.074019e-03	
437	9.899437e-04	7.074019e-03	
438	9.899438e-04	7.074019e-03	
439	9.899439e-04	7.074019e-03	
440	9.899440e-04	7.074019e-03	
441	9.899441e-04	7.074019e-03	
442	9.899442e-04	7.074019e-03	
443	9.899443e-04	7.074019e-03	
444	9.899444e-04	7.074019e-03	
445	9.899445e-04	7.074019e-03	
446	9.899446e-04	7.074019e-03	
447	9.899447e-04	7.074019e-03	
448	9.899448e-04	7.074019e-03	
449	9.899449e-04	7.074019e-03	
450	9.899450e-04	7.074019e-03	
451	9.899451e-04	7.074019e-03	
452	9.899452e-04	7.074019e-03	
453	9.899453e-04	7.074019e-03	
454	9.899454e-04	7.074019e-03	
455	9.899455e-04	7.074019e-03	
456	9.899456e-04	7.074019e-03	
457	9.899457e-04	7.074019e-03	
458	9.899458e-04	7.074019e-03	
459	9.899459e-04	7.074019e-03	
460	9.899460e-04	7.074019e-03	

Index   time            i(vbat85)       
--------------------------------------------------------------------------------
461	9.899461e-04	7.074019e-03	
462	9.899462e-04	7.074019e-03	
463	9.899463e-04	7.074019e-03	
464	9.899464e-04	7.074019e-03	
465	9.899465e-04	7.074019e-03	
466	9.899466e-04	7.074019e-03	
467	9.899467e-04	7.074019e-03	
468	9.899468e-04	7.074019e-03	
469	9.899469e-04	7.074019e-03	
470	9.899470e-04	7.074019e-03	
471	9.899471e-04	7.074019e-03	
472	9.899472e-04	7.074019e-03	
473	9.899473e-04	7.074019e-03	
474	9.899474e-04	7.074019e-03	
475	9.899475e-04	7.074019e-03	
476	9.899476e-04	7.074019e-03	
477	9.899477e-04	7.074019e-03	
478	9.899478e-04	7.074019e-03	
479	9.899479e-04	7.074019e-03	
480	9.899480e-04	7.074019e-03	
481	9.899481e-04	7.074019e-03	
482	9.899482e-04	7.074019e-03	
483	9.899483e-04	7.074019e-03	
484	9.899484e-04	7.074019e-03	
485	9.899485e-04	7.074019e-03	
486	9.899486e-04	7.074019e-03	
487	9.899487e-04	7.074019e-03	
488	9.899488e-04	7.074019e-03	
489	9.899489e-04	7.074019e-03	
490	9.899490e-04	7.074019e-03	
491	9.899491e-04	7.074019e-03	
492	9.899492e-04	7.074019e-03	
493	9.899493e-04	7.074019e-03	
494	9.899494e-04	7.074019e-03	
495	9.899495e-04	7.074019e-03	
496	9.899496e-04	7.074019e-03	
497	9.899497e-04	7.074019e-03	
498	9.899498e-04	7.074019e-03	
499	9.899499e-04	7.074019e-03	
500	9.899500e-04	7.074019e-03	
501	9.899501e-04	7.074019e-03	
502	9.899502e-04	7.074019e-03	
503	9.899503e-04	7.074019e-03	
504	9.899504e-04	7.074019e-03	
505	9.899505e-04	7.074019e-03	
506	9.899506e-04	7.074019e-03	
507	9.899507e-04	7.074019e-03	
508	9.899508e-04	7.074019e-03	
509	9.899509e-04	7.074019e-03	
510	9.899510e-04	7.074019e-03	
511	9.899511e-04	7.074019e-03	
512	9.899512e-04	7.074019e-03	
513	9.899513e-04	7.074019e-03	
514	9.899514e-04	7.074019e-03	
515	9.899515e-04	7.074019e-03	
516	9.899516e-04	7.074019e-03	
517	9.899517e-04	7.074019e-03	
518	9.899518e-04	7.074019e-03	

Index   time            i(vbat85)       
--------------------------------------------------------------------------------
519	9.899519e-04	7.074019e-03	
520	9.899520e-04	7.074019e-03	
521	9.899521e-04	7.074019e-03	
522	9.899522e-04	7.074019e-03	
523	9.899523e-04	7.074019e-03	
524	9.899524e-04	7.074019e-03	
525	9.899525e-04	7.074019e-03	
526	9.899526e-04	7.074019e-03	
527	9.899527e-04	7.074019e-03	
528	9.899528e-04	7.074019e-03	
529	9.899529e-04	7.074019e-03	
530	9.899530e-04	7.074019e-03	
531	9.899531e-04	7.074019e-03	
532	9.899532e-04	7.074019e-03	
533	9.899533e-04	7.074019e-03	
534	9.899534e-04	7.074019e-03	
535	9.899535e-04	7.074019e-03	
536	9.899536e-04	7.074019e-03	
537	9.899537e-04	7.074019e-03	
538	9.899538e-04	7.074019e-03	
539	9.899539e-04	7.074019e-03	
540	9.899540e-04	7.074019e-03	
541	9.899541e-04	7.074019e-03	
542	9.899542e-04	7.074019e-03	
543	9.899543e-04	7.074019e-03	
544	9.899544e-04	7.074019e-03	
545	9.899545e-04	7.074019e-03	
546	9.899546e-04	7.074019e-03	
547	9.899547e-04	7.074019e-03	
548	9.899548e-04	7.074019e-03	
549	9.899549e-04	7.074019e-03	
550	9.899550e-04	7.074019e-03	
551	9.899551e-04	7.074019e-03	
552	9.899552e-04	7.074019e-03	
553	9.899553e-04	7.074019e-03	
554	9.899554e-04	7.074019e-03	
555	9.899555e-04	7.074019e-03	
556	9.899556e-04	7.074019e-03	
557	9.899557e-04	7.074019e-03	
558	9.899558e-04	7.074019e-03	
559	9.899559e-04	7.074019e-03	
560	9.899560e-04	7.074019e-03	
561	9.899561e-04	7.074019e-03	
562	9.899562e-04	7.074019e-03	
563	9.899563e-04	7.074019e-03	
564	9.899564e-04	7.074019e-03	
565	9.899565e-04	7.074019e-03	
566	9.899566e-04	7.074019e-03	
567	9.899567e-04	7.074019e-03	
568	9.899568e-04	7.074019e-03	
569	9.899569e-04	7.074019e-03	
570	9.899570e-04	7.074019e-03	
571	9.899571e-04	7.074019e-03	
572	9.899572e-04	7.074019e-03	
573	9.899573e-04	7.074019e-03	
574	9.899574e-04	7.074019e-03	
575	9.899575e-04	7.074019e-03	
576	9.899576e-04	7.074019e-03	

Index   time            i(vbat85)       
--------------------------------------------------------------------------------
577	9.899577e-04	7.074019e-03	
578	9.899578e-04	7.074019e-03	
579	9.899579e-04	7.074019e-03	
580	9.899580e-04	7.074019e-03	
581	9.899581e-04	7.074019e-03	
582	9.899582e-04	7.074019e-03	
583	9.899583e-04	7.074019e-03	
584	9.899584e-04	7.074019e-03	
585	9.899585e-04	7.074019e-03	
586	9.899586e-04	7.074019e-03	
587	9.899587e-04	7.074019e-03	
588	9.899588e-04	7.074019e-03	
589	9.899589e-04	7.074019e-03	
590	9.899590e-04	7.074019e-03	
591	9.899591e-04	7.074019e-03	
592	9.899592e-04	7.074019e-03	
593	9.899593e-04	7.074019e-03	
594	9.899594e-04	7.074019e-03	
595	9.899595e-04	7.074019e-03	
596	9.899596e-04	7.074019e-03	
597	9.899597e-04	7.074019e-03	
598	9.899598e-04	7.074019e-03	
599	9.899599e-04	7.074019e-03	
600	9.899600e-04	7.074019e-03	
601	9.899601e-04	7.074019e-03	
602	9.899602e-04	7.074019e-03	
603	9.899603e-04	7.074019e-03	
604	9.899604e-04	7.074019e-03	
605	9.899605e-04	7.074019e-03	
606	9.899606e-04	7.074019e-03	
607	9.899607e-04	7.074019e-03	
608	9.899608e-04	7.074019e-03	
609	9.899609e-04	7.074019e-03	
610	9.899610e-04	7.074019e-03	
611	9.899611e-04	7.074019e-03	
612	9.899612e-04	7.074019e-03	
613	9.899613e-04	7.074019e-03	
614	9.899614e-04	7.074019e-03	
615	9.899615e-04	7.074019e-03	
616	9.899616e-04	7.074019e-03	
617	9.899617e-04	7.074019e-03	
618	9.899618e-04	7.074019e-03	
619	9.899619e-04	7.074019e-03	
620	9.899620e-04	7.074019e-03	
621	9.899621e-04	7.074019e-03	
622	9.899622e-04	7.074019e-03	
623	9.899623e-04	7.074019e-03	
624	9.899624e-04	7.074019e-03	
625	9.899625e-04	7.074019e-03	
626	9.899626e-04	7.074019e-03	
627	9.899627e-04	7.074019e-03	
628	9.899628e-04	7.074019e-03	
629	9.899629e-04	7.074019e-03	
630	9.899630e-04	7.074019e-03	
631	9.899631e-04	7.074019e-03	
632	9.899632e-04	7.074019e-03	
633	9.899633e-04	7.074019e-03	
634	9.899634e-04	7.074019e-03	

Index   time            i(vbat85)       
--------------------------------------------------------------------------------
635	9.899635e-04	7.074019e-03	
636	9.899636e-04	7.074019e-03	
637	9.899637e-04	7.074019e-03	
638	9.899638e-04	7.074019e-03	
639	9.899639e-04	7.074019e-03	
640	9.899640e-04	7.074019e-03	
641	9.899641e-04	7.074019e-03	
642	9.899642e-04	7.074019e-03	
643	9.899643e-04	7.074019e-03	
644	9.899644e-04	7.074019e-03	
645	9.899645e-04	7.074019e-03	
646	9.899646e-04	7.074019e-03	
647	9.899647e-04	7.074019e-03	
648	9.899648e-04	7.074019e-03	
649	9.899649e-04	7.074019e-03	
650	9.899650e-04	7.074019e-03	
651	9.899651e-04	7.074019e-03	
652	9.899652e-04	7.074019e-03	
653	9.899653e-04	7.074019e-03	
654	9.899654e-04	7.074019e-03	
655	9.899655e-04	7.074019e-03	
656	9.899656e-04	7.074019e-03	
657	9.899657e-04	7.074019e-03	
658	9.899658e-04	7.074019e-03	
659	9.899659e-04	7.074019e-03	
660	9.899660e-04	7.074019e-03	
661	9.899661e-04	7.074019e-03	
662	9.899662e-04	7.074019e-03	
663	9.899663e-04	7.074019e-03	
664	9.899664e-04	7.074019e-03	
665	9.899665e-04	7.074019e-03	
666	9.899666e-04	7.074019e-03	
667	9.899667e-04	7.074019e-03	
668	9.899668e-04	7.074019e-03	
669	9.899669e-04	7.074019e-03	
670	9.899670e-04	7.074019e-03	
671	9.899671e-04	7.074019e-03	
672	9.899672e-04	7.074019e-03	
673	9.899673e-04	7.074019e-03	
674	9.899674e-04	7.074019e-03	
675	9.899675e-04	7.074019e-03	
676	9.899676e-04	7.074019e-03	
677	9.899677e-04	7.074019e-03	
678	9.899678e-04	7.074019e-03	
679	9.899679e-04	7.074019e-03	
680	9.899680e-04	7.074019e-03	
681	9.899681e-04	7.074019e-03	
682	9.899682e-04	7.074019e-03	
683	9.899683e-04	7.074019e-03	
684	9.899684e-04	7.074019e-03	
685	9.899685e-04	7.074019e-03	
686	9.899686e-04	7.074019e-03	
687	9.899687e-04	7.074019e-03	
688	9.899688e-04	7.074019e-03	
689	9.899689e-04	7.074019e-03	
690	9.899690e-04	7.074019e-03	
691	9.899691e-04	7.074019e-03	
692	9.899692e-04	7.074019e-03	

Index   time            i(vbat85)       
--------------------------------------------------------------------------------
693	9.899693e-04	7.074019e-03	
694	9.899694e-04	7.074019e-03	
695	9.899695e-04	7.074019e-03	
696	9.899696e-04	7.074019e-03	
697	9.899697e-04	7.074019e-03	
698	9.899698e-04	7.074019e-03	
699	9.899699e-04	7.074019e-03	
700	9.899700e-04	7.074019e-03	
701	9.899701e-04	7.074019e-03	
702	9.899702e-04	7.074019e-03	
703	9.899703e-04	7.074019e-03	
704	9.899704e-04	7.074019e-03	
705	9.899705e-04	7.074019e-03	
706	9.899706e-04	7.074019e-03	
707	9.899707e-04	7.074019e-03	
708	9.899708e-04	7.074019e-03	
709	9.899709e-04	7.074019e-03	
710	9.899710e-04	7.074019e-03	
711	9.899711e-04	7.074019e-03	
712	9.899712e-04	7.074019e-03	
713	9.899713e-04	7.074019e-03	
714	9.899714e-04	7.074019e-03	
715	9.899715e-04	7.074019e-03	
716	9.899716e-04	7.074019e-03	
717	9.899717e-04	7.074019e-03	
718	9.899718e-04	7.074019e-03	
719	9.899719e-04	7.074019e-03	
720	9.899720e-04	7.074019e-03	
721	9.899721e-04	7.074019e-03	
722	9.899722e-04	7.074019e-03	
723	9.899723e-04	7.074019e-03	
724	9.899724e-04	7.074019e-03	
725	9.899725e-04	7.074019e-03	
726	9.899726e-04	7.074019e-03	
727	9.899727e-04	7.074019e-03	
728	9.899728e-04	7.074019e-03	
729	9.899729e-04	7.074019e-03	
730	9.899730e-04	7.074019e-03	
731	9.899731e-04	7.074019e-03	
732	9.899732e-04	7.074019e-03	
733	9.899733e-04	7.074019e-03	
734	9.899734e-04	7.074019e-03	
735	9.899735e-04	7.074019e-03	
736	9.899736e-04	7.074019e-03	
737	9.899737e-04	7.074019e-03	
738	9.899738e-04	7.074019e-03	
739	9.899739e-04	7.074019e-03	
740	9.899740e-04	7.074019e-03	
741	9.899741e-04	7.074019e-03	
742	9.899742e-04	7.074019e-03	
743	9.899743e-04	7.074019e-03	
744	9.899744e-04	7.074019e-03	
745	9.899745e-04	7.074019e-03	
746	9.899746e-04	7.074019e-03	
747	9.899747e-04	7.074019e-03	
748	9.899748e-04	7.074019e-03	
749	9.899749e-04	7.074019e-03	
750	9.899750e-04	7.074019e-03	

Index   time            i(vbat85)       
--------------------------------------------------------------------------------
751	9.899751e-04	7.074019e-03	
752	9.899752e-04	7.074019e-03	
753	9.899753e-04	7.074019e-03	
754	9.899754e-04	7.074019e-03	
755	9.899755e-04	7.074019e-03	
756	9.899756e-04	7.074019e-03	
757	9.899757e-04	7.074019e-03	
758	9.899758e-04	7.074019e-03	
759	9.899759e-04	7.074019e-03	
760	9.899760e-04	7.074019e-03	
761	9.899761e-04	7.074019e-03	
762	9.899762e-04	7.074019e-03	
763	9.899763e-04	7.074019e-03	
764	9.899764e-04	7.074019e-03	
765	9.899765e-04	7.074019e-03	
766	9.899766e-04	7.074019e-03	
767	9.899767e-04	7.074019e-03	
768	9.899768e-04	7.074019e-03	
769	9.899769e-04	7.074019e-03	
770	9.899770e-04	7.074019e-03	
771	9.899771e-04	7.074019e-03	
772	9.899772e-04	7.074019e-03	
773	9.899773e-04	7.074019e-03	
774	9.899774e-04	7.074019e-03	
775	9.899775e-04	7.074019e-03	
776	9.899776e-04	7.074019e-03	
777	9.899777e-04	7.074019e-03	
778	9.899778e-04	7.074019e-03	
779	9.899779e-04	7.074019e-03	
780	9.899780e-04	7.074019e-03	
781	9.899781e-04	7.074019e-03	
782	9.899782e-04	7.074019e-03	
783	9.899783e-04	7.074019e-03	
784	9.899784e-04	7.074019e-03	
785	9.899785e-04	7.074019e-03	
786	9.899786e-04	7.074019e-03	
787	9.899787e-04	7.074019e-03	
788	9.899788e-04	7.074019e-03	
789	9.899789e-04	7.074019e-03	
790	9.899790e-04	7.074019e-03	
791	9.899791e-04	7.074019e-03	
792	9.899792e-04	7.074019e-03	
793	9.899793e-04	7.074019e-03	
794	9.899794e-04	7.074019e-03	
795	9.899795e-04	7.074019e-03	
796	9.899796e-04	7.074019e-03	
797	9.899797e-04	7.074019e-03	
798	9.899798e-04	7.074019e-03	
799	9.899799e-04	7.074019e-03	
800	9.899800e-04	7.074019e-03	
801	9.899801e-04	7.074019e-03	
802	9.899802e-04	7.074019e-03	
803	9.899803e-04	7.074019e-03	
804	9.899804e-04	7.074019e-03	
805	9.899805e-04	7.074019e-03	
806	9.899806e-04	7.074019e-03	
807	9.899807e-04	7.074019e-03	
808	9.899808e-04	7.074019e-03	

Index   time            i(vbat85)       
--------------------------------------------------------------------------------
809	9.899809e-04	7.074019e-03	
810	9.899810e-04	7.074019e-03	
811	9.899811e-04	7.074019e-03	
812	9.899812e-04	7.074019e-03	
813	9.899813e-04	7.074019e-03	
814	9.899814e-04	7.074019e-03	
815	9.899815e-04	7.074019e-03	
816	9.899816e-04	7.074019e-03	
817	9.899817e-04	7.074019e-03	
818	9.899818e-04	7.074019e-03	
819	9.899819e-04	7.074019e-03	
820	9.899820e-04	7.074019e-03	
821	9.899821e-04	7.074019e-03	
822	9.899822e-04	7.074019e-03	
823	9.899823e-04	7.074019e-03	
824	9.899824e-04	7.074019e-03	
825	9.899825e-04	7.074019e-03	
826	9.899826e-04	7.074019e-03	
827	9.899827e-04	7.074019e-03	
828	9.899828e-04	7.074019e-03	
829	9.899829e-04	7.074019e-03	
830	9.899830e-04	7.074019e-03	
831	9.899831e-04	7.074019e-03	
832	9.899832e-04	7.074019e-03	
833	9.899833e-04	7.074019e-03	
834	9.899834e-04	7.074019e-03	
835	9.899835e-04	7.074019e-03	
836	9.899836e-04	7.074019e-03	
837	9.899837e-04	7.074019e-03	
838	9.899838e-04	7.074019e-03	
839	9.899839e-04	7.074019e-03	
840	9.899840e-04	7.074019e-03	
841	9.899841e-04	7.074019e-03	
842	9.899842e-04	7.074019e-03	
843	9.899843e-04	7.074019e-03	
844	9.899844e-04	7.074019e-03	
845	9.899845e-04	7.074019e-03	
846	9.899846e-04	7.074019e-03	
847	9.899847e-04	7.074019e-03	
848	9.899848e-04	7.074019e-03	
849	9.899849e-04	7.074019e-03	
850	9.899850e-04	7.074019e-03	
851	9.899851e-04	7.074019e-03	
852	9.899852e-04	7.074019e-03	
853	9.899853e-04	7.074019e-03	
854	9.899854e-04	7.074019e-03	
855	9.899855e-04	7.074019e-03	
856	9.899856e-04	7.074019e-03	
857	9.899857e-04	7.074019e-03	
858	9.899858e-04	7.074019e-03	
859	9.899859e-04	7.074019e-03	
860	9.899860e-04	7.074019e-03	
861	9.899861e-04	7.074019e-03	
862	9.899862e-04	7.074019e-03	
863	9.899863e-04	7.074019e-03	
864	9.899864e-04	7.074019e-03	
865	9.899865e-04	7.074019e-03	
866	9.899866e-04	7.074019e-03	

Index   time            i(vbat85)       
--------------------------------------------------------------------------------
867	9.899867e-04	7.074019e-03	
868	9.899868e-04	7.074019e-03	
869	9.899869e-04	7.074019e-03	
870	9.899870e-04	7.074019e-03	
871	9.899871e-04	7.074019e-03	
872	9.899872e-04	7.074019e-03	
873	9.899873e-04	7.074019e-03	
874	9.899874e-04	7.074019e-03	
875	9.899875e-04	7.074019e-03	
876	9.899876e-04	7.074019e-03	
877	9.899877e-04	7.074019e-03	
878	9.899878e-04	7.074019e-03	
879	9.899879e-04	7.074019e-03	
880	9.899880e-04	7.074019e-03	
881	9.899881e-04	7.074019e-03	
882	9.899882e-04	7.074019e-03	
883	9.899883e-04	7.074019e-03	
884	9.899884e-04	7.074019e-03	
885	9.899885e-04	7.074019e-03	
886	9.899886e-04	7.074019e-03	
887	9.899887e-04	7.074019e-03	
888	9.899888e-04	7.074019e-03	
889	9.899889e-04	7.074019e-03	
890	9.899890e-04	7.074019e-03	
891	9.899891e-04	7.074019e-03	
892	9.899892e-04	7.074019e-03	
893	9.899893e-04	7.074019e-03	
894	9.899894e-04	7.074019e-03	
895	9.899895e-04	7.074019e-03	
896	9.899896e-04	7.074019e-03	
897	9.899897e-04	7.074019e-03	
898	9.899898e-04	7.074019e-03	
899	9.899899e-04	7.074019e-03	
900	9.899900e-04	7.074019e-03	
901	9.899901e-04	7.074019e-03	
902	9.899902e-04	7.074019e-03	
903	9.899903e-04	7.074019e-03	
904	9.899904e-04	7.074019e-03	
905	9.899905e-04	7.074019e-03	
906	9.899906e-04	7.074019e-03	
907	9.899907e-04	7.074019e-03	
908	9.899908e-04	7.074019e-03	
909	9.899909e-04	7.074019e-03	
910	9.899910e-04	7.074019e-03	
911	9.899911e-04	7.074019e-03	
912	9.899912e-04	7.074019e-03	
913	9.899913e-04	7.074019e-03	
914	9.899914e-04	7.074019e-03	
915	9.899915e-04	7.074019e-03	
916	9.899916e-04	7.074019e-03	
917	9.899917e-04	7.074019e-03	
918	9.899918e-04	7.074019e-03	
919	9.899919e-04	7.074019e-03	
920	9.899920e-04	7.074019e-03	
921	9.899921e-04	7.074019e-03	
922	9.899922e-04	7.074019e-03	
923	9.899923e-04	7.074019e-03	
924	9.899924e-04	7.074019e-03	

Index   time            i(vbat85)       
--------------------------------------------------------------------------------
925	9.899925e-04	7.074019e-03	
926	9.899926e-04	7.074019e-03	
927	9.899927e-04	7.074019e-03	
928	9.899928e-04	7.074019e-03	
929	9.899929e-04	7.074019e-03	
930	9.899930e-04	7.074019e-03	
931	9.899931e-04	7.074019e-03	
932	9.899932e-04	7.074019e-03	
933	9.899933e-04	7.074019e-03	
934	9.899934e-04	7.074019e-03	
935	9.899935e-04	7.074019e-03	
936	9.899936e-04	7.074019e-03	
937	9.899937e-04	7.074019e-03	
938	9.899938e-04	7.074019e-03	
939	9.899939e-04	7.074019e-03	
940	9.899940e-04	7.074019e-03	
941	9.899941e-04	7.074019e-03	
942	9.899942e-04	7.074019e-03	
943	9.899943e-04	7.074019e-03	
944	9.899944e-04	7.074019e-03	
945	9.899945e-04	7.074019e-03	
946	9.899946e-04	7.074019e-03	
947	9.899947e-04	7.074019e-03	
948	9.899948e-04	7.074019e-03	
949	9.899949e-04	7.074019e-03	
950	9.899950e-04	7.074019e-03	
951	9.899951e-04	7.074019e-03	
952	9.899952e-04	7.074019e-03	
953	9.899953e-04	7.074019e-03	
954	9.899954e-04	7.074019e-03	
955	9.899955e-04	7.074019e-03	
956	9.899956e-04	7.074019e-03	
957	9.899957e-04	7.074019e-03	
958	9.899958e-04	7.074019e-03	
959	9.899959e-04	7.074019e-03	
960	9.899960e-04	7.074019e-03	
961	9.899961e-04	7.074019e-03	
962	9.899962e-04	7.074019e-03	
963	9.899963e-04	7.074019e-03	
964	9.899964e-04	7.074019e-03	
965	9.899965e-04	7.074019e-03	
966	9.899966e-04	7.074019e-03	
967	9.899967e-04	7.074019e-03	
968	9.899968e-04	7.074019e-03	
969	9.899969e-04	7.074019e-03	
970	9.899970e-04	7.074019e-03	
971	9.899971e-04	7.074019e-03	
972	9.899972e-04	7.074019e-03	
973	9.899973e-04	7.074019e-03	
974	9.899974e-04	7.074019e-03	
975	9.899975e-04	7.074019e-03	
976	9.899976e-04	7.074019e-03	
977	9.899977e-04	7.074019e-03	
978	9.899978e-04	7.074019e-03	
979	9.899979e-04	7.074019e-03	
980	9.899980e-04	7.074019e-03	
981	9.899981e-04	7.074019e-03	
982	9.899982e-04	7.074019e-03	

Index   time            i(vbat85)       
--------------------------------------------------------------------------------
983	9.899983e-04	7.074019e-03	
984	9.899984e-04	7.074019e-03	
985	9.899985e-04	7.074019e-03	
986	9.899986e-04	7.074019e-03	
987	9.899987e-04	7.074019e-03	
988	9.899988e-04	7.074019e-03	
989	9.899989e-04	7.074019e-03	
990	9.899990e-04	7.074019e-03	
991	9.899991e-04	7.074019e-03	
992	9.899992e-04	7.074019e-03	
993	9.899993e-04	7.074019e-03	
994	9.899994e-04	7.074019e-03	
995	9.899995e-04	7.074019e-03	
996	9.899996e-04	7.074019e-03	
997	9.899997e-04	7.074019e-03	
998	9.899998e-04	7.074019e-03	
999	9.899999e-04	7.074019e-03	
1000	9.900000e-04	7.074019e-03	
1001	9.900001e-04	7.074019e-03	
1002	9.900001e-04	5.125591e-03	
1003	9.900001e-04	1.240062e-03	
1004	9.900002e-04	-6.46981e-03	
1005	9.900002e-04	-1.21986e-02	
1006	9.900002e-04	-1.21566e-02	
1007	9.900002e-04	-1.20732e-02	
1008	9.900003e-04	-1.19106e-02	
1009	9.900003e-04	-1.15865e-02	
1010	9.900004e-04	-1.10489e-02	
1011	9.900005e-04	-1.04288e-02	
1012	9.900006e-04	-9.67957e-03	
1013	9.900007e-04	-8.85879e-03	
1014	9.900008e-04	-8.02278e-03	
1015	9.900009e-04	-7.20523e-03	
1016	9.900010e-04	-6.42750e-03	
1017	9.900011e-04	-5.70190e-03	
1018	9.900012e-04	-5.03479e-03	
1019	9.900013e-04	-4.42841e-03	
1020	9.900014e-04	-3.88222e-03	
1021	9.900015e-04	-3.39387e-03	
1022	9.900016e-04	-2.95989e-03	
1023	9.900017e-04	-2.57616e-03	
1024	9.900018e-04	-2.23829e-03	
1025	9.900019e-04	-1.94184e-03	
1026	9.900020e-04	-1.68253e-03	
1027	9.900021e-04	-1.45625e-03	
1028	9.900022e-04	-1.25924e-03	
1029	9.900023e-04	-1.08801e-03	
1030	9.900024e-04	-9.39422e-04	
1031	9.900025e-04	-8.10653e-04	
1032	9.900026e-04	-6.99184e-04	
1033	9.900027e-04	-6.02785e-04	
1034	9.900028e-04	-5.19487e-04	
1035	9.900029e-04	-4.47561e-04	
1036	9.900030e-04	-3.85491e-04	
1037	9.900031e-04	-3.31955e-04	
1038	9.900032e-04	-2.85800e-04	
1039	9.900033e-04	-2.46024e-04	
1040	9.900034e-04	-2.11756e-04	

Index   time            i(vbat85)       
--------------------------------------------------------------------------------
1041	9.900035e-04	-1.82243e-04	
1042	9.900036e-04	-1.56829e-04	
1043	9.900037e-04	-1.34951e-04	
1044	9.900038e-04	-1.16120e-04	
1045	9.900039e-04	-9.99142e-05	
1046	9.900040e-04	-8.59692e-05	
1047	9.900041e-04	-7.39710e-05	
1048	9.900042e-04	-6.36489e-05	
1049	9.900043e-04	-5.47695e-05	
1050	9.900044e-04	-4.71317e-05	
1051	9.900045e-04	-4.05623e-05	
1052	9.900046e-04	-3.49121e-05	
1053	9.900047e-04	-3.00527e-05	
1054	9.900048e-04	-2.58737e-05	
1055	9.900049e-04	-2.22798e-05	
1056	9.900050e-04	-1.91893e-05	
1057	9.900051e-04	-1.65317e-05	
1058	9.900052e-04	-1.42464e-05	
1059	9.900053e-04	-1.22813e-05	
1060	9.900054e-04	-1.05915e-05	
1061	9.900055e-04	-9.13854e-06	
1062	9.900056e-04	-7.88921e-06	
1063	9.900057e-04	-6.81497e-06	
1064	9.900058e-04	-5.89130e-06	
1065	9.900059e-04	-5.09710e-06	
1066	9.900060e-04	-4.41422e-06	
1067	9.900061e-04	-3.82707e-06	
1068	9.900062e-04	-3.32223e-06	
1069	9.900063e-04	-2.88816e-06	
1070	9.900064e-04	-2.51494e-06	
1071	9.900065e-04	-2.19404e-06	
1072	9.900066e-04	-1.91813e-06	
1073	9.900067e-04	-1.68090e-06	
1074	9.900068e-04	-1.47692e-06	
1075	9.900069e-04	-1.30155e-06	
1076	9.900070e-04	-1.15076e-06	
1077	9.900071e-04	-1.02112e-06	
1078	9.900072e-04	-9.09646e-07	
1079	9.900073e-04	-8.13804e-07	
1080	9.900074e-04	-7.31400e-07	
1081	9.900075e-04	-6.60548e-07	
1082	9.900076e-04	-5.99631e-07	
1083	9.900077e-04	-5.47254e-07	
1084	9.900078e-04	-5.02221e-07	
1085	9.900079e-04	-4.63501e-07	
1086	9.900080e-04	-4.30211e-07	
1087	9.900081e-04	-4.01587e-07	
1088	9.900082e-04	-3.76977e-07	
1089	9.900083e-04	-3.55818e-07	
1090	9.900084e-04	-3.37625e-07	
1091	9.900085e-04	-3.21983e-07	
1092	9.900086e-04	-3.08533e-07	
1093	9.900087e-04	-2.96970e-07	
1094	9.900088e-04	-2.87028e-07	
1095	9.900089e-04	-2.78480e-07	
1096	9.900090e-04	-2.71130e-07	
1097	9.900091e-04	-2.64811e-07	
1098	9.900092e-04	-2.59378e-07	

Index   time            i(vbat85)       
--------------------------------------------------------------------------------
1099	9.900093e-04	-2.54706e-07	
1100	9.900094e-04	-2.50690e-07	
1101	9.900095e-04	-2.47236e-07	
1102	9.900096e-04	-2.44267e-07	
1103	9.900097e-04	-2.41714e-07	
1104	9.900098e-04	-2.39519e-07	
1105	9.900099e-04	-2.37632e-07	
1106	9.900100e-04	-2.36010e-07	
1107	9.900101e-04	-2.34614e-07	
1108	9.900102e-04	-2.33415e-07	
1109	9.900103e-04	-2.32384e-07	
1110	9.900104e-04	-2.31497e-07	
1111	9.900105e-04	-2.30735e-07	
1112	9.900106e-04	-2.30079e-07	
1113	9.900107e-04	-2.29515e-07	
1114	9.900108e-04	-2.29031e-07	
1115	9.900109e-04	-2.28614e-07	
1116	9.900110e-04	-2.28256e-07	
1117	9.900111e-04	-2.27948e-07	
1118	9.900112e-04	-2.27683e-07	
1119	9.900113e-04	-2.27455e-07	
1120	9.900114e-04	-2.27260e-07	
1121	9.900115e-04	-2.27091e-07	
1122	9.900116e-04	-2.26947e-07	
1123	9.900117e-04	-2.26822e-07	
1124	9.900118e-04	-2.26715e-07	
1125	9.900119e-04	-2.26623e-07	
1126	9.900120e-04	-2.26544e-07	
1127	9.900121e-04	-2.26476e-07	
1128	9.900122e-04	-2.26418e-07	
1129	9.900123e-04	-2.26367e-07	
1130	9.900124e-04	-2.26324e-07	
1131	9.900125e-04	-2.26287e-07	
1132	9.900126e-04	-2.26255e-07	
1133	9.900127e-04	-2.26228e-07	
1134	9.900128e-04	-2.26204e-07	
1135	9.900129e-04	-2.26184e-07	
1136	9.900130e-04	-2.26166e-07	
1137	9.900131e-04	-2.26151e-07	
1138	9.900132e-04	-2.26138e-07	
1139	9.900133e-04	-2.26127e-07	
1140	9.900134e-04	-2.26118e-07	
1141	9.900135e-04	-2.26110e-07	
1142	9.900136e-04	-2.26102e-07	
1143	9.900137e-04	-2.26096e-07	
1144	9.900138e-04	-2.26091e-07	
1145	9.900139e-04	-2.26087e-07	
1146	9.900140e-04	-2.26083e-07	
1147	9.900141e-04	-2.26080e-07	
1148	9.900142e-04	-2.26077e-07	
1149	9.900143e-04	-2.26074e-07	
1150	9.900144e-04	-2.26072e-07	
1151	9.900145e-04	-2.26070e-07	
1152	9.900146e-04	-2.26069e-07	
1153	9.900147e-04	-2.26067e-07	
1154	9.900148e-04	-2.26066e-07	
1155	9.900149e-04	-2.26065e-07	
1156	9.900150e-04	-2.26064e-07	

Index   time            i(vbat85)       
--------------------------------------------------------------------------------
1157	9.900151e-04	-2.26064e-07	
1158	9.900152e-04	-2.26063e-07	
1159	9.900153e-04	-2.26063e-07	
1160	9.900154e-04	-2.26062e-07	
1161	9.900155e-04	-2.26062e-07	
1162	9.900156e-04	-2.26061e-07	
1163	9.900157e-04	-2.26061e-07	
1164	9.900158e-04	-2.26061e-07	
1165	9.900159e-04	-2.26061e-07	
1166	9.900160e-04	-2.26060e-07	
1167	9.900161e-04	-2.26060e-07	
1168	9.900162e-04	-2.26060e-07	
1169	9.900163e-04	-2.26060e-07	
1170	9.900164e-04	-2.26060e-07	
1171	9.900165e-04	-2.26060e-07	
1172	9.900166e-04	-2.26060e-07	
1173	9.900167e-04	-2.26060e-07	
1174	9.900168e-04	-2.26060e-07	
1175	9.900169e-04	-2.26060e-07	
1176	9.900170e-04	-2.26059e-07	
1177	9.900171e-04	-2.26059e-07	
1178	9.900172e-04	-2.26059e-07	
1179	9.900173e-04	-2.26059e-07	
1180	9.900174e-04	-2.26059e-07	
1181	9.900175e-04	-2.26059e-07	
1182	9.900176e-04	-2.26059e-07	
1183	9.900177e-04	-2.26059e-07	
1184	9.900178e-04	-2.26059e-07	
1185	9.900179e-04	-2.26059e-07	
1186	9.900180e-04	-2.26059e-07	
1187	9.900181e-04	-2.26059e-07	
1188	9.900182e-04	-2.26059e-07	
1189	9.900183e-04	-2.26059e-07	
1190	9.900184e-04	-2.26059e-07	
1191	9.900185e-04	-2.26059e-07	
1192	9.900186e-04	-2.26059e-07	
1193	9.900187e-04	-2.26059e-07	
1194	9.900188e-04	-2.26059e-07	
1195	9.900189e-04	-2.26059e-07	
1196	9.900190e-04	-2.26059e-07	
1197	9.900191e-04	-2.26059e-07	
1198	9.900192e-04	-2.26059e-07	
1199	9.900193e-04	-2.26059e-07	
1200	9.900194e-04	-2.26059e-07	
1201	9.900195e-04	-2.26059e-07	
1202	9.900196e-04	-2.26059e-07	
1203	9.900197e-04	-2.26059e-07	
1204	9.900198e-04	-2.26059e-07	
1205	9.900199e-04	-2.26059e-07	
1206	9.900200e-04	-2.26059e-07	
1207	9.900201e-04	-2.26059e-07	
1208	9.900202e-04	-2.26059e-07	
1209	9.900203e-04	-2.26059e-07	
1210	9.900204e-04	-2.26059e-07	
1211	9.900205e-04	-2.26059e-07	
1212	9.900206e-04	-2.26059e-07	
1213	9.900207e-04	-2.26059e-07	
1214	9.900208e-04	-2.26059e-07	

Index   time            i(vbat85)       
--------------------------------------------------------------------------------
1215	9.900209e-04	-2.26059e-07	
1216	9.900210e-04	-2.26059e-07	
1217	9.900211e-04	-2.26059e-07	
1218	9.900212e-04	-2.26059e-07	
1219	9.900213e-04	-2.26059e-07	
1220	9.900214e-04	-2.26059e-07	
1221	9.900215e-04	-2.26059e-07	
1222	9.900216e-04	-2.26059e-07	
1223	9.900217e-04	-2.26059e-07	
1224	9.900218e-04	-2.26059e-07	
1225	9.900219e-04	-2.26059e-07	
1226	9.900220e-04	-2.26059e-07	
1227	9.900221e-04	-2.26059e-07	
1228	9.900222e-04	-2.26059e-07	
1229	9.900223e-04	-2.26059e-07	
1230	9.900224e-04	-2.26059e-07	
1231	9.900225e-04	-2.26059e-07	
1232	9.900226e-04	-2.26059e-07	
1233	9.900227e-04	-2.26059e-07	
1234	9.900228e-04	-2.26059e-07	
1235	9.900229e-04	-2.26059e-07	
1236	9.900230e-04	-2.26059e-07	
1237	9.900231e-04	-2.26059e-07	
1238	9.900232e-04	-2.26059e-07	
1239	9.900233e-04	-2.26059e-07	
1240	9.900234e-04	-2.26059e-07	
1241	9.900235e-04	-2.26059e-07	
1242	9.900236e-04	-2.26059e-07	
1243	9.900237e-04	-2.26059e-07	
1244	9.900238e-04	-2.26059e-07	
1245	9.900239e-04	-2.26059e-07	
1246	9.900240e-04	-2.26059e-07	
1247	9.900241e-04	-2.26059e-07	
1248	9.900242e-04	-2.26059e-07	
1249	9.900243e-04	-2.26059e-07	
1250	9.900244e-04	-2.26059e-07	
1251	9.900245e-04	-2.26059e-07	
1252	9.900246e-04	-2.26059e-07	
1253	9.900247e-04	-2.26059e-07	
1254	9.900248e-04	-2.26059e-07	
1255	9.900249e-04	-2.26059e-07	
1256	9.900250e-04	-2.26059e-07	
1257	9.900251e-04	-2.26059e-07	
1258	9.900252e-04	-2.26059e-07	
1259	9.900253e-04	-2.26059e-07	
1260	9.900254e-04	-2.26059e-07	
1261	9.900255e-04	-2.26059e-07	
1262	9.900256e-04	-2.26059e-07	
1263	9.900257e-04	-2.26059e-07	
1264	9.900258e-04	-2.26059e-07	
1265	9.900259e-04	-2.26059e-07	
1266	9.900260e-04	-2.26059e-07	
1267	9.900261e-04	-2.26059e-07	
1268	9.900262e-04	-2.26059e-07	
1269	9.900263e-04	-2.26059e-07	
1270	9.900264e-04	-2.26059e-07	
1271	9.900265e-04	-2.26059e-07	
1272	9.900266e-04	-2.26059e-07	

Index   time            i(vbat85)       
--------------------------------------------------------------------------------
1273	9.900267e-04	-2.26059e-07	
1274	9.900268e-04	-2.26059e-07	
1275	9.900269e-04	-2.26059e-07	
1276	9.900270e-04	-2.26059e-07	
1277	9.900271e-04	-2.26059e-07	
1278	9.900272e-04	-2.26059e-07	
1279	9.900273e-04	-2.26059e-07	
1280	9.900274e-04	-2.26059e-07	
1281	9.900275e-04	-2.26059e-07	
1282	9.900276e-04	-2.26059e-07	
1283	9.900277e-04	-2.26059e-07	
1284	9.900278e-04	-2.26059e-07	
1285	9.900279e-04	-2.26059e-07	
1286	9.900280e-04	-2.26059e-07	
1287	9.900281e-04	-2.26059e-07	
1288	9.900282e-04	-2.26059e-07	
1289	9.900283e-04	-2.26059e-07	
1290	9.900284e-04	-2.26059e-07	
1291	9.900285e-04	-2.26059e-07	
1292	9.900286e-04	-2.26059e-07	
1293	9.900287e-04	-2.26059e-07	
1294	9.900288e-04	-2.26059e-07	
1295	9.900289e-04	-2.26059e-07	
1296	9.900290e-04	-2.26059e-07	
1297	9.900291e-04	-2.26059e-07	
1298	9.900292e-04	-2.26059e-07	
1299	9.900293e-04	-2.26059e-07	
1300	9.900294e-04	-2.26059e-07	
1301	9.900295e-04	-2.26059e-07	
1302	9.900296e-04	-2.26059e-07	
1303	9.900297e-04	-2.26059e-07	
1304	9.900298e-04	-2.26059e-07	
1305	9.900299e-04	-2.26059e-07	
1306	9.900300e-04	-2.26059e-07	
1307	9.900301e-04	-2.26059e-07	
1308	9.900302e-04	-2.26059e-07	
1309	9.900303e-04	-2.26059e-07	
1310	9.900304e-04	-2.26059e-07	
1311	9.900305e-04	-2.26059e-07	
1312	9.900306e-04	-2.26059e-07	
1313	9.900307e-04	-2.26059e-07	
1314	9.900308e-04	-2.26059e-07	
1315	9.900309e-04	-2.26059e-07	
1316	9.900310e-04	-2.26059e-07	
1317	9.900311e-04	-2.26059e-07	
1318	9.900312e-04	-2.26059e-07	
1319	9.900313e-04	-2.26059e-07	
1320	9.900314e-04	-2.26059e-07	
1321	9.900315e-04	-2.26059e-07	
1322	9.900316e-04	-2.26059e-07	
1323	9.900317e-04	-2.26059e-07	
1324	9.900318e-04	-2.26059e-07	
1325	9.900319e-04	-2.26059e-07	
1326	9.900320e-04	-2.26059e-07	
1327	9.900321e-04	-2.26059e-07	
1328	9.900322e-04	-2.26059e-07	
1329	9.900323e-04	-2.26059e-07	
1330	9.900324e-04	-2.26059e-07	

Index   time            i(vbat85)       
--------------------------------------------------------------------------------
1331	9.900325e-04	-2.26059e-07	
1332	9.900326e-04	-2.26059e-07	
1333	9.900327e-04	-2.26059e-07	
1334	9.900328e-04	-2.26059e-07	
1335	9.900329e-04	-2.26059e-07	
1336	9.900330e-04	-2.26059e-07	
1337	9.900331e-04	-2.26059e-07	
1338	9.900332e-04	-2.26059e-07	
1339	9.900333e-04	-2.26059e-07	
1340	9.900334e-04	-2.26059e-07	
1341	9.900335e-04	-2.26059e-07	
1342	9.900336e-04	-2.26059e-07	
1343	9.900337e-04	-2.26059e-07	
1344	9.900338e-04	-2.26059e-07	
1345	9.900339e-04	-2.26059e-07	
1346	9.900340e-04	-2.26059e-07	
1347	9.900341e-04	-2.26059e-07	
1348	9.900342e-04	-2.26059e-07	
1349	9.900343e-04	-2.26059e-07	
1350	9.900344e-04	-2.26059e-07	
1351	9.900345e-04	-2.26059e-07	
1352	9.900346e-04	-2.26059e-07	
1353	9.900347e-04	-2.26059e-07	
1354	9.900348e-04	-2.26059e-07	
1355	9.900349e-04	-2.26059e-07	
1356	9.900350e-04	-2.26059e-07	
1357	9.900351e-04	-2.26059e-07	
1358	9.900352e-04	-2.26059e-07	
1359	9.900353e-04	-2.26059e-07	
1360	9.900354e-04	-2.26059e-07	
1361	9.900355e-04	-2.26059e-07	
1362	9.900356e-04	-2.26059e-07	
1363	9.900357e-04	-2.26059e-07	
1364	9.900358e-04	-2.26059e-07	
1365	9.900359e-04	-2.26059e-07	
1366	9.900360e-04	-2.26059e-07	
1367	9.900361e-04	-2.26059e-07	
1368	9.900362e-04	-2.26059e-07	
1369	9.900363e-04	-2.26059e-07	
1370	9.900364e-04	-2.26059e-07	
1371	9.900365e-04	-2.26059e-07	
1372	9.900366e-04	-2.26059e-07	
1373	9.900367e-04	-2.26059e-07	
1374	9.900368e-04	-2.26059e-07	
1375	9.900369e-04	-2.26059e-07	
1376	9.900370e-04	-2.26059e-07	
1377	9.900371e-04	-2.26059e-07	
1378	9.900372e-04	-2.26059e-07	
1379	9.900373e-04	-2.26059e-07	
1380	9.900374e-04	-2.26059e-07	
1381	9.900375e-04	-2.26059e-07	
1382	9.900376e-04	-2.26059e-07	
1383	9.900377e-04	-2.26059e-07	
1384	9.900378e-04	-2.26059e-07	
1385	9.900379e-04	-2.26059e-07	
1386	9.900380e-04	-2.26059e-07	
1387	9.900381e-04	-2.26059e-07	
1388	9.900382e-04	-2.26059e-07	

Index   time            i(vbat85)       
--------------------------------------------------------------------------------
1389	9.900383e-04	-2.26059e-07	
1390	9.900384e-04	-2.26059e-07	
1391	9.900385e-04	-2.26059e-07	
1392	9.900386e-04	-2.26059e-07	
1393	9.900387e-04	-2.26059e-07	
1394	9.900388e-04	-2.26059e-07	
1395	9.900389e-04	-2.26059e-07	
1396	9.900390e-04	-2.26059e-07	
1397	9.900391e-04	-2.26059e-07	
1398	9.900392e-04	-2.26059e-07	
1399	9.900393e-04	-2.26059e-07	
1400	9.900394e-04	-2.26059e-07	
1401	9.900395e-04	-2.26059e-07	
1402	9.900396e-04	-2.26059e-07	
1403	9.900397e-04	-2.26059e-07	
1404	9.900398e-04	-2.26059e-07	
1405	9.900399e-04	-2.26059e-07	
1406	9.900400e-04	-2.26059e-07	
1407	9.900401e-04	-2.26059e-07	
1408	9.900402e-04	-2.26059e-07	
1409	9.900403e-04	-2.26059e-07	
1410	9.900404e-04	-2.26059e-07	
1411	9.900405e-04	-2.26059e-07	
1412	9.900406e-04	-2.26059e-07	
1413	9.900407e-04	-2.26059e-07	
1414	9.900408e-04	-2.26059e-07	
1415	9.900409e-04	-2.26059e-07	
1416	9.900410e-04	-2.26059e-07	
1417	9.900411e-04	-2.26059e-07	
1418	9.900412e-04	-2.26059e-07	
1419	9.900413e-04	-2.26059e-07	
1420	9.900414e-04	-2.26059e-07	
1421	9.900415e-04	-2.26059e-07	
1422	9.900416e-04	-2.26059e-07	
1423	9.900417e-04	-2.26059e-07	
1424	9.900418e-04	-2.26059e-07	
1425	9.900419e-04	-2.26059e-07	
1426	9.900420e-04	-2.26059e-07	
1427	9.900421e-04	-2.26059e-07	
1428	9.900422e-04	-2.26059e-07	
1429	9.900423e-04	-2.26059e-07	
1430	9.900424e-04	-2.26059e-07	
1431	9.900425e-04	-2.26059e-07	
1432	9.900426e-04	-2.26059e-07	
1433	9.900427e-04	-2.26059e-07	
1434	9.900428e-04	-2.26059e-07	
1435	9.900429e-04	-2.26059e-07	
1436	9.900430e-04	-2.26059e-07	
1437	9.900431e-04	-2.26059e-07	
1438	9.900432e-04	-2.26059e-07	
1439	9.900433e-04	-2.26059e-07	
1440	9.900434e-04	-2.26059e-07	
1441	9.900435e-04	-2.26059e-07	
1442	9.900436e-04	-2.26059e-07	
1443	9.900437e-04	-2.26059e-07	
1444	9.900438e-04	-2.26059e-07	
1445	9.900439e-04	-2.26059e-07	
1446	9.900440e-04	-2.26059e-07	

Index   time            i(vbat85)       
--------------------------------------------------------------------------------
1447	9.900441e-04	-2.26059e-07	
1448	9.900442e-04	-2.26059e-07	
1449	9.900443e-04	-2.26059e-07	
1450	9.900444e-04	-2.26059e-07	
1451	9.900445e-04	-2.26059e-07	
1452	9.900446e-04	-2.26059e-07	
1453	9.900447e-04	-2.26059e-07	
1454	9.900448e-04	-2.26059e-07	
1455	9.900449e-04	-2.26059e-07	
1456	9.900450e-04	-2.26059e-07	
1457	9.900451e-04	-2.26059e-07	
1458	9.900452e-04	-2.26059e-07	
1459	9.900453e-04	-2.26059e-07	
1460	9.900454e-04	-2.26059e-07	
1461	9.900455e-04	-2.26059e-07	
1462	9.900456e-04	-2.26059e-07	
1463	9.900457e-04	-2.26059e-07	
1464	9.900458e-04	-2.26059e-07	
1465	9.900459e-04	-2.26059e-07	
1466	9.900460e-04	-2.26059e-07	
1467	9.900461e-04	-2.26059e-07	
1468	9.900462e-04	-2.26059e-07	
1469	9.900463e-04	-2.26059e-07	
1470	9.900464e-04	-2.26059e-07	
1471	9.900465e-04	-2.26059e-07	
1472	9.900466e-04	-2.26059e-07	
1473	9.900467e-04	-2.26059e-07	
1474	9.900468e-04	-2.26059e-07	
1475	9.900469e-04	-2.26059e-07	
1476	9.900470e-04	-2.26059e-07	
1477	9.900471e-04	-2.26059e-07	
1478	9.900472e-04	-2.26059e-07	
1479	9.900473e-04	-2.26059e-07	
1480	9.900474e-04	-2.26059e-07	
1481	9.900475e-04	-2.26059e-07	
1482	9.900476e-04	-2.26059e-07	
1483	9.900477e-04	-2.26059e-07	
1484	9.900478e-04	-2.26059e-07	
1485	9.900479e-04	-2.26059e-07	
1486	9.900480e-04	-2.26059e-07	
1487	9.900481e-04	-2.26059e-07	
1488	9.900482e-04	-2.26059e-07	
1489	9.900483e-04	-2.26059e-07	
1490	9.900484e-04	-2.26059e-07	
1491	9.900485e-04	-2.26059e-07	
1492	9.900486e-04	-2.26059e-07	
1493	9.900487e-04	-2.26059e-07	
1494	9.900488e-04	-2.26059e-07	
1495	9.900489e-04	-2.26059e-07	
1496	9.900490e-04	-2.26059e-07	
1497	9.900491e-04	-2.26059e-07	
1498	9.900492e-04	-2.26059e-07	
1499	9.900493e-04	-2.26059e-07	
1500	9.900494e-04	-2.26059e-07	
1501	9.900495e-04	-2.26059e-07	
1502	9.900496e-04	-2.26059e-07	
1503	9.900497e-04	-2.26059e-07	
1504	9.900498e-04	-2.26059e-07	

Index   time            i(vbat85)       
--------------------------------------------------------------------------------
1505	9.900499e-04	-2.26059e-07	
1506	9.900500e-04	-2.26059e-07	
1507	9.900501e-04	-2.26059e-07	
1508	9.900502e-04	-2.26059e-07	
1509	9.900503e-04	-2.26059e-07	
1510	9.900504e-04	-2.26059e-07	
1511	9.900505e-04	-2.26059e-07	
1512	9.900506e-04	-2.26059e-07	
1513	9.900507e-04	-2.26059e-07	
1514	9.900508e-04	-2.26059e-07	
1515	9.900509e-04	-2.26059e-07	
1516	9.900510e-04	-2.26059e-07	
1517	9.900511e-04	-2.26059e-07	
1518	9.900512e-04	-2.26059e-07	
1519	9.900513e-04	-2.26059e-07	
1520	9.900514e-04	-2.26059e-07	
1521	9.900515e-04	-2.26059e-07	
1522	9.900516e-04	-2.26059e-07	
1523	9.900517e-04	-2.26059e-07	
1524	9.900518e-04	-2.26059e-07	
1525	9.900519e-04	-2.26059e-07	
1526	9.900520e-04	-2.26059e-07	
1527	9.900521e-04	-2.26059e-07	
1528	9.900522e-04	-2.26059e-07	
1529	9.900523e-04	-2.26059e-07	
1530	9.900524e-04	-2.26059e-07	
1531	9.900525e-04	-2.26059e-07	
1532	9.900526e-04	-2.26059e-07	
1533	9.900527e-04	-2.26059e-07	
1534	9.900528e-04	-2.26059e-07	
1535	9.900529e-04	-2.26059e-07	
1536	9.900530e-04	-2.26059e-07	
1537	9.900531e-04	-2.26059e-07	
1538	9.900532e-04	-2.26059e-07	
1539	9.900533e-04	-2.26059e-07	
1540	9.900534e-04	-2.26059e-07	
1541	9.900535e-04	-2.26059e-07	
1542	9.900536e-04	-2.26059e-07	
1543	9.900537e-04	-2.26059e-07	
1544	9.900538e-04	-2.26059e-07	
1545	9.900539e-04	-2.26059e-07	
1546	9.900540e-04	-2.26059e-07	
1547	9.900541e-04	-2.26059e-07	
1548	9.900542e-04	-2.26059e-07	
1549	9.900543e-04	-2.26059e-07	
1550	9.900544e-04	-2.26059e-07	
1551	9.900545e-04	-2.26059e-07	
1552	9.900546e-04	-2.26059e-07	
1553	9.900547e-04	-2.26059e-07	
1554	9.900548e-04	-2.26059e-07	
1555	9.900549e-04	-2.26059e-07	
1556	9.900550e-04	-2.26059e-07	
1557	9.900551e-04	-2.26059e-07	
1558	9.900552e-04	-2.26059e-07	
1559	9.900553e-04	-2.26059e-07	
1560	9.900554e-04	-2.26059e-07	
1561	9.900555e-04	-2.26059e-07	
1562	9.900556e-04	-2.26059e-07	

Index   time            i(vbat85)       
--------------------------------------------------------------------------------
1563	9.900557e-04	-2.26059e-07	
1564	9.900558e-04	-2.26059e-07	
1565	9.900559e-04	-2.26059e-07	
1566	9.900560e-04	-2.26059e-07	
1567	9.900561e-04	-2.26059e-07	
1568	9.900562e-04	-2.26059e-07	
1569	9.900563e-04	-2.26059e-07	
1570	9.900564e-04	-2.26059e-07	
1571	9.900565e-04	-2.26059e-07	
1572	9.900566e-04	-2.26059e-07	
1573	9.900567e-04	-2.26059e-07	
1574	9.900568e-04	-2.26059e-07	
1575	9.900569e-04	-2.26059e-07	
1576	9.900570e-04	-2.26059e-07	
1577	9.900571e-04	-2.26059e-07	
1578	9.900572e-04	-2.26059e-07	
1579	9.900573e-04	-2.26059e-07	
1580	9.900574e-04	-2.26059e-07	
1581	9.900575e-04	-2.26059e-07	
1582	9.900576e-04	-2.26059e-07	
1583	9.900577e-04	-2.26059e-07	
1584	9.900578e-04	-2.26059e-07	
1585	9.900579e-04	-2.26059e-07	
1586	9.900580e-04	-2.26059e-07	
1587	9.900581e-04	-2.26059e-07	
1588	9.900582e-04	-2.26059e-07	
1589	9.900583e-04	-2.26059e-07	
1590	9.900584e-04	-2.26059e-07	
1591	9.900585e-04	-2.26059e-07	
1592	9.900586e-04	-2.26059e-07	
1593	9.900587e-04	-2.26059e-07	
1594	9.900588e-04	-2.26059e-07	
1595	9.900589e-04	-2.26059e-07	
1596	9.900590e-04	-2.26059e-07	
1597	9.900591e-04	-2.26059e-07	
1598	9.900592e-04	-2.26059e-07	
1599	9.900593e-04	-2.26059e-07	
1600	9.900594e-04	-2.26059e-07	
1601	9.900595e-04	-2.26059e-07	
1602	9.900596e-04	-2.26059e-07	
1603	9.900597e-04	-2.26059e-07	
1604	9.900598e-04	-2.26059e-07	
1605	9.900599e-04	-2.26059e-07	
1606	9.900600e-04	-2.26059e-07	
1607	9.900601e-04	-2.26059e-07	
1608	9.900602e-04	-2.26059e-07	
1609	9.900603e-04	-2.26059e-07	
1610	9.900604e-04	-2.26059e-07	
1611	9.900605e-04	-2.26059e-07	
1612	9.900606e-04	-2.26059e-07	
1613	9.900607e-04	-2.26059e-07	
1614	9.900608e-04	-2.26059e-07	
1615	9.900609e-04	-2.26059e-07	
1616	9.900610e-04	-2.26059e-07	
1617	9.900611e-04	-2.26059e-07	
1618	9.900612e-04	-2.26059e-07	
1619	9.900613e-04	-2.26059e-07	
1620	9.900614e-04	-2.26059e-07	

Index   time            i(vbat85)       
--------------------------------------------------------------------------------
1621	9.900615e-04	-2.26059e-07	
1622	9.900616e-04	-2.26059e-07	
1623	9.900617e-04	-2.26059e-07	
1624	9.900618e-04	-2.26059e-07	
1625	9.900619e-04	-2.26059e-07	
1626	9.900620e-04	-2.26059e-07	
1627	9.900621e-04	-2.26059e-07	
1628	9.900622e-04	-2.26059e-07	
1629	9.900623e-04	-2.26059e-07	
1630	9.900624e-04	-2.26059e-07	
1631	9.900625e-04	-2.26059e-07	
1632	9.900626e-04	-2.26059e-07	
1633	9.900627e-04	-2.26059e-07	
1634	9.900628e-04	-2.26059e-07	
1635	9.900629e-04	-2.26059e-07	
1636	9.900630e-04	-2.26059e-07	
1637	9.900631e-04	-2.26059e-07	
1638	9.900632e-04	-2.26059e-07	
1639	9.900633e-04	-2.26059e-07	
1640	9.900634e-04	-2.26059e-07	
1641	9.900635e-04	-2.26059e-07	
1642	9.900636e-04	-2.26059e-07	
1643	9.900637e-04	-2.26059e-07	
1644	9.900638e-04	-2.26059e-07	
1645	9.900639e-04	-2.26059e-07	
1646	9.900640e-04	-2.26059e-07	
1647	9.900641e-04	-2.26059e-07	
1648	9.900642e-04	-2.26059e-07	
1649	9.900643e-04	-2.26059e-07	
1650	9.900644e-04	-2.26059e-07	
1651	9.900645e-04	-2.26059e-07	
1652	9.900646e-04	-2.26059e-07	
1653	9.900647e-04	-2.26059e-07	
1654	9.900648e-04	-2.26059e-07	
1655	9.900649e-04	-2.26059e-07	
1656	9.900650e-04	-2.26059e-07	
1657	9.900651e-04	-2.26059e-07	
1658	9.900652e-04	-2.26059e-07	
1659	9.900653e-04	-2.26059e-07	
1660	9.900654e-04	-2.26059e-07	
1661	9.900655e-04	-2.26059e-07	
1662	9.900656e-04	-2.26059e-07	
1663	9.900657e-04	-2.26059e-07	
1664	9.900658e-04	-2.26059e-07	
1665	9.900659e-04	-2.26059e-07	
1666	9.900660e-04	-2.26059e-07	
1667	9.900661e-04	-2.26059e-07	
1668	9.900662e-04	-2.26059e-07	
1669	9.900663e-04	-2.26059e-07	
1670	9.900664e-04	-2.26059e-07	
1671	9.900665e-04	-2.26059e-07	
1672	9.900666e-04	-2.26059e-07	
1673	9.900667e-04	-2.26059e-07	
1674	9.900668e-04	-2.26059e-07	
1675	9.900669e-04	-2.26059e-07	
1676	9.900670e-04	-2.26059e-07	
1677	9.900671e-04	-2.26059e-07	
1678	9.900672e-04	-2.26059e-07	

Index   time            i(vbat85)       
--------------------------------------------------------------------------------
1679	9.900673e-04	-2.26059e-07	
1680	9.900674e-04	-2.26059e-07	
1681	9.900675e-04	-2.26059e-07	
1682	9.900676e-04	-2.26059e-07	
1683	9.900677e-04	-2.26059e-07	
1684	9.900678e-04	-2.26059e-07	
1685	9.900679e-04	-2.26059e-07	
1686	9.900680e-04	-2.26059e-07	
1687	9.900681e-04	-2.26059e-07	
1688	9.900682e-04	-2.26059e-07	
1689	9.900683e-04	-2.26059e-07	
1690	9.900684e-04	-2.26059e-07	
1691	9.900685e-04	-2.26059e-07	
1692	9.900686e-04	-2.26059e-07	
1693	9.900687e-04	-2.26059e-07	
1694	9.900688e-04	-2.26059e-07	
1695	9.900689e-04	-2.26059e-07	
1696	9.900690e-04	-2.26059e-07	
1697	9.900691e-04	-2.26059e-07	
1698	9.900692e-04	-2.26059e-07	
1699	9.900693e-04	-2.26059e-07	
1700	9.900694e-04	-2.26059e-07	
1701	9.900695e-04	-2.26059e-07	
1702	9.900696e-04	-2.26059e-07	
1703	9.900697e-04	-2.26059e-07	
1704	9.900698e-04	-2.26059e-07	
1705	9.900699e-04	-2.26059e-07	
1706	9.900700e-04	-2.26059e-07	
1707	9.900701e-04	-2.26059e-07	
1708	9.900702e-04	-2.26059e-07	
1709	9.900703e-04	-2.26059e-07	
1710	9.900704e-04	-2.26059e-07	
1711	9.900705e-04	-2.26059e-07	
1712	9.900706e-04	-2.26059e-07	
1713	9.900707e-04	-2.26059e-07	
1714	9.900708e-04	-2.26059e-07	
1715	9.900709e-04	-2.26059e-07	
1716	9.900710e-04	-2.26059e-07	
1717	9.900711e-04	-2.26059e-07	
1718	9.900712e-04	-2.26059e-07	
1719	9.900713e-04	-2.26059e-07	
1720	9.900714e-04	-2.26059e-07	
1721	9.900715e-04	-2.26059e-07	
1722	9.900716e-04	-2.26059e-07	
1723	9.900717e-04	-2.26059e-07	
1724	9.900718e-04	-2.26059e-07	
1725	9.900719e-04	-2.26059e-07	
1726	9.900720e-04	-2.26059e-07	
1727	9.900721e-04	-2.26059e-07	
1728	9.900722e-04	-2.26059e-07	
1729	9.900723e-04	-2.26059e-07	
1730	9.900724e-04	-2.26059e-07	
1731	9.900725e-04	-2.26059e-07	
1732	9.900726e-04	-2.26059e-07	
1733	9.900727e-04	-2.26059e-07	
1734	9.900728e-04	-2.26059e-07	
1735	9.900729e-04	-2.26059e-07	
1736	9.900730e-04	-2.26059e-07	

Index   time            i(vbat85)       
--------------------------------------------------------------------------------
1737	9.900731e-04	-2.26059e-07	
1738	9.900732e-04	-2.26059e-07	
1739	9.900733e-04	-2.26059e-07	
1740	9.900734e-04	-2.26059e-07	
1741	9.900735e-04	-2.26059e-07	
1742	9.900736e-04	-2.26059e-07	
1743	9.900737e-04	-2.26059e-07	
1744	9.900738e-04	-2.26059e-07	
1745	9.900739e-04	-2.26059e-07	
1746	9.900740e-04	-2.26059e-07	
1747	9.900741e-04	-2.26059e-07	
1748	9.900742e-04	-2.26059e-07	
1749	9.900743e-04	-2.26059e-07	
1750	9.900744e-04	-2.26059e-07	
1751	9.900745e-04	-2.26059e-07	
1752	9.900746e-04	-2.26059e-07	
1753	9.900747e-04	-2.26059e-07	
1754	9.900748e-04	-2.26059e-07	
1755	9.900749e-04	-2.26059e-07	
1756	9.900750e-04	-2.26059e-07	
1757	9.900751e-04	-2.26059e-07	
1758	9.900752e-04	-2.26059e-07	
1759	9.900753e-04	-2.26059e-07	
1760	9.900754e-04	-2.26059e-07	
1761	9.900755e-04	-2.26059e-07	
1762	9.900756e-04	-2.26059e-07	
1763	9.900757e-04	-2.26059e-07	
1764	9.900758e-04	-2.26059e-07	
1765	9.900759e-04	-2.26059e-07	
1766	9.900760e-04	-2.26059e-07	
1767	9.900761e-04	-2.26059e-07	
1768	9.900762e-04	-2.26059e-07	
1769	9.900763e-04	-2.26059e-07	
1770	9.900764e-04	-2.26059e-07	
1771	9.900765e-04	-2.26059e-07	
1772	9.900766e-04	-2.26059e-07	
1773	9.900767e-04	-2.26059e-07	
1774	9.900768e-04	-2.26059e-07	
1775	9.900769e-04	-2.26059e-07	
1776	9.900770e-04	-2.26059e-07	
1777	9.900771e-04	-2.26059e-07	
1778	9.900772e-04	-2.26059e-07	
1779	9.900773e-04	-2.26059e-07	
1780	9.900774e-04	-2.26059e-07	
1781	9.900775e-04	-2.26059e-07	
1782	9.900776e-04	-2.26059e-07	
1783	9.900777e-04	-2.26059e-07	
1784	9.900778e-04	-2.26059e-07	
1785	9.900779e-04	-2.26059e-07	
1786	9.900780e-04	-2.26059e-07	
1787	9.900781e-04	-2.26059e-07	
1788	9.900782e-04	-2.26059e-07	
1789	9.900783e-04	-2.26059e-07	
1790	9.900784e-04	-2.26059e-07	
1791	9.900785e-04	-2.26059e-07	
1792	9.900786e-04	-2.26059e-07	
1793	9.900787e-04	-2.26059e-07	
1794	9.900788e-04	-2.26059e-07	

Index   time            i(vbat85)       
--------------------------------------------------------------------------------
1795	9.900789e-04	-2.26059e-07	
1796	9.900790e-04	-2.26059e-07	
1797	9.900791e-04	-2.26059e-07	
1798	9.900792e-04	-2.26059e-07	
1799	9.900793e-04	-2.26059e-07	
1800	9.900794e-04	-2.26059e-07	
1801	9.900795e-04	-2.26059e-07	
1802	9.900796e-04	-2.26059e-07	
1803	9.900797e-04	-2.26059e-07	
1804	9.900798e-04	-2.26059e-07	
1805	9.900799e-04	-2.26059e-07	
1806	9.900800e-04	-2.26059e-07	
1807	9.900801e-04	-2.26059e-07	
1808	9.900802e-04	-2.26059e-07	
1809	9.900803e-04	-2.26059e-07	
1810	9.900804e-04	-2.26059e-07	
1811	9.900805e-04	-2.26059e-07	
1812	9.900806e-04	-2.26059e-07	
1813	9.900807e-04	-2.26059e-07	
1814	9.900808e-04	-2.26059e-07	
1815	9.900809e-04	-2.26059e-07	
1816	9.900810e-04	-2.26059e-07	
1817	9.900811e-04	-2.26059e-07	
1818	9.900812e-04	-2.26059e-07	
1819	9.900813e-04	-2.26059e-07	
1820	9.900814e-04	-2.26059e-07	
1821	9.900815e-04	-2.26059e-07	
1822	9.900816e-04	-2.26059e-07	
1823	9.900817e-04	-2.26059e-07	
1824	9.900818e-04	-2.26059e-07	
1825	9.900819e-04	-2.26059e-07	
1826	9.900820e-04	-2.26059e-07	
1827	9.900821e-04	-2.26059e-07	
1828	9.900822e-04	-2.26059e-07	
1829	9.900823e-04	-2.26059e-07	
1830	9.900824e-04	-2.26059e-07	
1831	9.900825e-04	-2.26059e-07	
1832	9.900826e-04	-2.26059e-07	
1833	9.900827e-04	-2.26059e-07	
1834	9.900828e-04	-2.26059e-07	
1835	9.900829e-04	-2.26059e-07	
1836	9.900830e-04	-2.26059e-07	
1837	9.900831e-04	-2.26059e-07	
1838	9.900832e-04	-2.26059e-07	
1839	9.900833e-04	-2.26059e-07	
1840	9.900834e-04	-2.26059e-07	
1841	9.900835e-04	-2.26059e-07	
1842	9.900836e-04	-2.26059e-07	
1843	9.900837e-04	-2.26059e-07	
1844	9.900838e-04	-2.26059e-07	
1845	9.900839e-04	-2.26059e-07	
1846	9.900840e-04	-2.26059e-07	
1847	9.900841e-04	-2.26059e-07	
1848	9.900842e-04	-2.26059e-07	
1849	9.900843e-04	-2.26059e-07	
1850	9.900844e-04	-2.26059e-07	
1851	9.900845e-04	-2.26059e-07	
1852	9.900846e-04	-2.26059e-07	

Index   time            i(vbat85)       
--------------------------------------------------------------------------------
1853	9.900847e-04	-2.26059e-07	
1854	9.900848e-04	-2.26059e-07	
1855	9.900849e-04	-2.26059e-07	
1856	9.900850e-04	-2.26059e-07	
1857	9.900851e-04	-2.26059e-07	
1858	9.900852e-04	-2.26059e-07	
1859	9.900853e-04	-2.26059e-07	
1860	9.900854e-04	-2.26059e-07	
1861	9.900855e-04	-2.26059e-07	
1862	9.900856e-04	-2.26059e-07	
1863	9.900857e-04	-2.26059e-07	
1864	9.900858e-04	-2.26059e-07	
1865	9.900859e-04	-2.26059e-07	
1866	9.900860e-04	-2.26059e-07	
1867	9.900861e-04	-2.26059e-07	
1868	9.900862e-04	-2.26059e-07	
1869	9.900863e-04	-2.26059e-07	
1870	9.900864e-04	-2.26059e-07	
1871	9.900865e-04	-2.26059e-07	
1872	9.900866e-04	-2.26059e-07	
1873	9.900867e-04	-2.26059e-07	
1874	9.900868e-04	-2.26059e-07	
1875	9.900869e-04	-2.26059e-07	
1876	9.900870e-04	-2.26059e-07	
1877	9.900871e-04	-2.26059e-07	
1878	9.900872e-04	-2.26059e-07	
1879	9.900873e-04	-2.26059e-07	
1880	9.900874e-04	-2.26059e-07	
1881	9.900875e-04	-2.26059e-07	
1882	9.900876e-04	-2.26059e-07	
1883	9.900877e-04	-2.26059e-07	
1884	9.900878e-04	-2.26059e-07	
1885	9.900879e-04	-2.26059e-07	
1886	9.900880e-04	-2.26059e-07	
1887	9.900881e-04	-2.26059e-07	
1888	9.900882e-04	-2.26059e-07	
1889	9.900883e-04	-2.26059e-07	
1890	9.900884e-04	-2.26059e-07	
1891	9.900885e-04	-2.26059e-07	
1892	9.900886e-04	-2.26059e-07	
1893	9.900887e-04	-2.26059e-07	
1894	9.900888e-04	-2.26059e-07	
1895	9.900889e-04	-2.26059e-07	
1896	9.900890e-04	-2.26059e-07	
1897	9.900891e-04	-2.26059e-07	
1898	9.900892e-04	-2.26059e-07	
1899	9.900893e-04	-2.26059e-07	
1900	9.900894e-04	-2.26059e-07	
1901	9.900895e-04	-2.26059e-07	
1902	9.900896e-04	-2.26059e-07	
1903	9.900897e-04	-2.26059e-07	
1904	9.900898e-04	-2.26059e-07	
1905	9.900899e-04	-2.26059e-07	
1906	9.900900e-04	-2.26059e-07	
1907	9.900901e-04	-2.26059e-07	
1908	9.900902e-04	-2.26059e-07	
1909	9.900903e-04	-2.26059e-07	
1910	9.900904e-04	-2.26059e-07	

Index   time            i(vbat85)       
--------------------------------------------------------------------------------
1911	9.900905e-04	-2.26059e-07	
1912	9.900906e-04	-2.26059e-07	
1913	9.900907e-04	-2.26059e-07	
1914	9.900908e-04	-2.26059e-07	
1915	9.900909e-04	-2.26059e-07	
1916	9.900910e-04	-2.26059e-07	
1917	9.900911e-04	-2.26059e-07	
1918	9.900912e-04	-2.26059e-07	
1919	9.900913e-04	-2.26059e-07	
1920	9.900914e-04	-2.26059e-07	
1921	9.900915e-04	-2.26059e-07	
1922	9.900916e-04	-2.26059e-07	
1923	9.900917e-04	-2.26059e-07	
1924	9.900918e-04	-2.26059e-07	
1925	9.900919e-04	-2.26059e-07	
1926	9.900920e-04	-2.26059e-07	
1927	9.900921e-04	-2.26059e-07	
1928	9.900922e-04	-2.26059e-07	
1929	9.900923e-04	-2.26059e-07	
1930	9.900924e-04	-2.26059e-07	
1931	9.900925e-04	-2.26059e-07	
1932	9.900926e-04	-2.26059e-07	
1933	9.900927e-04	-2.26059e-07	
1934	9.900928e-04	-2.26059e-07	
1935	9.900929e-04	-2.26059e-07	
1936	9.900930e-04	-2.26059e-07	
1937	9.900931e-04	-2.26059e-07	
1938	9.900932e-04	-2.26059e-07	
1939	9.900933e-04	-2.26059e-07	
1940	9.900934e-04	-2.26059e-07	
1941	9.900935e-04	-2.26059e-07	
1942	9.900936e-04	-2.26059e-07	
1943	9.900937e-04	-2.26059e-07	
1944	9.900938e-04	-2.26059e-07	
1945	9.900939e-04	-2.26059e-07	
1946	9.900940e-04	-2.26059e-07	
1947	9.900941e-04	-2.26059e-07	
1948	9.900942e-04	-2.26059e-07	
1949	9.900943e-04	-2.26059e-07	
1950	9.900944e-04	-2.26059e-07	
1951	9.900945e-04	-2.26059e-07	
1952	9.900946e-04	-2.26059e-07	
1953	9.900947e-04	-2.26059e-07	
1954	9.900948e-04	-2.26059e-07	
1955	9.900949e-04	-2.26059e-07	
1956	9.900950e-04	-2.26059e-07	
1957	9.900951e-04	-2.26059e-07	
1958	9.900952e-04	-2.26059e-07	
1959	9.900953e-04	-2.26059e-07	
1960	9.900954e-04	-2.26059e-07	
1961	9.900955e-04	-2.26059e-07	
1962	9.900956e-04	-2.26059e-07	
1963	9.900957e-04	-2.26059e-07	
1964	9.900958e-04	-2.26059e-07	
1965	9.900959e-04	-2.26059e-07	
1966	9.900960e-04	-2.26059e-07	
1967	9.900961e-04	-2.26059e-07	
1968	9.900962e-04	-2.26059e-07	

Index   time            i(vbat85)       
--------------------------------------------------------------------------------
1969	9.900963e-04	-2.26059e-07	
1970	9.900964e-04	-2.26059e-07	
1971	9.900965e-04	-2.26059e-07	
1972	9.900966e-04	-2.26059e-07	
1973	9.900967e-04	-2.26059e-07	
1974	9.900968e-04	-2.26059e-07	
1975	9.900969e-04	-2.26059e-07	
1976	9.900970e-04	-2.26059e-07	
1977	9.900971e-04	-2.26059e-07	
1978	9.900972e-04	-2.26059e-07	
1979	9.900973e-04	-2.26059e-07	
1980	9.900974e-04	-2.26059e-07	
1981	9.900975e-04	-2.26059e-07	
1982	9.900976e-04	-2.26059e-07	
1983	9.900977e-04	-2.26059e-07	
1984	9.900978e-04	-2.26059e-07	
1985	9.900979e-04	-2.26059e-07	
1986	9.900980e-04	-2.26059e-07	
1987	9.900981e-04	-2.26059e-07	
1988	9.900982e-04	-2.26059e-07	
1989	9.900983e-04	-2.26059e-07	
1990	9.900984e-04	-2.26059e-07	
1991	9.900985e-04	-2.26059e-07	
1992	9.900986e-04	-2.26059e-07	
1993	9.900987e-04	-2.26059e-07	
1994	9.900988e-04	-2.26059e-07	
1995	9.900989e-04	-2.26059e-07	
1996	9.900990e-04	-2.26059e-07	
1997	9.900991e-04	-2.26059e-07	
1998	9.900992e-04	-2.26059e-07	
1999	9.900993e-04	-2.26059e-07	
2000	9.900994e-04	-2.26059e-07	
2001	9.900995e-04	-2.26059e-07	
2002	9.900996e-04	-2.26059e-07	
2003	9.900997e-04	-2.26059e-07	
2004	9.900998e-04	-2.26059e-07	
2005	9.900999e-04	-2.26059e-07	
2006	9.901000e-04	-2.26059e-07	
