                       bat85 diode recovery time at 10khz
                       Transient Analysis  Sun Aug 21 12:05:43  2022
--------------------------------------------------------------------------------
Index   time            v(5)            
--------------------------------------------------------------------------------
0	8.999002e-04	2.925981e-01	
1	8.999012e-04	2.925981e-01	
2	8.999022e-04	2.925981e-01	
3	8.999032e-04	2.925981e-01	
4	8.999042e-04	2.925981e-01	
5	8.999052e-04	2.925981e-01	
6	8.999062e-04	2.925981e-01	
7	8.999072e-04	2.925981e-01	
8	8.999082e-04	2.925981e-01	
9	8.999092e-04	2.925981e-01	
10	8.999102e-04	2.925981e-01	
11	8.999112e-04	2.925981e-01	
12	8.999122e-04	2.925981e-01	
13	8.999132e-04	2.925981e-01	
14	8.999142e-04	2.925981e-01	
15	8.999152e-04	2.925981e-01	
16	8.999162e-04	2.925981e-01	
17	8.999172e-04	2.925981e-01	
18	8.999182e-04	2.925981e-01	
19	8.999192e-04	2.925981e-01	
20	8.999202e-04	2.925981e-01	
21	8.999212e-04	2.925981e-01	
22	8.999222e-04	2.925981e-01	
23	8.999232e-04	2.925981e-01	
24	8.999242e-04	2.925981e-01	
25	8.999252e-04	2.925981e-01	
26	8.999262e-04	2.925981e-01	
27	8.999272e-04	2.925981e-01	
28	8.999282e-04	2.925981e-01	
29	8.999292e-04	2.925981e-01	
30	8.999302e-04	2.925981e-01	
31	8.999312e-04	2.925981e-01	
32	8.999322e-04	2.925981e-01	
33	8.999332e-04	2.925981e-01	
34	8.999342e-04	2.925981e-01	
35	8.999352e-04	2.925981e-01	
36	8.999362e-04	2.925981e-01	
37	8.999372e-04	2.925981e-01	
38	8.999382e-04	2.925981e-01	
39	8.999392e-04	2.925981e-01	
40	8.999402e-04	2.925981e-01	
41	8.999412e-04	2.925981e-01	
42	8.999422e-04	2.925981e-01	
43	8.999432e-04	2.925981e-01	
44	8.999442e-04	2.925981e-01	
45	8.999452e-04	2.925981e-01	
46	8.999462e-04	2.925981e-01	
47	8.999472e-04	2.925981e-01	
48	8.999482e-04	2.925981e-01	
49	8.999492e-04	2.925981e-01	
50	8.999502e-04	2.925981e-01	
51	8.999512e-04	2.925981e-01	
52	8.999522e-04	2.925981e-01	
53	8.999532e-04	2.925981e-01	
54	8.999542e-04	2.925981e-01	

Index   time            v(5)            
--------------------------------------------------------------------------------
55	8.999552e-04	2.925981e-01	
56	8.999562e-04	2.925981e-01	
57	8.999572e-04	2.925981e-01	
58	8.999582e-04	2.925981e-01	
59	8.999592e-04	2.925981e-01	
60	8.999602e-04	2.925981e-01	
61	8.999612e-04	2.925981e-01	
62	8.999622e-04	2.925981e-01	
63	8.999632e-04	2.925981e-01	
64	8.999642e-04	2.925981e-01	
65	8.999652e-04	2.925981e-01	
66	8.999662e-04	2.925981e-01	
67	8.999672e-04	2.925981e-01	
68	8.999682e-04	2.925981e-01	
69	8.999692e-04	2.925981e-01	
70	8.999702e-04	2.925981e-01	
71	8.999712e-04	2.925981e-01	
72	8.999722e-04	2.925981e-01	
73	8.999732e-04	2.925981e-01	
74	8.999742e-04	2.925981e-01	
75	8.999752e-04	2.925981e-01	
76	8.999762e-04	2.925981e-01	
77	8.999772e-04	2.925981e-01	
78	8.999782e-04	2.925981e-01	
79	8.999792e-04	2.925981e-01	
80	8.999802e-04	2.925981e-01	
81	8.999812e-04	2.925981e-01	
82	8.999822e-04	2.925981e-01	
83	8.999832e-04	2.925981e-01	
84	8.999842e-04	2.925981e-01	
85	8.999852e-04	2.925981e-01	
86	8.999862e-04	2.925981e-01	
87	8.999872e-04	2.925981e-01	
88	8.999882e-04	2.925981e-01	
89	8.999892e-04	2.925981e-01	
90	8.999902e-04	2.925981e-01	
91	8.999912e-04	2.925981e-01	
92	8.999922e-04	2.925981e-01	
93	8.999932e-04	2.925981e-01	
94	8.999942e-04	2.925981e-01	
95	8.999952e-04	2.925981e-01	
96	8.999962e-04	2.925981e-01	
97	8.999972e-04	2.925981e-01	
98	8.999982e-04	2.925981e-01	
99	8.999992e-04	2.925981e-01	
100	9.000002e-04	2.925981e-01	
101	9.000010e-04	2.925981e-01	
102	9.000011e-04	2.846535e-01	
103	9.000013e-04	2.633339e-01	
104	9.000017e-04	1.788662e-01	
105	9.000020e-04	3.677189e-02	
106	9.000020e-04	1.009302e-02	
107	9.000021e-04	-4.82230e-02	
108	9.000023e-04	-1.71964e-01	
109	9.000026e-04	-4.07360e-01	
110	9.000032e-04	-7.38968e-01	
111	9.000042e-04	-9.57782e-01	
112	9.000051e-04	-9.92362e-01	

Index   time            v(5)            
--------------------------------------------------------------------------------
113	9.000061e-04	-9.98904e-01	
114	9.000071e-04	-9.99827e-01	
115	9.000081e-04	-9.99956e-01	
116	9.000091e-04	-9.99974e-01	
117	9.000101e-04	-9.99977e-01	
118	9.000111e-04	-9.99977e-01	
119	9.000121e-04	-9.99977e-01	
120	9.000131e-04	-9.99977e-01	
121	9.000141e-04	-9.99977e-01	
122	9.000151e-04	-9.99977e-01	
123	9.000161e-04	-9.99977e-01	
124	9.000171e-04	-9.99977e-01	
125	9.000181e-04	-9.99977e-01	
126	9.000191e-04	-9.99977e-01	
127	9.000201e-04	-9.99977e-01	
128	9.000211e-04	-9.99977e-01	
129	9.000221e-04	-9.99977e-01	
130	9.000231e-04	-9.99977e-01	
131	9.000241e-04	-9.99977e-01	
132	9.000251e-04	-9.99977e-01	
133	9.000261e-04	-9.99977e-01	
134	9.000271e-04	-9.99977e-01	
135	9.000281e-04	-9.99977e-01	
136	9.000291e-04	-9.99977e-01	
137	9.000301e-04	-9.99977e-01	
138	9.000311e-04	-9.99977e-01	
139	9.000321e-04	-9.99977e-01	
140	9.000331e-04	-9.99977e-01	
141	9.000341e-04	-9.99977e-01	
142	9.000351e-04	-9.99977e-01	
143	9.000361e-04	-9.99977e-01	
144	9.000371e-04	-9.99977e-01	
145	9.000381e-04	-9.99977e-01	
146	9.000391e-04	-9.99977e-01	
147	9.000401e-04	-9.99977e-01	
148	9.000411e-04	-9.99977e-01	
149	9.000421e-04	-9.99977e-01	
150	9.000431e-04	-9.99977e-01	
151	9.000441e-04	-9.99977e-01	
152	9.000451e-04	-9.99977e-01	
153	9.000461e-04	-9.99977e-01	
154	9.000471e-04	-9.99977e-01	
155	9.000481e-04	-9.99977e-01	
156	9.000491e-04	-9.99977e-01	
157	9.000501e-04	-9.99977e-01	
158	9.000511e-04	-9.99977e-01	
159	9.000521e-04	-9.99977e-01	
160	9.000531e-04	-9.99977e-01	
161	9.000541e-04	-9.99977e-01	
162	9.000551e-04	-9.99977e-01	
163	9.000561e-04	-9.99977e-01	
164	9.000571e-04	-9.99977e-01	
165	9.000581e-04	-9.99977e-01	
166	9.000591e-04	-9.99977e-01	
167	9.000601e-04	-9.99977e-01	
168	9.000611e-04	-9.99977e-01	
169	9.000621e-04	-9.99977e-01	
170	9.000631e-04	-9.99977e-01	

Index   time            v(5)            
--------------------------------------------------------------------------------
171	9.000641e-04	-9.99977e-01	
172	9.000651e-04	-9.99977e-01	
173	9.000661e-04	-9.99977e-01	
174	9.000671e-04	-9.99977e-01	
175	9.000681e-04	-9.99977e-01	
176	9.000691e-04	-9.99977e-01	
177	9.000701e-04	-9.99977e-01	
178	9.000711e-04	-9.99977e-01	
179	9.000721e-04	-9.99977e-01	
180	9.000731e-04	-9.99977e-01	
181	9.000741e-04	-9.99977e-01	
182	9.000751e-04	-9.99977e-01	
183	9.000761e-04	-9.99977e-01	
184	9.000771e-04	-9.99977e-01	
185	9.000781e-04	-9.99977e-01	
186	9.000791e-04	-9.99977e-01	
187	9.000801e-04	-9.99977e-01	
188	9.000811e-04	-9.99977e-01	
189	9.000821e-04	-9.99977e-01	
190	9.000831e-04	-9.99977e-01	
191	9.000841e-04	-9.99977e-01	
192	9.000851e-04	-9.99977e-01	
193	9.000861e-04	-9.99977e-01	
194	9.000871e-04	-9.99977e-01	
195	9.000881e-04	-9.99977e-01	
196	9.000891e-04	-9.99977e-01	
197	9.000901e-04	-9.99977e-01	
198	9.000911e-04	-9.99977e-01	
199	9.000921e-04	-9.99977e-01	
200	9.000931e-04	-9.99977e-01	
201	9.000941e-04	-9.99977e-01	
202	9.000951e-04	-9.99977e-01	
203	9.000961e-04	-9.99977e-01	
204	9.000971e-04	-9.99977e-01	
205	9.000981e-04	-9.99977e-01	
206	9.000991e-04	-9.99977e-01	
207	9.001000e-04	-9.99977e-01	
