                       bat85 diode recovery time at 10khz
                       Transient Analysis  Sun Aug 21 12:05:43  2022
--------------------------------------------------------------------------------
Index   time            i(vbat85)       
--------------------------------------------------------------------------------
0	8.999002e-04	7.074019e-03	
1	8.999012e-04	7.074019e-03	
2	8.999022e-04	7.074019e-03	
3	8.999032e-04	7.074019e-03	
4	8.999042e-04	7.074019e-03	
5	8.999052e-04	7.074019e-03	
6	8.999062e-04	7.074019e-03	
7	8.999072e-04	7.074019e-03	
8	8.999082e-04	7.074019e-03	
9	8.999092e-04	7.074019e-03	
10	8.999102e-04	7.074019e-03	
11	8.999112e-04	7.074019e-03	
12	8.999122e-04	7.074019e-03	
13	8.999132e-04	7.074019e-03	
14	8.999142e-04	7.074019e-03	
15	8.999152e-04	7.074019e-03	
16	8.999162e-04	7.074019e-03	
17	8.999172e-04	7.074019e-03	
18	8.999182e-04	7.074019e-03	
19	8.999192e-04	7.074019e-03	
20	8.999202e-04	7.074019e-03	
21	8.999212e-04	7.074019e-03	
22	8.999222e-04	7.074019e-03	
23	8.999232e-04	7.074019e-03	
24	8.999242e-04	7.074019e-03	
25	8.999252e-04	7.074019e-03	
26	8.999262e-04	7.074019e-03	
27	8.999272e-04	7.074019e-03	
28	8.999282e-04	7.074019e-03	
29	8.999292e-04	7.074019e-03	
30	8.999302e-04	7.074019e-03	
31	8.999312e-04	7.074019e-03	
32	8.999322e-04	7.074019e-03	
33	8.999332e-04	7.074019e-03	
34	8.999342e-04	7.074019e-03	
35	8.999352e-04	7.074019e-03	
36	8.999362e-04	7.074019e-03	
37	8.999372e-04	7.074019e-03	
38	8.999382e-04	7.074019e-03	
39	8.999392e-04	7.074019e-03	
40	8.999402e-04	7.074019e-03	
41	8.999412e-04	7.074019e-03	
42	8.999422e-04	7.074019e-03	
43	8.999432e-04	7.074019e-03	
44	8.999442e-04	7.074019e-03	
45	8.999452e-04	7.074019e-03	
46	8.999462e-04	7.074019e-03	
47	8.999472e-04	7.074019e-03	
48	8.999482e-04	7.074019e-03	
49	8.999492e-04	7.074019e-03	
50	8.999502e-04	7.074019e-03	
51	8.999512e-04	7.074019e-03	
52	8.999522e-04	7.074019e-03	
53	8.999532e-04	7.074019e-03	
54	8.999542e-04	7.074019e-03	

Index   time            i(vbat85)       
--------------------------------------------------------------------------------
55	8.999552e-04	7.074019e-03	
56	8.999562e-04	7.074019e-03	
57	8.999572e-04	7.074019e-03	
58	8.999582e-04	7.074019e-03	
59	8.999592e-04	7.074019e-03	
60	8.999602e-04	7.074019e-03	
61	8.999612e-04	7.074019e-03	
62	8.999622e-04	7.074019e-03	
63	8.999632e-04	7.074019e-03	
64	8.999642e-04	7.074019e-03	
65	8.999652e-04	7.074019e-03	
66	8.999662e-04	7.074019e-03	
67	8.999672e-04	7.074019e-03	
68	8.999682e-04	7.074019e-03	
69	8.999692e-04	7.074019e-03	
70	8.999702e-04	7.074019e-03	
71	8.999712e-04	7.074019e-03	
72	8.999722e-04	7.074019e-03	
73	8.999732e-04	7.074019e-03	
74	8.999742e-04	7.074019e-03	
75	8.999752e-04	7.074019e-03	
76	8.999762e-04	7.074019e-03	
77	8.999772e-04	7.074019e-03	
78	8.999782e-04	7.074019e-03	
79	8.999792e-04	7.074019e-03	
80	8.999802e-04	7.074019e-03	
81	8.999812e-04	7.074019e-03	
82	8.999822e-04	7.074019e-03	
83	8.999832e-04	7.074019e-03	
84	8.999842e-04	7.074019e-03	
85	8.999852e-04	7.074019e-03	
86	8.999862e-04	7.074019e-03	
87	8.999872e-04	7.074019e-03	
88	8.999882e-04	7.074019e-03	
89	8.999892e-04	7.074019e-03	
90	8.999902e-04	7.074019e-03	
91	8.999912e-04	7.074019e-03	
92	8.999922e-04	7.074019e-03	
93	8.999932e-04	7.074019e-03	
94	8.999942e-04	7.074019e-03	
95	8.999952e-04	7.074019e-03	
96	8.999962e-04	7.074019e-03	
97	8.999972e-04	7.074019e-03	
98	8.999982e-04	7.074019e-03	
99	8.999992e-04	7.074019e-03	
100	9.000002e-04	7.074019e-03	
101	9.000010e-04	7.074019e-03	
102	9.000011e-04	5.153465e-03	
103	9.000013e-04	1.366661e-03	
104	9.000017e-04	-5.78866e-03	
105	9.000020e-04	-1.03677e-02	
106	9.000020e-04	-1.01009e-02	
107	9.000021e-04	-9.51777e-03	
108	9.000023e-04	-8.28036e-03	
109	9.000026e-04	-5.92640e-03	
110	9.000032e-04	-2.61032e-03	
111	9.000042e-04	-4.22182e-04	
112	9.000051e-04	-7.63830e-05	

Index   time            i(vbat85)       
--------------------------------------------------------------------------------
113	9.000061e-04	-1.09589e-05	
114	9.000071e-04	-1.73302e-06	
115	9.000081e-04	-4.37543e-07	
116	9.000091e-04	-2.55746e-07	
117	9.000101e-04	-2.30235e-07	
118	9.000111e-04	-2.26645e-07	
119	9.000121e-04	-2.26141e-07	
120	9.000131e-04	-2.26071e-07	
121	9.000141e-04	-2.26061e-07	
122	9.000151e-04	-2.26059e-07	
123	9.000161e-04	-2.26059e-07	
124	9.000171e-04	-2.26059e-07	
125	9.000181e-04	-2.26059e-07	
126	9.000191e-04	-2.26059e-07	
127	9.000201e-04	-2.26059e-07	
128	9.000211e-04	-2.26059e-07	
129	9.000221e-04	-2.26059e-07	
130	9.000231e-04	-2.26059e-07	
131	9.000241e-04	-2.26059e-07	
132	9.000251e-04	-2.26059e-07	
133	9.000261e-04	-2.26059e-07	
134	9.000271e-04	-2.26059e-07	
135	9.000281e-04	-2.26059e-07	
136	9.000291e-04	-2.26059e-07	
137	9.000301e-04	-2.26059e-07	
138	9.000311e-04	-2.26059e-07	
139	9.000321e-04	-2.26059e-07	
140	9.000331e-04	-2.26059e-07	
141	9.000341e-04	-2.26059e-07	
142	9.000351e-04	-2.26059e-07	
143	9.000361e-04	-2.26059e-07	
144	9.000371e-04	-2.26059e-07	
145	9.000381e-04	-2.26059e-07	
146	9.000391e-04	-2.26059e-07	
147	9.000401e-04	-2.26059e-07	
148	9.000411e-04	-2.26059e-07	
149	9.000421e-04	-2.26059e-07	
150	9.000431e-04	-2.26059e-07	
151	9.000441e-04	-2.26059e-07	
152	9.000451e-04	-2.26059e-07	
153	9.000461e-04	-2.26059e-07	
154	9.000471e-04	-2.26059e-07	
155	9.000481e-04	-2.26059e-07	
156	9.000491e-04	-2.26059e-07	
157	9.000501e-04	-2.26059e-07	
158	9.000511e-04	-2.26059e-07	
159	9.000521e-04	-2.26059e-07	
160	9.000531e-04	-2.26059e-07	
161	9.000541e-04	-2.26059e-07	
162	9.000551e-04	-2.26059e-07	
163	9.000561e-04	-2.26059e-07	
164	9.000571e-04	-2.26059e-07	
165	9.000581e-04	-2.26059e-07	
166	9.000591e-04	-2.26059e-07	
167	9.000601e-04	-2.26059e-07	
168	9.000611e-04	-2.26059e-07	
169	9.000621e-04	-2.26059e-07	
170	9.000631e-04	-2.26059e-07	

Index   time            i(vbat85)       
--------------------------------------------------------------------------------
171	9.000641e-04	-2.26059e-07	
172	9.000651e-04	-2.26059e-07	
173	9.000661e-04	-2.26059e-07	
174	9.000671e-04	-2.26059e-07	
175	9.000681e-04	-2.26059e-07	
176	9.000691e-04	-2.26059e-07	
177	9.000701e-04	-2.26059e-07	
178	9.000711e-04	-2.26059e-07	
179	9.000721e-04	-2.26059e-07	
180	9.000731e-04	-2.26059e-07	
181	9.000741e-04	-2.26059e-07	
182	9.000751e-04	-2.26059e-07	
183	9.000761e-04	-2.26059e-07	
184	9.000771e-04	-2.26059e-07	
185	9.000781e-04	-2.26059e-07	
186	9.000791e-04	-2.26059e-07	
187	9.000801e-04	-2.26059e-07	
188	9.000811e-04	-2.26059e-07	
189	9.000821e-04	-2.26059e-07	
190	9.000831e-04	-2.26059e-07	
191	9.000841e-04	-2.26059e-07	
192	9.000851e-04	-2.26059e-07	
193	9.000861e-04	-2.26059e-07	
194	9.000871e-04	-2.26059e-07	
195	9.000881e-04	-2.26059e-07	
196	9.000891e-04	-2.26059e-07	
197	9.000901e-04	-2.26059e-07	
198	9.000911e-04	-2.26059e-07	
199	9.000921e-04	-2.26059e-07	
200	9.000931e-04	-2.26059e-07	
201	9.000941e-04	-2.26059e-07	
202	9.000951e-04	-2.26059e-07	
203	9.000961e-04	-2.26059e-07	
204	9.000971e-04	-2.26059e-07	
205	9.000981e-04	-2.26059e-07	
206	9.000991e-04	-2.26059e-07	
207	9.001000e-04	-2.26059e-07	
