                       i-v characteristic of rn142 diode
                       DC transfer characteristic  Sun Aug 28 18:17:18  2022
--------------------------------------------------------------------------------
Index   v-sweep         i(vd)           v(3)            
--------------------------------------------------------------------------------
0	1.000000e-03	4.688722e-12	9.999995e-04	
1	6.000000e-03	2.948494e-11	5.999997e-03	
2	1.100000e-02	5.670697e-11	1.099999e-02	
3	1.600000e-02	8.660892e-11	1.599999e-02	
4	2.100000e-02	1.194727e-10	2.099999e-02	
5	2.600000e-02	1.556111e-10	2.599998e-02	
6	3.100000e-02	1.953715e-10	3.099998e-02	
7	3.600000e-02	2.391397e-10	3.599998e-02	
8	4.100000e-02	2.873442e-10	4.099997e-02	
9	4.600000e-02	3.404613e-10	4.599997e-02	
10	5.100000e-02	3.990201e-10	5.099996e-02	
11	5.600000e-02	4.636091e-10	5.599995e-02	
12	6.100000e-02	5.348823e-10	6.099995e-02	
13	6.600000e-02	6.135674e-10	6.599994e-02	
14	7.100000e-02	7.004740e-10	7.099993e-02	
15	7.600000e-02	7.965025e-10	7.599992e-02	
16	8.100000e-02	9.026553e-10	8.099991e-02	
17	8.600000e-02	1.020048e-09	8.599990e-02	
18	9.100000e-02	1.149923e-09	9.099989e-02	
19	9.600000e-02	1.293662e-09	9.599987e-02	
20	1.010000e-01	1.452807e-09	1.009999e-01	
21	1.060000e-01	1.629072e-09	1.059998e-01	
22	1.110000e-01	1.824370e-09	1.109998e-01	
23	1.160000e-01	2.040829e-09	1.159998e-01	
24	1.210000e-01	2.280822e-09	1.209998e-01	
25	1.260000e-01	2.546995e-09	1.259997e-01	
26	1.310000e-01	2.842295e-09	1.309997e-01	
27	1.360000e-01	3.170009e-09	1.359997e-01	
28	1.410000e-01	3.533800e-09	1.409996e-01	
29	1.460000e-01	3.937755e-09	1.459996e-01	
30	1.510000e-01	4.386430e-09	1.509996e-01	
31	1.560000e-01	4.884906e-09	1.559995e-01	
32	1.610000e-01	5.438852e-09	1.609995e-01	
33	1.660000e-01	6.054590e-09	1.659994e-01	
34	1.710000e-01	6.739175e-09	1.709993e-01	
35	1.760000e-01	7.500475e-09	1.759992e-01	
36	1.810000e-01	8.347274e-09	1.809992e-01	
37	1.860000e-01	9.289369e-09	1.859991e-01	
38	1.910000e-01	1.033770e-08	1.909990e-01	
39	1.960000e-01	1.150446e-08	1.959988e-01	
40	2.010000e-01	1.280329e-08	2.009987e-01	
41	2.060000e-01	1.424937e-08	2.059986e-01	
42	2.110000e-01	1.585970e-08	2.109984e-01	
43	2.160000e-01	1.765321e-08	2.159982e-01	
44	2.210000e-01	1.965106e-08	2.209980e-01	
45	2.260000e-01	2.187686e-08	2.259978e-01	
46	2.310000e-01	2.435699e-08	2.309976e-01	
47	2.360000e-01	2.712087e-08	2.359973e-01	
48	2.410000e-01	3.020139e-08	2.409970e-01	
49	2.460000e-01	3.363525e-08	2.459966e-01	
50	2.510000e-01	3.746345e-08	2.509963e-01	
51	2.560000e-01	4.173176e-08	2.559958e-01	
52	2.610000e-01	4.649129e-08	2.609954e-01	
53	2.660000e-01	5.179914e-08	2.659948e-01	
54	2.710000e-01	5.771906e-08	2.709942e-01	

Index   v-sweep         i(vd)           v(3)            
--------------------------------------------------------------------------------
55	2.760000e-01	6.432226e-08	2.759936e-01	
56	2.810000e-01	7.168827e-08	2.809928e-01	
57	2.860000e-01	7.990591e-08	2.859920e-01	
58	2.910000e-01	8.907436e-08	2.909911e-01	
59	2.960000e-01	9.930444e-08	2.959901e-01	
60	3.010000e-01	1.107199e-07	3.009889e-01	
61	3.060000e-01	1.234589e-07	3.059877e-01	
62	3.110000e-01	1.376758e-07	3.109862e-01	
63	3.160000e-01	1.535431e-07	3.159846e-01	
64	3.210000e-01	1.712532e-07	3.209829e-01	
65	3.260000e-01	1.910213e-07	3.259809e-01	
66	3.310000e-01	2.130874e-07	3.309787e-01	
67	3.360000e-01	2.377198e-07	3.359762e-01	
68	3.410000e-01	2.652180e-07	3.409735e-01	
69	3.460000e-01	2.959164e-07	3.459704e-01	
70	3.510000e-01	3.301885e-07	3.509670e-01	
71	3.560000e-01	3.684513e-07	3.559632e-01	
72	3.610000e-01	4.111704e-07	3.609589e-01	
73	3.660000e-01	4.588654e-07	3.659541e-01	
74	3.710000e-01	5.121167e-07	3.709488e-01	
75	3.760000e-01	5.715719e-07	3.759428e-01	
76	3.810000e-01	6.379537e-07	3.809362e-01	
77	3.860000e-01	7.120688e-07	3.859288e-01	
78	3.910000e-01	7.948171e-07	3.909205e-01	
79	3.960000e-01	8.872028e-07	3.959113e-01	
80	4.010000e-01	9.903457e-07	4.009010e-01	
81	4.060000e-01	1.105495e-06	4.058895e-01	
82	4.110000e-01	1.234042e-06	4.108766e-01	
83	4.160000e-01	1.377541e-06	4.158622e-01	
84	4.210000e-01	1.537720e-06	4.208462e-01	
85	4.260000e-01	1.716506e-06	4.258283e-01	
86	4.310000e-01	1.916046e-06	4.308084e-01	
87	4.360000e-01	2.138728e-06	4.357861e-01	
88	4.410000e-01	2.387210e-06	4.407613e-01	
89	4.460000e-01	2.664450e-06	4.457336e-01	
90	4.510000e-01	2.973734e-06	4.507026e-01	
91	4.560000e-01	3.318715e-06	4.556681e-01	
92	4.610000e-01	3.703446e-06	4.606297e-01	
93	4.660000e-01	4.132426e-06	4.655868e-01	
94	4.710000e-01	4.610644e-06	4.705389e-01	
95	4.760000e-01	5.143624e-06	4.754856e-01	
96	4.810000e-01	5.737479e-06	4.804263e-01	
97	4.860000e-01	6.398967e-06	4.853601e-01	
98	4.910000e-01	7.135550e-06	4.902864e-01	
99	4.960000e-01	7.955454e-06	4.952045e-01	
100	5.010000e-01	8.867738e-06	5.001132e-01	
101	5.060000e-01	9.882358e-06	5.050118e-01	
102	5.110000e-01	1.101024e-05	5.098990e-01	
103	5.160000e-01	1.226334e-05	5.147737e-01	
104	5.210000e-01	1.365474e-05	5.196345e-01	
105	5.260000e-01	1.519868e-05	5.244801e-01	
106	5.310000e-01	1.691066e-05	5.293089e-01	
107	5.360000e-01	1.880747e-05	5.341193e-01	
108	5.410000e-01	2.090724e-05	5.389093e-01	
109	5.460000e-01	2.322951e-05	5.436770e-01	
110	5.510000e-01	2.579523e-05	5.484205e-01	
111	5.560000e-01	2.862678e-05	5.531373e-01	
112	5.610000e-01	3.174794e-05	5.578252e-01	

Index   v-sweep         i(vd)           v(3)            
--------------------------------------------------------------------------------
113	5.660000e-01	3.518386e-05	5.624816e-01	
114	5.710000e-01	3.896102e-05	5.671039e-01	
115	5.760000e-01	4.310707e-05	5.716893e-01	
116	5.810000e-01	4.765078e-05	5.762349e-01	
117	5.860000e-01	5.262177e-05	5.807378e-01	
118	5.910000e-01	5.805041e-05	5.851950e-01	
119	5.960000e-01	6.396751e-05	5.896032e-01	
120	6.010000e-01	7.040404e-05	5.939596e-01	
121	6.060000e-01	7.739090e-05	5.982609e-01	
122	6.110000e-01	8.495849e-05	6.025042e-01	
123	6.160000e-01	9.313645e-05	6.066864e-01	
124	6.210000e-01	1.019533e-04	6.108047e-01	
125	6.260000e-01	1.114360e-04	6.148564e-01	
126	6.310000e-01	1.216097e-04	6.188390e-01	
127	6.360000e-01	1.324976e-04	6.227502e-01	
128	6.410000e-01	1.441201e-04	6.265880e-01	
129	6.460000e-01	1.564955e-04	6.303505e-01	
130	6.510000e-01	1.696388e-04	6.340361e-01	
131	6.560000e-01	1.835623e-04	6.376438e-01	
132	6.610000e-01	1.982753e-04	6.411725e-01	
133	6.660000e-01	2.137840e-04	6.446216e-01	
134	6.710000e-01	2.300916e-04	6.479908e-01	
135	6.760000e-01	2.471984e-04	6.512802e-01	
136	6.810000e-01	2.651021e-04	6.544898e-01	
137	6.860000e-01	2.837976e-04	6.576202e-01	
138	6.910000e-01	3.032775e-04	6.606722e-01	
139	6.960000e-01	3.235324e-04	6.636468e-01	
140	7.010000e-01	3.445506e-04	6.665449e-01	
141	7.060000e-01	3.663189e-04	6.693681e-01	
142	7.110000e-01	3.888228e-04	6.721177e-01	
143	7.160000e-01	4.120463e-04	6.747954e-01	
144	7.210000e-01	4.359726e-04	6.774027e-01	
145	7.260000e-01	4.605839e-04	6.799416e-01	
146	7.310000e-01	4.858620e-04	6.824138e-01	
147	7.360000e-01	5.117882e-04	6.848212e-01	
148	7.410000e-01	5.383435e-04	6.871656e-01	
149	7.460000e-01	5.655089e-04	6.894491e-01	
150	7.510000e-01	5.932653e-04	6.916735e-01	
151	7.560000e-01	6.215937e-04	6.938406e-01	
152	7.610000e-01	6.504754e-04	6.959525e-01	
153	7.660000e-01	6.798919e-04	6.980108e-01	
154	7.710000e-01	7.098251e-04	7.000175e-01	
155	7.760000e-01	7.402573e-04	7.019743e-01	
156	7.810000e-01	7.711711e-04	7.038829e-01	
157	7.860000e-01	8.025497e-04	7.057450e-01	
158	7.910000e-01	8.343769e-04	7.075623e-01	
159	7.960000e-01	8.666368e-04	7.093363e-01	
160	8.010000e-01	8.993141e-04	7.110686e-01	
161	8.060000e-01	9.323940e-04	7.127606e-01	
162	8.110000e-01	9.658624e-04	7.144138e-01	
163	8.160000e-01	9.997053e-04	7.160295e-01	
164	8.210000e-01	1.033910e-03	7.176090e-01	
165	8.260000e-01	1.068463e-03	7.191537e-01	
166	8.310000e-01	1.103353e-03	7.206647e-01	
167	8.360000e-01	1.138567e-03	7.221433e-01	
168	8.410000e-01	1.174095e-03	7.235905e-01	
169	8.460000e-01	1.209925e-03	7.250075e-01	
170	8.510000e-01	1.246048e-03	7.263952e-01	

Index   v-sweep         i(vd)           v(3)            
--------------------------------------------------------------------------------
171	8.560000e-01	1.282454e-03	7.277546e-01	
172	8.610000e-01	1.319132e-03	7.290868e-01	
173	8.660000e-01	1.356073e-03	7.303927e-01	
174	8.710000e-01	1.393270e-03	7.316730e-01	
175	8.760000e-01	1.430713e-03	7.329287e-01	
176	8.810000e-01	1.468394e-03	7.341606e-01	
177	8.860000e-01	1.506306e-03	7.353694e-01	
178	8.910000e-01	1.544442e-03	7.365558e-01	
179	8.960000e-01	1.582793e-03	7.377207e-01	
180	9.010000e-01	1.621354e-03	7.388646e-01	
181	9.060000e-01	1.660117e-03	7.399883e-01	
182	9.110000e-01	1.699077e-03	7.410923e-01	
183	9.160000e-01	1.738227e-03	7.421773e-01	
184	9.210000e-01	1.777561e-03	7.432439e-01	
185	9.260000e-01	1.817075e-03	7.442925e-01	
186	9.310000e-01	1.856763e-03	7.453237e-01	
187	9.360000e-01	1.896619e-03	7.463381e-01	
188	9.410000e-01	1.936638e-03	7.473362e-01	
189	9.460000e-01	1.976817e-03	7.483183e-01	
190	9.510000e-01	2.017150e-03	7.492850e-01	
191	9.560000e-01	2.057632e-03	7.502368e-01	
192	9.610000e-01	2.098261e-03	7.511739e-01	
193	9.660000e-01	2.139031e-03	7.520969e-01	
194	9.710000e-01	2.179939e-03	7.530061e-01	
195	9.760000e-01	2.220981e-03	7.539019e-01	
196	9.810000e-01	2.262154e-03	7.547846e-01	
197	9.860000e-01	2.303453e-03	7.556547e-01	
198	9.910000e-01	2.344876e-03	7.565124e-01	
199	9.960000e-01	2.386420e-03	7.573580e-01	
200	1.001000e+00	2.428080e-03	7.581920e-01	
201	1.006000e+00	2.469855e-03	7.590145e-01	
202	1.011000e+00	2.511741e-03	7.598259e-01	
203	1.016000e+00	2.553736e-03	7.606264e-01	
204	1.021000e+00	2.595836e-03	7.614164e-01	
205	1.026000e+00	2.638039e-03	7.621961e-01	
206	1.031000e+00	2.680344e-03	7.629656e-01	
207	1.036000e+00	2.722746e-03	7.637254e-01	
208	1.041000e+00	2.765244e-03	7.644756e-01	
209	1.046000e+00	2.807836e-03	7.652164e-01	
210	1.051000e+00	2.850519e-03	7.659481e-01	
211	1.056000e+00	2.893292e-03	7.666708e-01	
212	1.061000e+00	2.936152e-03	7.673848e-01	
213	1.066000e+00	2.979097e-03	7.680903e-01	
214	1.071000e+00	3.022125e-03	7.687875e-01	
215	1.076000e+00	3.065234e-03	7.694766e-01	
216	1.081000e+00	3.108424e-03	7.701576e-01	
217	1.086000e+00	3.151691e-03	7.708309e-01	
218	1.091000e+00	3.195034e-03	7.714966e-01	
219	1.096000e+00	3.238452e-03	7.721548e-01	
220	1.101000e+00	3.281942e-03	7.728058e-01	
221	1.106000e+00	3.325504e-03	7.734496e-01	
222	1.111000e+00	3.369136e-03	7.740864e-01	
223	1.116000e+00	3.412837e-03	7.747163e-01	
224	1.121000e+00	3.456604e-03	7.753396e-01	
225	1.126000e+00	3.500437e-03	7.759563e-01	
226	1.131000e+00	3.544334e-03	7.765666e-01	
227	1.136000e+00	3.588294e-03	7.771706e-01	
228	1.141000e+00	3.632316e-03	7.777684e-01	

Index   v-sweep         i(vd)           v(3)            
--------------------------------------------------------------------------------
229	1.146000e+00	3.676398e-03	7.783602e-01	
230	1.151000e+00	3.720540e-03	7.789460e-01	
231	1.156000e+00	3.764740e-03	7.795260e-01	
232	1.161000e+00	3.808997e-03	7.801003e-01	
233	1.166000e+00	3.853309e-03	7.806691e-01	
234	1.171000e+00	3.897677e-03	7.812323e-01	
235	1.176000e+00	3.942099e-03	7.817901e-01	
236	1.181000e+00	3.986573e-03	7.823427e-01	
237	1.186000e+00	4.031100e-03	7.828900e-01	
238	1.191000e+00	4.075677e-03	7.834323e-01	
239	1.196000e+00	4.120304e-03	7.839696e-01	
240	1.201000e+00	4.164981e-03	7.845019e-01	
241	1.206000e+00	4.209705e-03	7.850295e-01	
242	1.211000e+00	4.254477e-03	7.855523e-01	
243	1.216000e+00	4.299296e-03	7.860704e-01	
244	1.221000e+00	4.344160e-03	7.865840e-01	
245	1.226000e+00	4.389069e-03	7.870931e-01	
246	1.231000e+00	4.434022e-03	7.875978e-01	
247	1.236000e+00	4.479019e-03	7.880981e-01	
248	1.241000e+00	4.524058e-03	7.885942e-01	
249	1.246000e+00	4.569139e-03	7.890861e-01	
250	1.251000e+00	4.614261e-03	7.895739e-01	
251	1.256000e+00	4.659424e-03	7.900576e-01	
252	1.261000e+00	4.704627e-03	7.905373e-01	
253	1.266000e+00	4.749869e-03	7.910131e-01	
254	1.271000e+00	4.795150e-03	7.914850e-01	
255	1.276000e+00	4.840469e-03	7.919531e-01	
256	1.281000e+00	4.885825e-03	7.924175e-01	
257	1.286000e+00	4.931217e-03	7.928783e-01	
258	1.291000e+00	4.976646e-03	7.933354e-01	
259	1.296000e+00	5.022111e-03	7.937889e-01	
260	1.301000e+00	5.067610e-03	7.942390e-01	
261	1.306000e+00	5.113145e-03	7.946855e-01	
262	1.311000e+00	5.158713e-03	7.951287e-01	
263	1.316000e+00	5.204314e-03	7.955686e-01	
264	1.321000e+00	5.249949e-03	7.960051e-01	
265	1.326000e+00	5.295616e-03	7.964384e-01	
266	1.331000e+00	5.341315e-03	7.968685e-01	
267	1.336000e+00	5.387046e-03	7.972954e-01	
268	1.341000e+00	5.432808e-03	7.977192e-01	
269	1.346000e+00	5.478600e-03	7.981400e-01	
270	1.351000e+00	5.524423e-03	7.985577e-01	
271	1.356000e+00	5.570275e-03	7.989725e-01	
272	1.361000e+00	5.616156e-03	7.993844e-01	
273	1.366000e+00	5.662067e-03	7.997933e-01	
274	1.371000e+00	5.708006e-03	8.001994e-01	
275	1.376000e+00	5.753973e-03	8.006027e-01	
276	1.381000e+00	5.799967e-03	8.010033e-01	
277	1.386000e+00	5.845989e-03	8.014011e-01	
278	1.391000e+00	5.892038e-03	8.017962e-01	
279	1.396000e+00	5.938114e-03	8.021886e-01	
280	1.401000e+00	5.984216e-03	8.025784e-01	
281	1.406000e+00	6.030343e-03	8.029657e-01	
282	1.411000e+00	6.076496e-03	8.033504e-01	
283	1.416000e+00	6.122675e-03	8.037325e-01	
284	1.421000e+00	6.168878e-03	8.041122e-01	
285	1.426000e+00	6.215105e-03	8.044895e-01	
286	1.431000e+00	6.261357e-03	8.048643e-01	

Index   v-sweep         i(vd)           v(3)            
--------------------------------------------------------------------------------
287	1.436000e+00	6.307633e-03	8.052367e-01	
288	1.441000e+00	6.353932e-03	8.056068e-01	
289	1.446000e+00	6.400254e-03	8.059746e-01	
290	1.451000e+00	6.446600e-03	8.063400e-01	
291	1.456000e+00	6.492968e-03	8.067032e-01	
292	1.461000e+00	6.539358e-03	8.070642e-01	
293	1.466000e+00	6.585771e-03	8.074229e-01	
294	1.471000e+00	6.632205e-03	8.077795e-01	
295	1.476000e+00	6.678661e-03	8.081339e-01	
296	1.481000e+00	6.725139e-03	8.084861e-01	
297	1.486000e+00	6.771637e-03	8.088363e-01	
298	1.491000e+00	6.818156e-03	8.091844e-01	
299	1.496000e+00	6.864696e-03	8.095304e-01	
300	1.501000e+00	6.911256e-03	8.098744e-01	
301	1.506000e+00	6.957835e-03	8.102165e-01	
302	1.511000e+00	7.004435e-03	8.105565e-01	
303	1.516000e+00	7.051054e-03	8.108946e-01	
304	1.521000e+00	7.097693e-03	8.112307e-01	
305	1.526000e+00	7.144351e-03	8.115649e-01	
306	1.531000e+00	7.191027e-03	8.118973e-01	
307	1.536000e+00	7.237723e-03	8.122277e-01	
308	1.541000e+00	7.284436e-03	8.125564e-01	
309	1.546000e+00	7.331168e-03	8.128832e-01	
310	1.551000e+00	7.377918e-03	8.132082e-01	
311	1.556000e+00	7.424686e-03	8.135314e-01	
312	1.561000e+00	7.471472e-03	8.138528e-01	
313	1.566000e+00	7.518275e-03	8.141725e-01	
314	1.571000e+00	7.565095e-03	8.144905e-01	
315	1.576000e+00	7.611932e-03	8.148068e-01	
316	1.581000e+00	7.658786e-03	8.151214e-01	
317	1.586000e+00	7.705657e-03	8.154343e-01	
318	1.591000e+00	7.752544e-03	8.157456e-01	
319	1.596000e+00	7.799447e-03	8.160553e-01	
320	1.601000e+00	7.846367e-03	8.163633e-01	
321	1.606000e+00	7.893302e-03	8.166698e-01	
322	1.611000e+00	7.940254e-03	8.169746e-01	
323	1.616000e+00	7.987221e-03	8.172779e-01	
324	1.621000e+00	8.034203e-03	8.175797e-01	
325	1.626000e+00	8.081201e-03	8.178799e-01	
326	1.631000e+00	8.128214e-03	8.181786e-01	
327	1.636000e+00	8.175242e-03	8.184758e-01	
328	1.641000e+00	8.222284e-03	8.187716e-01	
329	1.646000e+00	8.269342e-03	8.190658e-01	
330	1.651000e+00	8.316414e-03	8.193586e-01	
331	1.656000e+00	8.363500e-03	8.196500e-01	
332	1.661000e+00	8.410600e-03	8.199400e-01	
333	1.666000e+00	8.457715e-03	8.202285e-01	
334	1.671000e+00	8.504843e-03	8.205157e-01	
335	1.676000e+00	8.551985e-03	8.208015e-01	
336	1.681000e+00	8.599141e-03	8.210859e-01	
337	1.686000e+00	8.646311e-03	8.213689e-01	
338	1.691000e+00	8.693494e-03	8.216506e-01	
339	1.696000e+00	8.740690e-03	8.219310e-01	
340	1.701000e+00	8.787899e-03	8.222101e-01	
341	1.706000e+00	8.835121e-03	8.224879e-01	
342	1.711000e+00	8.882356e-03	8.227644e-01	
343	1.716000e+00	8.929604e-03	8.230396e-01	
344	1.721000e+00	8.976865e-03	8.233135e-01	

Index   v-sweep         i(vd)           v(3)            
--------------------------------------------------------------------------------
345	1.726000e+00	9.024138e-03	8.235862e-01	
346	1.731000e+00	9.071423e-03	8.238577e-01	
347	1.736000e+00	9.118721e-03	8.241279e-01	
348	1.741000e+00	9.166031e-03	8.243969e-01	
349	1.746000e+00	9.213353e-03	8.246647e-01	
350	1.751000e+00	9.260686e-03	8.249314e-01	
351	1.756000e+00	9.308032e-03	8.251968e-01	
352	1.761000e+00	9.355389e-03	8.254611e-01	
353	1.766000e+00	9.402758e-03	8.257242e-01	
354	1.771000e+00	9.450139e-03	8.259861e-01	
355	1.776000e+00	9.497530e-03	8.262470e-01	
356	1.781000e+00	9.544934e-03	8.265066e-01	
357	1.786000e+00	9.592348e-03	8.267652e-01	
358	1.791000e+00	9.639773e-03	8.270227e-01	
359	1.796000e+00	9.687210e-03	8.272790e-01	
360	1.801000e+00	9.734657e-03	8.275343e-01	
361	1.806000e+00	9.782115e-03	8.277885e-01	
362	1.811000e+00	9.829584e-03	8.280416e-01	
363	1.816000e+00	9.877063e-03	8.282937e-01	
364	1.821000e+00	9.924553e-03	8.285447e-01	
365	1.826000e+00	9.972053e-03	8.287947e-01	
366	1.831000e+00	1.001956e-02	8.290436e-01	
367	1.836000e+00	1.006708e-02	8.292916e-01	
368	1.841000e+00	1.011462e-02	8.295385e-01	
369	1.846000e+00	1.016216e-02	8.297844e-01	
370	1.851000e+00	1.020971e-02	8.300293e-01	
371	1.856000e+00	1.025727e-02	8.302732e-01	
372	1.861000e+00	1.030484e-02	8.305161e-01	
373	1.866000e+00	1.035242e-02	8.307581e-01	
374	1.871000e+00	1.040001e-02	8.309990e-01	
375	1.876000e+00	1.044761e-02	8.312391e-01	
376	1.881000e+00	1.049522e-02	8.314782e-01	
377	1.886000e+00	1.054284e-02	8.317163e-01	
378	1.891000e+00	1.059046e-02	8.319535e-01	
379	1.896000e+00	1.063810e-02	8.321898e-01	
380	1.901000e+00	1.068575e-02	8.324252e-01	
381	1.906000e+00	1.073340e-02	8.326597e-01	
382	1.911000e+00	1.078107e-02	8.328932e-01	
383	1.916000e+00	1.082874e-02	8.331259e-01	
384	1.921000e+00	1.087642e-02	8.333577e-01	
385	1.926000e+00	1.092411e-02	8.335886e-01	
386	1.931000e+00	1.097181e-02	8.338186e-01	
387	1.936000e+00	1.101952e-02	8.340478e-01	
388	1.941000e+00	1.106724e-02	8.342761e-01	
389	1.946000e+00	1.111496e-02	8.345036e-01	
390	1.951000e+00	1.116270e-02	8.347302e-01	
391	1.956000e+00	1.121044e-02	8.349559e-01	
392	1.961000e+00	1.125819e-02	8.351809e-01	
393	1.966000e+00	1.130595e-02	8.354050e-01	
394	1.971000e+00	1.135372e-02	8.356282e-01	
395	1.976000e+00	1.140149e-02	8.358507e-01	
396	1.981000e+00	1.144928e-02	8.360724e-01	
397	1.986000e+00	1.149707e-02	8.362933e-01	
398	1.991000e+00	1.154487e-02	8.365133e-01	
399	1.996000e+00	1.159267e-02	8.367326e-01	
400	2.001000e+00	1.164049e-02	8.369511e-01	
401	2.006000e+00	1.168831e-02	8.371688e-01	
402	2.011000e+00	1.173614e-02	8.373858e-01	

Index   v-sweep         i(vd)           v(3)            
--------------------------------------------------------------------------------
403	2.016000e+00	1.178398e-02	8.376020e-01	
404	2.021000e+00	1.183183e-02	8.378174e-01	
405	2.026000e+00	1.187968e-02	8.380321e-01	
406	2.031000e+00	1.192754e-02	8.382460e-01	
407	2.036000e+00	1.197541e-02	8.384592e-01	
408	2.041000e+00	1.202328e-02	8.386716e-01	
409	2.046000e+00	1.207117e-02	8.388833e-01	
410	2.051000e+00	1.211906e-02	8.390943e-01	
411	2.056000e+00	1.216695e-02	8.393046e-01	
412	2.061000e+00	1.221486e-02	8.395141e-01	
413	2.066000e+00	1.226277e-02	8.397230e-01	
414	2.071000e+00	1.231069e-02	8.399311e-01	
415	2.076000e+00	1.235861e-02	8.401386e-01	
416	2.081000e+00	1.240655e-02	8.403453e-01	
417	2.086000e+00	1.245449e-02	8.405513e-01	
418	2.091000e+00	1.250243e-02	8.407567e-01	
419	2.096000e+00	1.255039e-02	8.409614e-01	
420	2.101000e+00	1.259835e-02	8.411654e-01	
421	2.106000e+00	1.264631e-02	8.413687e-01	
422	2.111000e+00	1.269429e-02	8.415714e-01	
423	2.116000e+00	1.274227e-02	8.417734e-01	
424	2.121000e+00	1.279025e-02	8.419748e-01	
425	2.126000e+00	1.283825e-02	8.421755e-01	
426	2.131000e+00	1.288624e-02	8.423755e-01	
427	2.136000e+00	1.293425e-02	8.425749e-01	
428	2.141000e+00	1.298226e-02	8.427737e-01	
429	2.146000e+00	1.303028e-02	8.429718e-01	
430	2.151000e+00	1.307831e-02	8.431693e-01	
431	2.156000e+00	1.312634e-02	8.433662e-01	
432	2.161000e+00	1.317438e-02	8.435624e-01	
433	2.166000e+00	1.322242e-02	8.437581e-01	
434	2.171000e+00	1.327047e-02	8.439531e-01	
435	2.176000e+00	1.331852e-02	8.441475e-01	
436	2.181000e+00	1.336659e-02	8.443413e-01	
437	2.186000e+00	1.341465e-02	8.445345e-01	
438	2.191000e+00	1.346273e-02	8.447271e-01	
439	2.196000e+00	1.351081e-02	8.449192e-01	
440	2.201000e+00	1.355889e-02	8.451106e-01	
441	2.206000e+00	1.360699e-02	8.453014e-01	
442	2.211000e+00	1.365508e-02	8.454917e-01	
443	2.216000e+00	1.370319e-02	8.456814e-01	
444	2.221000e+00	1.375130e-02	8.458705e-01	
445	2.226000e+00	1.379941e-02	8.460590e-01	
446	2.231000e+00	1.384753e-02	8.462470e-01	
447	2.236000e+00	1.389566e-02	8.464344e-01	
448	2.241000e+00	1.394379e-02	8.466213e-01	
449	2.246000e+00	1.399192e-02	8.468076e-01	
450	2.251000e+00	1.404007e-02	8.469933e-01	
451	2.256000e+00	1.408822e-02	8.471785e-01	
452	2.261000e+00	1.413637e-02	8.473631e-01	
453	2.266000e+00	1.418453e-02	8.475472e-01	
454	2.271000e+00	1.423269e-02	8.477308e-01	
455	2.276000e+00	1.428086e-02	8.479138e-01	
456	2.281000e+00	1.432904e-02	8.480963e-01	
457	2.286000e+00	1.437722e-02	8.482783e-01	
458	2.291000e+00	1.442540e-02	8.484598e-01	
459	2.296000e+00	1.447359e-02	8.486407e-01	
460	2.301000e+00	1.452179e-02	8.488211e-01	

Index   v-sweep         i(vd)           v(3)            
--------------------------------------------------------------------------------
461	2.306000e+00	1.456999e-02	8.490010e-01	
462	2.311000e+00	1.461820e-02	8.491804e-01	
463	2.316000e+00	1.466641e-02	8.493593e-01	
464	2.321000e+00	1.471462e-02	8.495376e-01	
465	2.326000e+00	1.476285e-02	8.497155e-01	
466	2.331000e+00	1.481107e-02	8.498928e-01	
467	2.336000e+00	1.485930e-02	8.500697e-01	
468	2.341000e+00	1.490754e-02	8.502461e-01	
469	2.346000e+00	1.495578e-02	8.504220e-01	
470	2.351000e+00	1.500403e-02	8.505974e-01	
471	2.356000e+00	1.505228e-02	8.507723e-01	
472	2.361000e+00	1.510053e-02	8.509467e-01	
473	2.366000e+00	1.514879e-02	8.511207e-01	
474	2.371000e+00	1.519706e-02	8.512941e-01	
475	2.376000e+00	1.524533e-02	8.514671e-01	
476	2.381000e+00	1.529360e-02	8.516397e-01	
477	2.386000e+00	1.534188e-02	8.518117e-01	
478	2.391000e+00	1.539017e-02	8.519833e-01	
479	2.396000e+00	1.543846e-02	8.521545e-01	
480	2.401000e+00	1.548675e-02	8.523251e-01	
481	2.406000e+00	1.553505e-02	8.524954e-01	
482	2.411000e+00	1.558335e-02	8.526651e-01	
483	2.416000e+00	1.563166e-02	8.528344e-01	
484	2.421000e+00	1.567997e-02	8.530033e-01	
485	2.426000e+00	1.572828e-02	8.531717e-01	
486	2.431000e+00	1.577660e-02	8.533397e-01	
487	2.436000e+00	1.582493e-02	8.535072e-01	
488	2.441000e+00	1.587326e-02	8.536743e-01	
489	2.446000e+00	1.592159e-02	8.538410e-01	
490	2.451000e+00	1.596993e-02	8.540072e-01	
491	2.456000e+00	1.601827e-02	8.541730e-01	
492	2.461000e+00	1.606662e-02	8.543383e-01	
493	2.466000e+00	1.611497e-02	8.545033e-01	
494	2.471000e+00	1.616332e-02	8.546678e-01	
495	2.476000e+00	1.621168e-02	8.548319e-01	
496	2.481000e+00	1.626004e-02	8.549956e-01	
497	2.486000e+00	1.630841e-02	8.551588e-01	
498	2.491000e+00	1.635678e-02	8.553216e-01	
499	2.496000e+00	1.640516e-02	8.554841e-01	
500	2.501000e+00	1.645354e-02	8.556461e-01	
501	2.506000e+00	1.650192e-02	8.558077e-01	
502	2.511000e+00	1.655031e-02	8.559689e-01	
503	2.516000e+00	1.659870e-02	8.561297e-01	
504	2.521000e+00	1.664710e-02	8.562901e-01	
505	2.526000e+00	1.669550e-02	8.564501e-01	
506	2.531000e+00	1.674390e-02	8.566097e-01	
507	2.536000e+00	1.679231e-02	8.567689e-01	
508	2.541000e+00	1.684072e-02	8.569277e-01	
509	2.546000e+00	1.688914e-02	8.570861e-01	
510	2.551000e+00	1.693756e-02	8.572442e-01	
511	2.556000e+00	1.698598e-02	8.574018e-01	
512	2.561000e+00	1.703441e-02	8.575591e-01	
513	2.566000e+00	1.708284e-02	8.577160e-01	
514	2.571000e+00	1.713128e-02	8.578725e-01	
515	2.576000e+00	1.717971e-02	8.580286e-01	
516	2.581000e+00	1.722816e-02	8.581844e-01	
517	2.586000e+00	1.727660e-02	8.583397e-01	
518	2.591000e+00	1.732505e-02	8.584947e-01	

Index   v-sweep         i(vd)           v(3)            
--------------------------------------------------------------------------------
519	2.596000e+00	1.737351e-02	8.586494e-01	
520	2.601000e+00	1.742196e-02	8.588036e-01	
521	2.606000e+00	1.747042e-02	8.589575e-01	
522	2.611000e+00	1.751889e-02	8.591111e-01	
523	2.616000e+00	1.756736e-02	8.592642e-01	
524	2.621000e+00	1.761583e-02	8.594170e-01	
525	2.626000e+00	1.766431e-02	8.595695e-01	
526	2.631000e+00	1.771278e-02	8.597216e-01	
527	2.636000e+00	1.776127e-02	8.598733e-01	
528	2.641000e+00	1.780975e-02	8.600247e-01	
529	2.646000e+00	1.785824e-02	8.601757e-01	
530	2.651000e+00	1.790674e-02	8.603264e-01	
531	2.656000e+00	1.795523e-02	8.604767e-01	
532	2.661000e+00	1.800373e-02	8.606267e-01	
533	2.666000e+00	1.805224e-02	8.607764e-01	
534	2.671000e+00	1.810074e-02	8.609257e-01	
535	2.676000e+00	1.814925e-02	8.610746e-01	
536	2.681000e+00	1.819777e-02	8.612232e-01	
537	2.686000e+00	1.824628e-02	8.613715e-01	
538	2.691000e+00	1.829481e-02	8.615195e-01	
539	2.696000e+00	1.834333e-02	8.616671e-01	
540	2.701000e+00	1.839186e-02	8.618144e-01	
541	2.706000e+00	1.844039e-02	8.619613e-01	
542	2.711000e+00	1.848892e-02	8.621079e-01	
543	2.716000e+00	1.853746e-02	8.622542e-01	
544	2.721000e+00	1.858600e-02	8.624002e-01	
545	2.726000e+00	1.863454e-02	8.625458e-01	
546	2.731000e+00	1.868309e-02	8.626911e-01	
547	2.736000e+00	1.873164e-02	8.628361e-01	
548	2.741000e+00	1.878019e-02	8.629808e-01	
549	2.746000e+00	1.882875e-02	8.631252e-01	
550	2.751000e+00	1.887731e-02	8.632692e-01	
551	2.756000e+00	1.892587e-02	8.634129e-01	
552	2.761000e+00	1.897444e-02	8.635564e-01	
553	2.766000e+00	1.902301e-02	8.636995e-01	
554	2.771000e+00	1.907158e-02	8.638422e-01	
555	2.776000e+00	1.912015e-02	8.639847e-01	
556	2.781000e+00	1.916873e-02	8.641269e-01	
557	2.786000e+00	1.921731e-02	8.642688e-01	
558	2.791000e+00	1.926590e-02	8.644103e-01	
559	2.796000e+00	1.931448e-02	8.645516e-01	
560	2.801000e+00	1.936307e-02	8.646925e-01	
561	2.806000e+00	1.941167e-02	8.648332e-01	
562	2.811000e+00	1.946026e-02	8.649735e-01	
563	2.816000e+00	1.950886e-02	8.651136e-01	
564	2.821000e+00	1.955747e-02	8.652534e-01	
565	2.826000e+00	1.960607e-02	8.653928e-01	
566	2.831000e+00	1.965468e-02	8.655320e-01	
567	2.836000e+00	1.970329e-02	8.656709e-01	
568	2.841000e+00	1.975191e-02	8.658095e-01	
569	2.846000e+00	1.980052e-02	8.659478e-01	
570	2.851000e+00	1.984914e-02	8.660858e-01	
571	2.856000e+00	1.989776e-02	8.662235e-01	
572	2.861000e+00	1.994639e-02	8.663610e-01	
573	2.866000e+00	1.999502e-02	8.664981e-01	
574	2.871000e+00	2.004365e-02	8.666350e-01	
575	2.876000e+00	2.009228e-02	8.667716e-01	
576	2.881000e+00	2.014092e-02	8.669079e-01	

Index   v-sweep         i(vd)           v(3)            
--------------------------------------------------------------------------------
577	2.886000e+00	2.018956e-02	8.670439e-01	
578	2.891000e+00	2.023820e-02	8.671797e-01	
579	2.896000e+00	2.028685e-02	8.673152e-01	
580	2.901000e+00	2.033550e-02	8.674504e-01	
581	2.906000e+00	2.038415e-02	8.675853e-01	
582	2.911000e+00	2.043280e-02	8.677200e-01	
583	2.916000e+00	2.048146e-02	8.678544e-01	
584	2.921000e+00	2.053012e-02	8.679885e-01	
585	2.926000e+00	2.057878e-02	8.681223e-01	
586	2.931000e+00	2.062744e-02	8.682559e-01	
587	2.936000e+00	2.067611e-02	8.683892e-01	
588	2.941000e+00	2.072478e-02	8.685222e-01	
589	2.946000e+00	2.077345e-02	8.686550e-01	
590	2.951000e+00	2.082212e-02	8.687875e-01	
591	2.956000e+00	2.087080e-02	8.689198e-01	
592	2.961000e+00	2.091948e-02	8.690518e-01	
593	2.966000e+00	2.096816e-02	8.691835e-01	
594	2.971000e+00	2.101685e-02	8.693150e-01	
595	2.976000e+00	2.106554e-02	8.694462e-01	
596	2.981000e+00	2.111423e-02	8.695772e-01	
597	2.986000e+00	2.116292e-02	8.697079e-01	
598	2.991000e+00	2.121162e-02	8.698384e-01	
599	2.996000e+00	2.126031e-02	8.699686e-01	
600	3.001000e+00	2.130901e-02	8.700985e-01	
601	3.006000e+00	2.135772e-02	8.702282e-01	
602	3.011000e+00	2.140642e-02	8.703577e-01	
603	3.016000e+00	2.145513e-02	8.704869e-01	
604	3.021000e+00	2.150384e-02	8.706158e-01	
605	3.026000e+00	2.155255e-02	8.707445e-01	
606	3.031000e+00	2.160127e-02	8.708730e-01	
607	3.036000e+00	2.164999e-02	8.710012e-01	
608	3.041000e+00	2.169871e-02	8.711292e-01	
609	3.046000e+00	2.174743e-02	8.712569e-01	
610	3.051000e+00	2.179616e-02	8.713844e-01	
611	3.056000e+00	2.184488e-02	8.715116e-01	
612	3.061000e+00	2.189361e-02	8.716386e-01	
613	3.066000e+00	2.194235e-02	8.717654e-01	
614	3.071000e+00	2.199108e-02	8.718919e-01	
615	3.076000e+00	2.203982e-02	8.720182e-01	
616	3.081000e+00	2.208856e-02	8.721443e-01	
617	3.086000e+00	2.213730e-02	8.722701e-01	
618	3.091000e+00	2.218604e-02	8.723957e-01	
619	3.096000e+00	2.223479e-02	8.725211e-01	
620	3.101000e+00	2.228354e-02	8.726462e-01	
621	3.106000e+00	2.233229e-02	8.727711e-01	
622	3.111000e+00	2.238104e-02	8.728958e-01	
623	3.116000e+00	2.242980e-02	8.730202e-01	
624	3.121000e+00	2.247856e-02	8.731444e-01	
625	3.126000e+00	2.252732e-02	8.732684e-01	
626	3.131000e+00	2.257608e-02	8.733921e-01	
627	3.136000e+00	2.262484e-02	8.735157e-01	
628	3.141000e+00	2.267361e-02	8.736390e-01	
629	3.146000e+00	2.272238e-02	8.737621e-01	
630	3.151000e+00	2.277115e-02	8.738849e-01	
631	3.156000e+00	2.281992e-02	8.740076e-01	
632	3.161000e+00	2.286870e-02	8.741300e-01	
633	3.166000e+00	2.291748e-02	8.742522e-01	
634	3.171000e+00	2.296626e-02	8.743742e-01	

Index   v-sweep         i(vd)           v(3)            
--------------------------------------------------------------------------------
635	3.176000e+00	2.301504e-02	8.744960e-01	
636	3.181000e+00	2.306382e-02	8.746175e-01	
637	3.186000e+00	2.311261e-02	8.747388e-01	
638	3.191000e+00	2.316140e-02	8.748600e-01	
639	3.196000e+00	2.321019e-02	8.749809e-01	
640	3.201000e+00	2.325898e-02	8.751016e-01	
641	3.206000e+00	2.330778e-02	8.752220e-01	
642	3.211000e+00	2.335658e-02	8.753423e-01	
643	3.216000e+00	2.340538e-02	8.754624e-01	
644	3.221000e+00	2.345418e-02	8.755822e-01	
645	3.226000e+00	2.350298e-02	8.757018e-01	
646	3.231000e+00	2.355179e-02	8.758213e-01	
647	3.236000e+00	2.360060e-02	8.759405e-01	
648	3.241000e+00	2.364941e-02	8.760595e-01	
649	3.246000e+00	2.369822e-02	8.761783e-01	
650	3.251000e+00	2.374703e-02	8.762969e-01	
651	3.256000e+00	2.379585e-02	8.764153e-01	
652	3.261000e+00	2.384467e-02	8.765335e-01	
653	3.266000e+00	2.389349e-02	8.766515e-01	
654	3.271000e+00	2.394231e-02	8.767693e-01	
655	3.276000e+00	2.399113e-02	8.768869e-01	
656	3.281000e+00	2.403996e-02	8.770042e-01	
657	3.286000e+00	2.408879e-02	8.771214e-01	
658	3.291000e+00	2.413762e-02	8.772384e-01	
659	3.296000e+00	2.418645e-02	8.773552e-01	
660	3.301000e+00	2.423528e-02	8.774718e-01	
661	3.306000e+00	2.428412e-02	8.775882e-01	
662	3.311000e+00	2.433296e-02	8.777044e-01	
663	3.316000e+00	2.438180e-02	8.778204e-01	
664	3.321000e+00	2.443064e-02	8.779362e-01	
665	3.326000e+00	2.447948e-02	8.780518e-01	
666	3.331000e+00	2.452833e-02	8.781672e-01	
667	3.336000e+00	2.457718e-02	8.782825e-01	
668	3.341000e+00	2.462602e-02	8.783975e-01	
669	3.346000e+00	2.467488e-02	8.785124e-01	
670	3.351000e+00	2.472373e-02	8.786270e-01	
671	3.356000e+00	2.477259e-02	8.787415e-01	
672	3.361000e+00	2.482144e-02	8.788558e-01	
673	3.366000e+00	2.487030e-02	8.789698e-01	
674	3.371000e+00	2.491916e-02	8.790838e-01	
675	3.376000e+00	2.496803e-02	8.791975e-01	
676	3.381000e+00	2.501689e-02	8.793110e-01	
677	3.386000e+00	2.506576e-02	8.794243e-01	
678	3.391000e+00	2.511462e-02	8.795375e-01	
679	3.396000e+00	2.516350e-02	8.796505e-01	
680	3.401000e+00	2.521237e-02	8.797633e-01	
681	3.406000e+00	2.526124e-02	8.798759e-01	
682	3.411000e+00	2.531012e-02	8.799883e-01	
683	3.416000e+00	2.535899e-02	8.801006e-01	
684	3.421000e+00	2.540787e-02	8.802126e-01	
685	3.426000e+00	2.545675e-02	8.803245e-01	
686	3.431000e+00	2.550564e-02	8.804362e-01	
687	3.436000e+00	2.555452e-02	8.805478e-01	
688	3.441000e+00	2.560341e-02	8.806591e-01	
689	3.446000e+00	2.565230e-02	8.807703e-01	
690	3.451000e+00	2.570119e-02	8.808813e-01	
691	3.456000e+00	2.575008e-02	8.809921e-01	
692	3.461000e+00	2.579897e-02	8.811027e-01	

Index   v-sweep         i(vd)           v(3)            
--------------------------------------------------------------------------------
693	3.466000e+00	2.584787e-02	8.812132e-01	
694	3.471000e+00	2.589676e-02	8.813235e-01	
695	3.476000e+00	2.594566e-02	8.814336e-01	
696	3.481000e+00	2.599456e-02	8.815436e-01	
697	3.486000e+00	2.604347e-02	8.816534e-01	
698	3.491000e+00	2.609237e-02	8.817630e-01	
699	3.496000e+00	2.614128e-02	8.818724e-01	
700	3.501000e+00	2.619018e-02	8.819817e-01	
701	3.506000e+00	2.623909e-02	8.820908e-01	
702	3.511000e+00	2.628800e-02	8.821997e-01	
703	3.516000e+00	2.633692e-02	8.823084e-01	
704	3.521000e+00	2.638583e-02	8.824170e-01	
705	3.526000e+00	2.643475e-02	8.825255e-01	
706	3.531000e+00	2.648366e-02	8.826337e-01	
707	3.536000e+00	2.653258e-02	8.827418e-01	
708	3.541000e+00	2.658150e-02	8.828497e-01	
709	3.546000e+00	2.663043e-02	8.829575e-01	
710	3.551000e+00	2.667935e-02	8.830651e-01	
711	3.556000e+00	2.672828e-02	8.831725e-01	
712	3.561000e+00	2.677720e-02	8.832798e-01	
713	3.566000e+00	2.682613e-02	8.833869e-01	
714	3.571000e+00	2.687506e-02	8.834938e-01	
715	3.576000e+00	2.692399e-02	8.836006e-01	
716	3.581000e+00	2.697293e-02	8.837072e-01	
717	3.586000e+00	2.702186e-02	8.838136e-01	
718	3.591000e+00	2.707080e-02	8.839199e-01	
719	3.596000e+00	2.711974e-02	8.840261e-01	
720	3.601000e+00	2.716868e-02	8.841321e-01	
721	3.606000e+00	2.721762e-02	8.842379e-01	
722	3.611000e+00	2.726656e-02	8.843435e-01	
723	3.616000e+00	2.731551e-02	8.844490e-01	
724	3.621000e+00	2.736446e-02	8.845544e-01	
725	3.626000e+00	2.741340e-02	8.846596e-01	
726	3.631000e+00	2.746235e-02	8.847646e-01	
727	3.636000e+00	2.751131e-02	8.848695e-01	
728	3.641000e+00	2.756026e-02	8.849742e-01	
729	3.646000e+00	2.760921e-02	8.850788e-01	
730	3.651000e+00	2.765817e-02	8.851832e-01	
731	3.656000e+00	2.770713e-02	8.852875e-01	
732	3.661000e+00	2.775608e-02	8.853916e-01	
733	3.666000e+00	2.780504e-02	8.854955e-01	
734	3.671000e+00	2.785401e-02	8.855993e-01	
735	3.676000e+00	2.790297e-02	8.857030e-01	
736	3.681000e+00	2.795194e-02	8.858065e-01	
737	3.686000e+00	2.800090e-02	8.859098e-01	
738	3.691000e+00	2.804987e-02	8.860130e-01	
739	3.696000e+00	2.809884e-02	8.861161e-01	
740	3.701000e+00	2.814781e-02	8.862190e-01	
741	3.706000e+00	2.819678e-02	8.863218e-01	
742	3.711000e+00	2.824576e-02	8.864244e-01	
743	3.716000e+00	2.829473e-02	8.865268e-01	
744	3.721000e+00	2.834371e-02	8.866291e-01	
745	3.726000e+00	2.839269e-02	8.867313e-01	
746	3.731000e+00	2.844167e-02	8.868333e-01	
747	3.736000e+00	2.849065e-02	8.869352e-01	
748	3.741000e+00	2.853963e-02	8.870370e-01	
749	3.746000e+00	2.858861e-02	8.871385e-01	
750	3.751000e+00	2.863760e-02	8.872400e-01	

Index   v-sweep         i(vd)           v(3)            
--------------------------------------------------------------------------------
751	3.756000e+00	2.868659e-02	8.873413e-01	
752	3.761000e+00	2.873558e-02	8.874425e-01	
753	3.766000e+00	2.878457e-02	8.875435e-01	
754	3.771000e+00	2.883356e-02	8.876443e-01	
755	3.776000e+00	2.888255e-02	8.877451e-01	
756	3.781000e+00	2.893154e-02	8.878457e-01	
757	3.786000e+00	2.898054e-02	8.879461e-01	
758	3.791000e+00	2.902954e-02	8.880464e-01	
759	3.796000e+00	2.907853e-02	8.881466e-01	
760	3.801000e+00	2.912753e-02	8.882466e-01	
761	3.806000e+00	2.917653e-02	8.883465e-01	
762	3.811000e+00	2.922554e-02	8.884463e-01	
763	3.816000e+00	2.927454e-02	8.885459e-01	
764	3.821000e+00	2.932355e-02	8.886454e-01	
765	3.826000e+00	2.937255e-02	8.887447e-01	
766	3.831000e+00	2.942156e-02	8.888439e-01	
767	3.836000e+00	2.947057e-02	8.889430e-01	
768	3.841000e+00	2.951958e-02	8.890419e-01	
769	3.846000e+00	2.956859e-02	8.891407e-01	
770	3.851000e+00	2.961761e-02	8.892394e-01	
771	3.856000e+00	2.966662e-02	8.893379e-01	
772	3.861000e+00	2.971564e-02	8.894363e-01	
773	3.866000e+00	2.976465e-02	8.895346e-01	
774	3.871000e+00	2.981367e-02	8.896327e-01	
775	3.876000e+00	2.986269e-02	8.897307e-01	
776	3.881000e+00	2.991171e-02	8.898285e-01	
777	3.886000e+00	2.996074e-02	8.899263e-01	
778	3.891000e+00	3.000976e-02	8.900239e-01	
779	3.896000e+00	3.005879e-02	8.901213e-01	
780	3.901000e+00	3.010781e-02	8.902187e-01	
781	3.906000e+00	3.015684e-02	8.903159e-01	
782	3.911000e+00	3.020587e-02	8.904129e-01	
783	3.916000e+00	3.025490e-02	8.905099e-01	
784	3.921000e+00	3.030393e-02	8.906067e-01	
785	3.926000e+00	3.035297e-02	8.907034e-01	
786	3.931000e+00	3.040200e-02	8.907999e-01	
787	3.936000e+00	3.045104e-02	8.908964e-01	
788	3.941000e+00	3.050007e-02	8.909927e-01	
789	3.946000e+00	3.054911e-02	8.910888e-01	
790	3.951000e+00	3.059815e-02	8.911849e-01	
791	3.956000e+00	3.064719e-02	8.912808e-01	
792	3.961000e+00	3.069623e-02	8.913766e-01	
793	3.966000e+00	3.074528e-02	8.914723e-01	
794	3.971000e+00	3.079432e-02	8.915678e-01	
795	3.976000e+00	3.084337e-02	8.916632e-01	
796	3.981000e+00	3.089241e-02	8.917585e-01	
797	3.986000e+00	3.094146e-02	8.918537e-01	
798	3.991000e+00	3.099051e-02	8.919488e-01	
799	3.996000e+00	3.103956e-02	8.920437e-01	
800	4.001000e+00	3.108862e-02	8.921385e-01	
801	4.006000e+00	3.113767e-02	8.922332e-01	
802	4.011000e+00	3.118672e-02	8.923277e-01	
803	4.016000e+00	3.123578e-02	8.924221e-01	
804	4.021000e+00	3.128484e-02	8.925165e-01	
805	4.026000e+00	3.133389e-02	8.926106e-01	
806	4.031000e+00	3.138295e-02	8.927047e-01	
807	4.036000e+00	3.143201e-02	8.927987e-01	
808	4.041000e+00	3.148108e-02	8.928925e-01	

Index   v-sweep         i(vd)           v(3)            
--------------------------------------------------------------------------------
809	4.046000e+00	3.153014e-02	8.929862e-01	
810	4.051000e+00	3.157920e-02	8.930798e-01	
811	4.056000e+00	3.162827e-02	8.931732e-01	
812	4.061000e+00	3.167733e-02	8.932666e-01	
813	4.066000e+00	3.172640e-02	8.933598e-01	
814	4.071000e+00	3.177547e-02	8.934529e-01	
815	4.076000e+00	3.182454e-02	8.935459e-01	
816	4.081000e+00	3.187361e-02	8.936388e-01	
817	4.086000e+00	3.192268e-02	8.937316e-01	
818	4.091000e+00	3.197176e-02	8.938242e-01	
819	4.096000e+00	3.202083e-02	8.939168e-01	
820	4.101000e+00	3.206991e-02	8.940092e-01	
821	4.106000e+00	3.211899e-02	8.941015e-01	
822	4.111000e+00	3.216806e-02	8.941936e-01	
823	4.116000e+00	3.221714e-02	8.942857e-01	
824	4.121000e+00	3.226622e-02	8.943777e-01	
825	4.126000e+00	3.231531e-02	8.944695e-01	
826	4.131000e+00	3.236439e-02	8.945612e-01	
827	4.136000e+00	3.241347e-02	8.946528e-01	
828	4.141000e+00	3.246256e-02	8.947443e-01	
829	4.146000e+00	3.251164e-02	8.948357e-01	
830	4.151000e+00	3.256073e-02	8.949270e-01	
831	4.156000e+00	3.260982e-02	8.950181e-01	
832	4.161000e+00	3.265891e-02	8.951092e-01	
833	4.166000e+00	3.270800e-02	8.952001e-01	
834	4.171000e+00	3.275709e-02	8.952909e-01	
835	4.176000e+00	3.280618e-02	8.953816e-01	
836	4.181000e+00	3.285528e-02	8.954722e-01	
837	4.186000e+00	3.290437e-02	8.955627e-01	
838	4.191000e+00	3.295347e-02	8.956531e-01	
839	4.196000e+00	3.300257e-02	8.957434e-01	
840	4.201000e+00	3.305166e-02	8.958335e-01	
841	4.206000e+00	3.310076e-02	8.959236e-01	
842	4.211000e+00	3.314986e-02	8.960135e-01	
843	4.216000e+00	3.319897e-02	8.961034e-01	
844	4.221000e+00	3.324807e-02	8.961931e-01	
845	4.226000e+00	3.329717e-02	8.962827e-01	
846	4.231000e+00	3.334628e-02	8.963722e-01	
847	4.236000e+00	3.339538e-02	8.964616e-01	
848	4.241000e+00	3.344449e-02	8.965509e-01	
849	4.246000e+00	3.349360e-02	8.966401e-01	
850	4.251000e+00	3.354271e-02	8.967292e-01	
851	4.256000e+00	3.359182e-02	8.968181e-01	
852	4.261000e+00	3.364093e-02	8.969070e-01	
853	4.266000e+00	3.369004e-02	8.969958e-01	
854	4.271000e+00	3.373916e-02	8.970844e-01	
855	4.276000e+00	3.378827e-02	8.971730e-01	
856	4.281000e+00	3.383739e-02	8.972614e-01	
857	4.286000e+00	3.388650e-02	8.973498e-01	
858	4.291000e+00	3.393562e-02	8.974380e-01	
859	4.296000e+00	3.398474e-02	8.975261e-01	
860	4.301000e+00	3.403386e-02	8.976142e-01	
861	4.306000e+00	3.408298e-02	8.977021e-01	
862	4.311000e+00	3.413210e-02	8.977899e-01	
863	4.316000e+00	3.418122e-02	8.978776e-01	
864	4.321000e+00	3.423035e-02	8.979652e-01	
865	4.326000e+00	3.427947e-02	8.980528e-01	
866	4.331000e+00	3.432860e-02	8.981402e-01	

Index   v-sweep         i(vd)           v(3)            
--------------------------------------------------------------------------------
867	4.336000e+00	3.437773e-02	8.982275e-01	
868	4.341000e+00	3.442685e-02	8.983147e-01	
869	4.346000e+00	3.447598e-02	8.984018e-01	
870	4.351000e+00	3.452511e-02	8.984888e-01	
871	4.356000e+00	3.457424e-02	8.985757e-01	
872	4.361000e+00	3.462337e-02	8.986625e-01	
873	4.366000e+00	3.467251e-02	8.987492e-01	
874	4.371000e+00	3.472164e-02	8.988358e-01	
875	4.376000e+00	3.477078e-02	8.989223e-01	
876	4.381000e+00	3.481991e-02	8.990088e-01	
877	4.386000e+00	3.486905e-02	8.990951e-01	
878	4.391000e+00	3.491819e-02	8.991813e-01	
879	4.396000e+00	3.496733e-02	8.992674e-01	
880	4.401000e+00	3.501647e-02	8.993534e-01	
881	4.406000e+00	3.506561e-02	8.994393e-01	
882	4.411000e+00	3.511475e-02	8.995251e-01	
883	4.416000e+00	3.516389e-02	8.996109e-01	
884	4.421000e+00	3.521304e-02	8.996965e-01	
885	4.426000e+00	3.526218e-02	8.997820e-01	
886	4.431000e+00	3.531133e-02	8.998674e-01	
887	4.436000e+00	3.536047e-02	8.999528e-01	
888	4.441000e+00	3.540962e-02	9.000380e-01	
889	4.446000e+00	3.545877e-02	9.001231e-01	
890	4.451000e+00	3.550792e-02	9.002082e-01	
891	4.456000e+00	3.555707e-02	9.002931e-01	
892	4.461000e+00	3.560622e-02	9.003780e-01	
893	4.466000e+00	3.565537e-02	9.004628e-01	
894	4.471000e+00	3.570453e-02	9.005474e-01	
895	4.476000e+00	3.575368e-02	9.006320e-01	
896	4.481000e+00	3.580284e-02	9.007165e-01	
897	4.486000e+00	3.585199e-02	9.008009e-01	
898	4.491000e+00	3.590115e-02	9.008851e-01	
899	4.496000e+00	3.595031e-02	9.009693e-01	
900	4.501000e+00	3.599947e-02	9.010534e-01	
901	4.506000e+00	3.604863e-02	9.011375e-01	
902	4.511000e+00	3.609779e-02	9.012214e-01	
903	4.516000e+00	3.614695e-02	9.013052e-01	
904	4.521000e+00	3.619611e-02	9.013889e-01	
905	4.526000e+00	3.624527e-02	9.014726e-01	
906	4.531000e+00	3.629444e-02	9.015561e-01	
907	4.536000e+00	3.634360e-02	9.016396e-01	
908	4.541000e+00	3.639277e-02	9.017229e-01	
909	4.546000e+00	3.644194e-02	9.018062e-01	
910	4.551000e+00	3.649111e-02	9.018894e-01	
911	4.556000e+00	3.654028e-02	9.019725e-01	
912	4.561000e+00	3.658944e-02	9.020555e-01	
913	4.566000e+00	3.663862e-02	9.021384e-01	
914	4.571000e+00	3.668779e-02	9.022212e-01	
915	4.576000e+00	3.673696e-02	9.023040e-01	
916	4.581000e+00	3.678613e-02	9.023866e-01	
917	4.586000e+00	3.683531e-02	9.024692e-01	
918	4.591000e+00	3.688448e-02	9.025516e-01	
919	4.596000e+00	3.693366e-02	9.026340e-01	
920	4.601000e+00	3.698284e-02	9.027163e-01	
921	4.606000e+00	3.703201e-02	9.027985e-01	
922	4.611000e+00	3.708119e-02	9.028806e-01	
923	4.616000e+00	3.713037e-02	9.029626e-01	
924	4.621000e+00	3.717955e-02	9.030446e-01	

Index   v-sweep         i(vd)           v(3)            
--------------------------------------------------------------------------------
925	4.626000e+00	3.722874e-02	9.031264e-01	
926	4.631000e+00	3.727792e-02	9.032082e-01	
927	4.636000e+00	3.732710e-02	9.032899e-01	
928	4.641000e+00	3.737629e-02	9.033715e-01	
929	4.646000e+00	3.742547e-02	9.034530e-01	
930	4.651000e+00	3.747466e-02	9.035344e-01	
931	4.656000e+00	3.752384e-02	9.036157e-01	
932	4.661000e+00	3.757303e-02	9.036969e-01	
933	4.666000e+00	3.762222e-02	9.037781e-01	
934	4.671000e+00	3.767141e-02	9.038592e-01	
935	4.676000e+00	3.772060e-02	9.039402e-01	
936	4.681000e+00	3.776979e-02	9.040211e-01	
937	4.686000e+00	3.781898e-02	9.041019e-01	
938	4.691000e+00	3.786817e-02	9.041826e-01	
939	4.696000e+00	3.791737e-02	9.042633e-01	
940	4.701000e+00	3.796656e-02	9.043438e-01	
941	4.706000e+00	3.801576e-02	9.044243e-01	
942	4.711000e+00	3.806495e-02	9.045047e-01	
943	4.716000e+00	3.811415e-02	9.045850e-01	
944	4.721000e+00	3.816335e-02	9.046652e-01	
945	4.726000e+00	3.821255e-02	9.047454e-01	
946	4.731000e+00	3.826175e-02	9.048254e-01	
947	4.736000e+00	3.831095e-02	9.049054e-01	
948	4.741000e+00	3.836015e-02	9.049853e-01	
949	4.746000e+00	3.840935e-02	9.050651e-01	
950	4.751000e+00	3.845855e-02	9.051449e-01	
951	4.756000e+00	3.850775e-02	9.052245e-01	
952	4.761000e+00	3.855696e-02	9.053041e-01	
953	4.766000e+00	3.860616e-02	9.053836e-01	
954	4.771000e+00	3.865537e-02	9.054630e-01	
955	4.776000e+00	3.870458e-02	9.055423e-01	
956	4.781000e+00	3.875378e-02	9.056216e-01	
957	4.786000e+00	3.880299e-02	9.057007e-01	
958	4.791000e+00	3.885220e-02	9.057798e-01	
959	4.796000e+00	3.890141e-02	9.058588e-01	
960	4.801000e+00	3.895062e-02	9.059377e-01	
961	4.806000e+00	3.899983e-02	9.060166e-01	
962	4.811000e+00	3.904905e-02	9.060953e-01	
963	4.816000e+00	3.909826e-02	9.061740e-01	
964	4.821000e+00	3.914747e-02	9.062526e-01	
965	4.826000e+00	3.919669e-02	9.063311e-01	
966	4.831000e+00	3.924590e-02	9.064096e-01	
967	4.836000e+00	3.929512e-02	9.064879e-01	
968	4.841000e+00	3.934434e-02	9.065662e-01	
969	4.846000e+00	3.939356e-02	9.066444e-01	
970	4.851000e+00	3.944277e-02	9.067226e-01	
971	4.856000e+00	3.949199e-02	9.068006e-01	
972	4.861000e+00	3.954121e-02	9.068786e-01	
973	4.866000e+00	3.959044e-02	9.069565e-01	
974	4.871000e+00	3.963966e-02	9.070343e-01	
975	4.876000e+00	3.968888e-02	9.071120e-01	
976	4.881000e+00	3.973810e-02	9.071897e-01	
977	4.886000e+00	3.978733e-02	9.072673e-01	
978	4.891000e+00	3.983655e-02	9.073448e-01	
979	4.896000e+00	3.988578e-02	9.074222e-01	
980	4.901000e+00	3.993500e-02	9.074996e-01	
981	4.906000e+00	3.998423e-02	9.075769e-01	
982	4.911000e+00	4.003346e-02	9.076541e-01	

Index   v-sweep         i(vd)           v(3)            
--------------------------------------------------------------------------------
983	4.916000e+00	4.008269e-02	9.077312e-01	
984	4.921000e+00	4.013192e-02	9.078083e-01	
985	4.926000e+00	4.018115e-02	9.078852e-01	
986	4.931000e+00	4.023038e-02	9.079621e-01	
987	4.936000e+00	4.027961e-02	9.080390e-01	
988	4.941000e+00	4.032884e-02	9.081157e-01	
989	4.946000e+00	4.037808e-02	9.081924e-01	
990	4.951000e+00	4.042731e-02	9.082690e-01	
991	4.956000e+00	4.047654e-02	9.083455e-01	
992	4.961000e+00	4.052578e-02	9.084220e-01	
993	4.966000e+00	4.057502e-02	9.084984e-01	
994	4.971000e+00	4.062425e-02	9.085747e-01	
995	4.976000e+00	4.067349e-02	9.086509e-01	
996	4.981000e+00	4.072273e-02	9.087270e-01	
997	4.986000e+00	4.077197e-02	9.088031e-01	
998	4.991000e+00	4.082121e-02	9.088791e-01	
999	4.996000e+00	4.087045e-02	9.089551e-01	
