                    reverse recovery time of rn142 at 100khz
                    Transient Analysis  Sun Aug 28 18:49:36  2022
--------------------------------------------------------------------------------
Index   time            v(4)            i(vd)           
--------------------------------------------------------------------------------
0	2.994900e-03	7.580261e-01	2.419739e-03	
1	2.994900e-03	7.580261e-01	2.419739e-03	
2	2.994900e-03	7.580261e-01	2.419739e-03	
3	2.994900e-03	7.580261e-01	2.419739e-03	
4	2.994900e-03	7.580261e-01	2.419739e-03	
5	2.994901e-03	7.580261e-01	2.419739e-03	
6	2.994901e-03	7.580261e-01	2.419739e-03	
7	2.994901e-03	7.580261e-01	2.419739e-03	
8	2.994901e-03	7.580261e-01	2.419739e-03	
9	2.994901e-03	7.580261e-01	2.419739e-03	
10	2.994901e-03	7.580261e-01	2.419739e-03	
11	2.994901e-03	7.580261e-01	2.419739e-03	
12	2.994901e-03	7.580261e-01	2.419739e-03	
13	2.994901e-03	7.580261e-01	2.419739e-03	
14	2.994901e-03	7.580261e-01	2.419739e-03	
15	2.994902e-03	7.580261e-01	2.419739e-03	
16	2.994902e-03	7.580261e-01	2.419739e-03	
17	2.994902e-03	7.580261e-01	2.419739e-03	
18	2.994902e-03	7.580261e-01	2.419739e-03	
19	2.994902e-03	7.580261e-01	2.419739e-03	
20	2.994902e-03	7.580261e-01	2.419739e-03	
21	2.994902e-03	7.580261e-01	2.419739e-03	
22	2.994902e-03	7.580261e-01	2.419739e-03	
23	2.994902e-03	7.580261e-01	2.419739e-03	
24	2.994902e-03	7.580261e-01	2.419739e-03	
25	2.994903e-03	7.580261e-01	2.419739e-03	
26	2.994903e-03	7.580261e-01	2.419739e-03	
27	2.994903e-03	7.580261e-01	2.419739e-03	
28	2.994903e-03	7.580261e-01	2.419739e-03	
29	2.994903e-03	7.580261e-01	2.419739e-03	
30	2.994903e-03	7.580261e-01	2.419739e-03	
31	2.994903e-03	7.580261e-01	2.419739e-03	
32	2.994903e-03	7.580261e-01	2.419739e-03	
33	2.994903e-03	7.580261e-01	2.419739e-03	
34	2.994903e-03	7.580261e-01	2.419739e-03	
35	2.994904e-03	7.580261e-01	2.419739e-03	
36	2.994904e-03	7.580261e-01	2.419739e-03	
37	2.994904e-03	7.580261e-01	2.419739e-03	
38	2.994904e-03	7.580261e-01	2.419739e-03	
39	2.994904e-03	7.580261e-01	2.419739e-03	
40	2.994904e-03	7.580261e-01	2.419739e-03	
41	2.994904e-03	7.580261e-01	2.419739e-03	
42	2.994904e-03	7.580261e-01	2.419739e-03	
43	2.994904e-03	7.580261e-01	2.419739e-03	
44	2.994904e-03	7.580261e-01	2.419739e-03	
45	2.994905e-03	7.580261e-01	2.419739e-03	
46	2.994905e-03	7.580261e-01	2.419739e-03	
47	2.994905e-03	7.580261e-01	2.419739e-03	
48	2.994905e-03	7.580261e-01	2.419739e-03	
49	2.994905e-03	7.580261e-01	2.419739e-03	
50	2.994905e-03	7.580261e-01	2.419739e-03	
51	2.994905e-03	7.580261e-01	2.419739e-03	
52	2.994905e-03	7.580261e-01	2.419739e-03	
53	2.994905e-03	7.580261e-01	2.419739e-03	
54	2.994905e-03	7.580261e-01	2.419739e-03	

Index   time            v(4)            i(vd)           
--------------------------------------------------------------------------------
55	2.994906e-03	7.580261e-01	2.419739e-03	
56	2.994906e-03	7.580261e-01	2.419739e-03	
57	2.994906e-03	7.580261e-01	2.419739e-03	
58	2.994906e-03	7.580261e-01	2.419739e-03	
59	2.994906e-03	7.580261e-01	2.419739e-03	
60	2.994906e-03	7.580261e-01	2.419739e-03	
61	2.994906e-03	7.580261e-01	2.419739e-03	
62	2.994906e-03	7.580261e-01	2.419739e-03	
63	2.994906e-03	7.580261e-01	2.419739e-03	
64	2.994906e-03	7.580261e-01	2.419739e-03	
65	2.994907e-03	7.580261e-01	2.419739e-03	
66	2.994907e-03	7.580261e-01	2.419739e-03	
67	2.994907e-03	7.580261e-01	2.419739e-03	
68	2.994907e-03	7.580261e-01	2.419739e-03	
69	2.994907e-03	7.580261e-01	2.419739e-03	
70	2.994907e-03	7.580261e-01	2.419739e-03	
71	2.994907e-03	7.580261e-01	2.419739e-03	
72	2.994907e-03	7.580261e-01	2.419739e-03	
73	2.994907e-03	7.580261e-01	2.419739e-03	
74	2.994907e-03	7.580261e-01	2.419739e-03	
75	2.994908e-03	7.580261e-01	2.419739e-03	
76	2.994908e-03	7.580261e-01	2.419739e-03	
77	2.994908e-03	7.580261e-01	2.419739e-03	
78	2.994908e-03	7.580261e-01	2.419739e-03	
79	2.994908e-03	7.580261e-01	2.419739e-03	
80	2.994908e-03	7.580261e-01	2.419739e-03	
81	2.994908e-03	7.580261e-01	2.419739e-03	
82	2.994908e-03	7.580261e-01	2.419739e-03	
83	2.994908e-03	7.580261e-01	2.419739e-03	
84	2.994908e-03	7.580261e-01	2.419739e-03	
85	2.994909e-03	7.580261e-01	2.419739e-03	
86	2.994909e-03	7.580261e-01	2.419739e-03	
87	2.994909e-03	7.580261e-01	2.419739e-03	
88	2.994909e-03	7.580261e-01	2.419739e-03	
89	2.994909e-03	7.580261e-01	2.419739e-03	
90	2.994909e-03	7.580261e-01	2.419739e-03	
91	2.994909e-03	7.580261e-01	2.419739e-03	
92	2.994909e-03	7.580261e-01	2.419739e-03	
93	2.994909e-03	7.580261e-01	2.419739e-03	
94	2.994909e-03	7.580261e-01	2.419739e-03	
95	2.994910e-03	7.580261e-01	2.419739e-03	
96	2.994910e-03	7.580261e-01	2.419739e-03	
97	2.994910e-03	7.580261e-01	2.419739e-03	
98	2.994910e-03	7.580261e-01	2.419739e-03	
99	2.994910e-03	7.580261e-01	2.419739e-03	
100	2.994910e-03	7.580261e-01	2.419739e-03	
101	2.994910e-03	7.580261e-01	2.419739e-03	
102	2.994910e-03	7.580261e-01	2.419739e-03	
103	2.994910e-03	7.580261e-01	2.419739e-03	
104	2.994910e-03	7.580261e-01	2.419739e-03	
105	2.994911e-03	7.580261e-01	2.419739e-03	
106	2.994911e-03	7.580261e-01	2.419739e-03	
107	2.994911e-03	7.580261e-01	2.419739e-03	
108	2.994911e-03	7.580261e-01	2.419739e-03	
109	2.994911e-03	7.580261e-01	2.419739e-03	
110	2.994911e-03	7.580261e-01	2.419739e-03	
111	2.994911e-03	7.580261e-01	2.419739e-03	
112	2.994911e-03	7.580261e-01	2.419739e-03	

Index   time            v(4)            i(vd)           
--------------------------------------------------------------------------------
113	2.994911e-03	7.580261e-01	2.419739e-03	
114	2.994911e-03	7.580261e-01	2.419739e-03	
115	2.994912e-03	7.580261e-01	2.419739e-03	
116	2.994912e-03	7.580261e-01	2.419739e-03	
117	2.994912e-03	7.580261e-01	2.419739e-03	
118	2.994912e-03	7.580261e-01	2.419739e-03	
119	2.994912e-03	7.580261e-01	2.419739e-03	
120	2.994912e-03	7.580261e-01	2.419739e-03	
121	2.994912e-03	7.580261e-01	2.419739e-03	
122	2.994912e-03	7.580261e-01	2.419739e-03	
123	2.994912e-03	7.580261e-01	2.419739e-03	
124	2.994912e-03	7.580261e-01	2.419739e-03	
125	2.994913e-03	7.580261e-01	2.419739e-03	
126	2.994913e-03	7.580261e-01	2.419739e-03	
127	2.994913e-03	7.580261e-01	2.419739e-03	
128	2.994913e-03	7.580261e-01	2.419739e-03	
129	2.994913e-03	7.580261e-01	2.419739e-03	
130	2.994913e-03	7.580261e-01	2.419739e-03	
131	2.994913e-03	7.580261e-01	2.419739e-03	
132	2.994913e-03	7.580261e-01	2.419739e-03	
133	2.994913e-03	7.580261e-01	2.419739e-03	
134	2.994913e-03	7.580261e-01	2.419739e-03	
135	2.994914e-03	7.580261e-01	2.419739e-03	
136	2.994914e-03	7.580261e-01	2.419739e-03	
137	2.994914e-03	7.580261e-01	2.419739e-03	
138	2.994914e-03	7.580261e-01	2.419739e-03	
139	2.994914e-03	7.580261e-01	2.419739e-03	
140	2.994914e-03	7.580261e-01	2.419739e-03	
141	2.994914e-03	7.580261e-01	2.419739e-03	
142	2.994914e-03	7.580261e-01	2.419739e-03	
143	2.994914e-03	7.580261e-01	2.419739e-03	
144	2.994914e-03	7.580261e-01	2.419739e-03	
145	2.994915e-03	7.580261e-01	2.419739e-03	
146	2.994915e-03	7.580261e-01	2.419739e-03	
147	2.994915e-03	7.580261e-01	2.419739e-03	
148	2.994915e-03	7.580261e-01	2.419739e-03	
149	2.994915e-03	7.580261e-01	2.419739e-03	
150	2.994915e-03	7.580261e-01	2.419739e-03	
151	2.994915e-03	7.580261e-01	2.419739e-03	
152	2.994915e-03	7.580261e-01	2.419739e-03	
153	2.994915e-03	7.580261e-01	2.419739e-03	
154	2.994915e-03	7.580261e-01	2.419739e-03	
155	2.994916e-03	7.580261e-01	2.419739e-03	
156	2.994916e-03	7.580261e-01	2.419739e-03	
157	2.994916e-03	7.580261e-01	2.419739e-03	
158	2.994916e-03	7.580261e-01	2.419739e-03	
159	2.994916e-03	7.580261e-01	2.419739e-03	
160	2.994916e-03	7.580261e-01	2.419739e-03	
161	2.994916e-03	7.580261e-01	2.419739e-03	
162	2.994916e-03	7.580261e-01	2.419739e-03	
163	2.994916e-03	7.580261e-01	2.419739e-03	
164	2.994916e-03	7.580261e-01	2.419739e-03	
165	2.994917e-03	7.580261e-01	2.419739e-03	
166	2.994917e-03	7.580261e-01	2.419739e-03	
167	2.994917e-03	7.580261e-01	2.419739e-03	
168	2.994917e-03	7.580261e-01	2.419739e-03	
169	2.994917e-03	7.580261e-01	2.419739e-03	
170	2.994917e-03	7.580261e-01	2.419739e-03	

Index   time            v(4)            i(vd)           
--------------------------------------------------------------------------------
171	2.994917e-03	7.580261e-01	2.419739e-03	
172	2.994917e-03	7.580261e-01	2.419739e-03	
173	2.994917e-03	7.580261e-01	2.419739e-03	
174	2.994917e-03	7.580261e-01	2.419739e-03	
175	2.994918e-03	7.580261e-01	2.419739e-03	
176	2.994918e-03	7.580261e-01	2.419739e-03	
177	2.994918e-03	7.580261e-01	2.419739e-03	
178	2.994918e-03	7.580261e-01	2.419739e-03	
179	2.994918e-03	7.580261e-01	2.419739e-03	
180	2.994918e-03	7.580261e-01	2.419739e-03	
181	2.994918e-03	7.580261e-01	2.419739e-03	
182	2.994918e-03	7.580261e-01	2.419739e-03	
183	2.994918e-03	7.580261e-01	2.419739e-03	
184	2.994918e-03	7.580261e-01	2.419739e-03	
185	2.994919e-03	7.580261e-01	2.419739e-03	
186	2.994919e-03	7.580261e-01	2.419739e-03	
187	2.994919e-03	7.580261e-01	2.419739e-03	
188	2.994919e-03	7.580261e-01	2.419739e-03	
189	2.994919e-03	7.580261e-01	2.419739e-03	
190	2.994919e-03	7.580261e-01	2.419739e-03	
191	2.994919e-03	7.580261e-01	2.419739e-03	
192	2.994919e-03	7.580261e-01	2.419739e-03	
193	2.994919e-03	7.580261e-01	2.419739e-03	
194	2.994919e-03	7.580261e-01	2.419739e-03	
195	2.994920e-03	7.580261e-01	2.419739e-03	
196	2.994920e-03	7.580261e-01	2.419739e-03	
197	2.994920e-03	7.580261e-01	2.419739e-03	
198	2.994920e-03	7.580261e-01	2.419739e-03	
199	2.994920e-03	7.580261e-01	2.419739e-03	
200	2.994920e-03	7.580261e-01	2.419739e-03	
201	2.994920e-03	7.580261e-01	2.419739e-03	
202	2.994920e-03	7.580261e-01	2.419739e-03	
203	2.994920e-03	7.580261e-01	2.419739e-03	
204	2.994920e-03	7.580261e-01	2.419739e-03	
205	2.994921e-03	7.580261e-01	2.419739e-03	
206	2.994921e-03	7.580261e-01	2.419739e-03	
207	2.994921e-03	7.580261e-01	2.419739e-03	
208	2.994921e-03	7.580261e-01	2.419739e-03	
209	2.994921e-03	7.580261e-01	2.419739e-03	
210	2.994921e-03	7.580261e-01	2.419739e-03	
211	2.994921e-03	7.580261e-01	2.419739e-03	
212	2.994921e-03	7.580261e-01	2.419739e-03	
213	2.994921e-03	7.580261e-01	2.419739e-03	
214	2.994921e-03	7.580261e-01	2.419739e-03	
215	2.994922e-03	7.580261e-01	2.419739e-03	
216	2.994922e-03	7.580261e-01	2.419739e-03	
217	2.994922e-03	7.580261e-01	2.419739e-03	
218	2.994922e-03	7.580261e-01	2.419739e-03	
219	2.994922e-03	7.580261e-01	2.419739e-03	
220	2.994922e-03	7.580261e-01	2.419739e-03	
221	2.994922e-03	7.580261e-01	2.419739e-03	
222	2.994922e-03	7.580261e-01	2.419739e-03	
223	2.994922e-03	7.580261e-01	2.419739e-03	
224	2.994922e-03	7.580261e-01	2.419739e-03	
225	2.994923e-03	7.580261e-01	2.419739e-03	
226	2.994923e-03	7.580261e-01	2.419739e-03	
227	2.994923e-03	7.580261e-01	2.419739e-03	
228	2.994923e-03	7.580261e-01	2.419739e-03	

Index   time            v(4)            i(vd)           
--------------------------------------------------------------------------------
229	2.994923e-03	7.580261e-01	2.419739e-03	
230	2.994923e-03	7.580261e-01	2.419739e-03	
231	2.994923e-03	7.580261e-01	2.419739e-03	
232	2.994923e-03	7.580261e-01	2.419739e-03	
233	2.994923e-03	7.580261e-01	2.419739e-03	
234	2.994923e-03	7.580261e-01	2.419739e-03	
235	2.994924e-03	7.580261e-01	2.419739e-03	
236	2.994924e-03	7.580261e-01	2.419739e-03	
237	2.994924e-03	7.580261e-01	2.419739e-03	
238	2.994924e-03	7.580261e-01	2.419739e-03	
239	2.994924e-03	7.580261e-01	2.419739e-03	
240	2.994924e-03	7.580261e-01	2.419739e-03	
241	2.994924e-03	7.580261e-01	2.419739e-03	
242	2.994924e-03	7.580261e-01	2.419739e-03	
243	2.994924e-03	7.580261e-01	2.419739e-03	
244	2.994924e-03	7.580261e-01	2.419739e-03	
245	2.994925e-03	7.580261e-01	2.419739e-03	
246	2.994925e-03	7.580261e-01	2.419739e-03	
247	2.994925e-03	7.580261e-01	2.419739e-03	
248	2.994925e-03	7.580261e-01	2.419739e-03	
249	2.994925e-03	7.580261e-01	2.419739e-03	
250	2.994925e-03	7.580261e-01	2.419739e-03	
251	2.994925e-03	7.580261e-01	2.419739e-03	
252	2.994925e-03	7.580261e-01	2.419739e-03	
253	2.994925e-03	7.580261e-01	2.419739e-03	
254	2.994925e-03	7.580261e-01	2.419739e-03	
255	2.994926e-03	7.580261e-01	2.419739e-03	
256	2.994926e-03	7.580261e-01	2.419739e-03	
257	2.994926e-03	7.580261e-01	2.419739e-03	
258	2.994926e-03	7.580261e-01	2.419739e-03	
259	2.994926e-03	7.580261e-01	2.419739e-03	
260	2.994926e-03	7.580261e-01	2.419739e-03	
261	2.994926e-03	7.580261e-01	2.419739e-03	
262	2.994926e-03	7.580261e-01	2.419739e-03	
263	2.994926e-03	7.580261e-01	2.419739e-03	
264	2.994926e-03	7.580261e-01	2.419739e-03	
265	2.994927e-03	7.580261e-01	2.419739e-03	
266	2.994927e-03	7.580261e-01	2.419739e-03	
267	2.994927e-03	7.580261e-01	2.419739e-03	
268	2.994927e-03	7.580261e-01	2.419739e-03	
269	2.994927e-03	7.580261e-01	2.419739e-03	
270	2.994927e-03	7.580261e-01	2.419739e-03	
271	2.994927e-03	7.580261e-01	2.419739e-03	
272	2.994927e-03	7.580261e-01	2.419739e-03	
273	2.994927e-03	7.580261e-01	2.419739e-03	
274	2.994927e-03	7.580261e-01	2.419739e-03	
275	2.994928e-03	7.580261e-01	2.419739e-03	
276	2.994928e-03	7.580261e-01	2.419739e-03	
277	2.994928e-03	7.580261e-01	2.419739e-03	
278	2.994928e-03	7.580261e-01	2.419739e-03	
279	2.994928e-03	7.580261e-01	2.419739e-03	
280	2.994928e-03	7.580261e-01	2.419739e-03	
281	2.994928e-03	7.580261e-01	2.419739e-03	
282	2.994928e-03	7.580261e-01	2.419739e-03	
283	2.994928e-03	7.580261e-01	2.419739e-03	
284	2.994928e-03	7.580261e-01	2.419739e-03	
285	2.994929e-03	7.580261e-01	2.419739e-03	
286	2.994929e-03	7.580261e-01	2.419739e-03	

Index   time            v(4)            i(vd)           
--------------------------------------------------------------------------------
287	2.994929e-03	7.580261e-01	2.419739e-03	
288	2.994929e-03	7.580261e-01	2.419739e-03	
289	2.994929e-03	7.580261e-01	2.419739e-03	
290	2.994929e-03	7.580261e-01	2.419739e-03	
291	2.994929e-03	7.580261e-01	2.419739e-03	
292	2.994929e-03	7.580261e-01	2.419739e-03	
293	2.994929e-03	7.580261e-01	2.419739e-03	
294	2.994929e-03	7.580261e-01	2.419739e-03	
295	2.994930e-03	7.580261e-01	2.419739e-03	
296	2.994930e-03	7.580261e-01	2.419739e-03	
297	2.994930e-03	7.580261e-01	2.419739e-03	
298	2.994930e-03	7.580261e-01	2.419739e-03	
299	2.994930e-03	7.580261e-01	2.419739e-03	
300	2.994930e-03	7.580261e-01	2.419739e-03	
301	2.994930e-03	7.580261e-01	2.419739e-03	
302	2.994930e-03	7.580261e-01	2.419739e-03	
303	2.994930e-03	7.580261e-01	2.419739e-03	
304	2.994930e-03	7.580261e-01	2.419739e-03	
305	2.994931e-03	7.580261e-01	2.419739e-03	
306	2.994931e-03	7.580261e-01	2.419739e-03	
307	2.994931e-03	7.580261e-01	2.419739e-03	
308	2.994931e-03	7.580261e-01	2.419739e-03	
309	2.994931e-03	7.580261e-01	2.419739e-03	
310	2.994931e-03	7.580261e-01	2.419739e-03	
311	2.994931e-03	7.580261e-01	2.419739e-03	
312	2.994931e-03	7.580261e-01	2.419739e-03	
313	2.994931e-03	7.580261e-01	2.419739e-03	
314	2.994931e-03	7.580261e-01	2.419739e-03	
315	2.994932e-03	7.580261e-01	2.419739e-03	
316	2.994932e-03	7.580261e-01	2.419739e-03	
317	2.994932e-03	7.580261e-01	2.419739e-03	
318	2.994932e-03	7.580261e-01	2.419739e-03	
319	2.994932e-03	7.580261e-01	2.419739e-03	
320	2.994932e-03	7.580261e-01	2.419739e-03	
321	2.994932e-03	7.580261e-01	2.419739e-03	
322	2.994932e-03	7.580261e-01	2.419739e-03	
323	2.994932e-03	7.580261e-01	2.419739e-03	
324	2.994932e-03	7.580261e-01	2.419739e-03	
325	2.994933e-03	7.580261e-01	2.419739e-03	
326	2.994933e-03	7.580261e-01	2.419739e-03	
327	2.994933e-03	7.580261e-01	2.419739e-03	
328	2.994933e-03	7.580261e-01	2.419739e-03	
329	2.994933e-03	7.580261e-01	2.419739e-03	
330	2.994933e-03	7.580261e-01	2.419739e-03	
331	2.994933e-03	7.580261e-01	2.419739e-03	
332	2.994933e-03	7.580261e-01	2.419739e-03	
333	2.994933e-03	7.580261e-01	2.419739e-03	
334	2.994933e-03	7.580261e-01	2.419739e-03	
335	2.994934e-03	7.580261e-01	2.419739e-03	
336	2.994934e-03	7.580261e-01	2.419739e-03	
337	2.994934e-03	7.580261e-01	2.419739e-03	
338	2.994934e-03	7.580261e-01	2.419739e-03	
339	2.994934e-03	7.580261e-01	2.419739e-03	
340	2.994934e-03	7.580261e-01	2.419739e-03	
341	2.994934e-03	7.580261e-01	2.419739e-03	
342	2.994934e-03	7.580261e-01	2.419739e-03	
343	2.994934e-03	7.580261e-01	2.419739e-03	
344	2.994934e-03	7.580261e-01	2.419739e-03	

Index   time            v(4)            i(vd)           
--------------------------------------------------------------------------------
345	2.994935e-03	7.580261e-01	2.419739e-03	
346	2.994935e-03	7.580261e-01	2.419739e-03	
347	2.994935e-03	7.580261e-01	2.419739e-03	
348	2.994935e-03	7.580261e-01	2.419739e-03	
349	2.994935e-03	7.580261e-01	2.419739e-03	
350	2.994935e-03	7.580261e-01	2.419739e-03	
351	2.994935e-03	7.580261e-01	2.419739e-03	
352	2.994935e-03	7.580261e-01	2.419739e-03	
353	2.994935e-03	7.580261e-01	2.419739e-03	
354	2.994935e-03	7.580261e-01	2.419739e-03	
355	2.994936e-03	7.580261e-01	2.419739e-03	
356	2.994936e-03	7.580261e-01	2.419739e-03	
357	2.994936e-03	7.580261e-01	2.419739e-03	
358	2.994936e-03	7.580261e-01	2.419739e-03	
359	2.994936e-03	7.580261e-01	2.419739e-03	
360	2.994936e-03	7.580261e-01	2.419739e-03	
361	2.994936e-03	7.580261e-01	2.419739e-03	
362	2.994936e-03	7.580261e-01	2.419739e-03	
363	2.994936e-03	7.580261e-01	2.419739e-03	
364	2.994936e-03	7.580261e-01	2.419739e-03	
365	2.994937e-03	7.580261e-01	2.419739e-03	
366	2.994937e-03	7.580261e-01	2.419739e-03	
367	2.994937e-03	7.580261e-01	2.419739e-03	
368	2.994937e-03	7.580261e-01	2.419739e-03	
369	2.994937e-03	7.580261e-01	2.419739e-03	
370	2.994937e-03	7.580261e-01	2.419739e-03	
371	2.994937e-03	7.580261e-01	2.419739e-03	
372	2.994937e-03	7.580261e-01	2.419739e-03	
373	2.994937e-03	7.580261e-01	2.419739e-03	
374	2.994937e-03	7.580261e-01	2.419739e-03	
375	2.994938e-03	7.580261e-01	2.419739e-03	
376	2.994938e-03	7.580261e-01	2.419739e-03	
377	2.994938e-03	7.580261e-01	2.419739e-03	
378	2.994938e-03	7.580261e-01	2.419739e-03	
379	2.994938e-03	7.580261e-01	2.419739e-03	
380	2.994938e-03	7.580261e-01	2.419739e-03	
381	2.994938e-03	7.580261e-01	2.419739e-03	
382	2.994938e-03	7.580261e-01	2.419739e-03	
383	2.994938e-03	7.580261e-01	2.419739e-03	
384	2.994938e-03	7.580261e-01	2.419739e-03	
385	2.994939e-03	7.580261e-01	2.419739e-03	
386	2.994939e-03	7.580261e-01	2.419739e-03	
387	2.994939e-03	7.580261e-01	2.419739e-03	
388	2.994939e-03	7.580261e-01	2.419739e-03	
389	2.994939e-03	7.580261e-01	2.419739e-03	
390	2.994939e-03	7.580261e-01	2.419739e-03	
391	2.994939e-03	7.580261e-01	2.419739e-03	
392	2.994939e-03	7.580261e-01	2.419739e-03	
393	2.994939e-03	7.580261e-01	2.419739e-03	
394	2.994939e-03	7.580261e-01	2.419739e-03	
395	2.994940e-03	7.580261e-01	2.419739e-03	
396	2.994940e-03	7.580261e-01	2.419739e-03	
397	2.994940e-03	7.580261e-01	2.419739e-03	
398	2.994940e-03	7.580261e-01	2.419739e-03	
399	2.994940e-03	7.580261e-01	2.419739e-03	
400	2.994940e-03	7.580261e-01	2.419739e-03	
401	2.994940e-03	7.580261e-01	2.419739e-03	
402	2.994940e-03	7.580261e-01	2.419739e-03	

Index   time            v(4)            i(vd)           
--------------------------------------------------------------------------------
403	2.994940e-03	7.580261e-01	2.419739e-03	
404	2.994940e-03	7.580261e-01	2.419739e-03	
405	2.994941e-03	7.580261e-01	2.419739e-03	
406	2.994941e-03	7.580261e-01	2.419739e-03	
407	2.994941e-03	7.580261e-01	2.419739e-03	
408	2.994941e-03	7.580261e-01	2.419739e-03	
409	2.994941e-03	7.580261e-01	2.419739e-03	
410	2.994941e-03	7.580261e-01	2.419739e-03	
411	2.994941e-03	7.580261e-01	2.419739e-03	
412	2.994941e-03	7.580261e-01	2.419739e-03	
413	2.994941e-03	7.580261e-01	2.419739e-03	
414	2.994941e-03	7.580261e-01	2.419739e-03	
415	2.994942e-03	7.580261e-01	2.419739e-03	
416	2.994942e-03	7.580261e-01	2.419739e-03	
417	2.994942e-03	7.580261e-01	2.419739e-03	
418	2.994942e-03	7.580261e-01	2.419739e-03	
419	2.994942e-03	7.580261e-01	2.419739e-03	
420	2.994942e-03	7.580261e-01	2.419739e-03	
421	2.994942e-03	7.580261e-01	2.419739e-03	
422	2.994942e-03	7.580261e-01	2.419739e-03	
423	2.994942e-03	7.580261e-01	2.419739e-03	
424	2.994942e-03	7.580261e-01	2.419739e-03	
425	2.994943e-03	7.580261e-01	2.419739e-03	
426	2.994943e-03	7.580261e-01	2.419739e-03	
427	2.994943e-03	7.580261e-01	2.419739e-03	
428	2.994943e-03	7.580261e-01	2.419739e-03	
429	2.994943e-03	7.580261e-01	2.419739e-03	
430	2.994943e-03	7.580261e-01	2.419739e-03	
431	2.994943e-03	7.580261e-01	2.419739e-03	
432	2.994943e-03	7.580261e-01	2.419739e-03	
433	2.994943e-03	7.580261e-01	2.419739e-03	
434	2.994943e-03	7.580261e-01	2.419739e-03	
435	2.994944e-03	7.580261e-01	2.419739e-03	
436	2.994944e-03	7.580261e-01	2.419739e-03	
437	2.994944e-03	7.580261e-01	2.419739e-03	
438	2.994944e-03	7.580261e-01	2.419739e-03	
439	2.994944e-03	7.580261e-01	2.419739e-03	
440	2.994944e-03	7.580261e-01	2.419739e-03	
441	2.994944e-03	7.580261e-01	2.419739e-03	
442	2.994944e-03	7.580261e-01	2.419739e-03	
443	2.994944e-03	7.580261e-01	2.419739e-03	
444	2.994944e-03	7.580261e-01	2.419739e-03	
445	2.994945e-03	7.580261e-01	2.419739e-03	
446	2.994945e-03	7.580261e-01	2.419739e-03	
447	2.994945e-03	7.580261e-01	2.419739e-03	
448	2.994945e-03	7.580261e-01	2.419739e-03	
449	2.994945e-03	7.580261e-01	2.419739e-03	
450	2.994945e-03	7.580261e-01	2.419739e-03	
451	2.994945e-03	7.580261e-01	2.419739e-03	
452	2.994945e-03	7.580261e-01	2.419739e-03	
453	2.994945e-03	7.580261e-01	2.419739e-03	
454	2.994945e-03	7.580261e-01	2.419739e-03	
455	2.994946e-03	7.580261e-01	2.419739e-03	
456	2.994946e-03	7.580261e-01	2.419739e-03	
457	2.994946e-03	7.580261e-01	2.419739e-03	
458	2.994946e-03	7.580261e-01	2.419739e-03	
459	2.994946e-03	7.580261e-01	2.419739e-03	
460	2.994946e-03	7.580261e-01	2.419739e-03	

Index   time            v(4)            i(vd)           
--------------------------------------------------------------------------------
461	2.994946e-03	7.580261e-01	2.419739e-03	
462	2.994946e-03	7.580261e-01	2.419739e-03	
463	2.994946e-03	7.580261e-01	2.419739e-03	
464	2.994946e-03	7.580261e-01	2.419739e-03	
465	2.994947e-03	7.580261e-01	2.419739e-03	
466	2.994947e-03	7.580261e-01	2.419739e-03	
467	2.994947e-03	7.580261e-01	2.419739e-03	
468	2.994947e-03	7.580261e-01	2.419739e-03	
469	2.994947e-03	7.580261e-01	2.419739e-03	
470	2.994947e-03	7.580261e-01	2.419739e-03	
471	2.994947e-03	7.580261e-01	2.419739e-03	
472	2.994947e-03	7.580261e-01	2.419739e-03	
473	2.994947e-03	7.580261e-01	2.419739e-03	
474	2.994947e-03	7.580261e-01	2.419739e-03	
475	2.994948e-03	7.580261e-01	2.419739e-03	
476	2.994948e-03	7.580261e-01	2.419739e-03	
477	2.994948e-03	7.580261e-01	2.419739e-03	
478	2.994948e-03	7.580261e-01	2.419739e-03	
479	2.994948e-03	7.580261e-01	2.419739e-03	
480	2.994948e-03	7.580261e-01	2.419739e-03	
481	2.994948e-03	7.580261e-01	2.419739e-03	
482	2.994948e-03	7.580261e-01	2.419739e-03	
483	2.994948e-03	7.580261e-01	2.419739e-03	
484	2.994948e-03	7.580261e-01	2.419739e-03	
485	2.994949e-03	7.580261e-01	2.419739e-03	
486	2.994949e-03	7.580261e-01	2.419739e-03	
487	2.994949e-03	7.580261e-01	2.419739e-03	
488	2.994949e-03	7.580261e-01	2.419739e-03	
489	2.994949e-03	7.580261e-01	2.419739e-03	
490	2.994949e-03	7.580261e-01	2.419739e-03	
491	2.994949e-03	7.580261e-01	2.419739e-03	
492	2.994949e-03	7.580261e-01	2.419739e-03	
493	2.994949e-03	7.580261e-01	2.419739e-03	
494	2.994949e-03	7.580261e-01	2.419739e-03	
495	2.994950e-03	7.580261e-01	2.419739e-03	
496	2.994950e-03	7.580261e-01	2.419739e-03	
497	2.994950e-03	7.580261e-01	2.419739e-03	
498	2.994950e-03	7.580261e-01	2.419739e-03	
499	2.994950e-03	7.580261e-01	2.419739e-03	
500	2.994950e-03	7.580261e-01	2.419739e-03	
501	2.994950e-03	7.580261e-01	2.419739e-03	
502	2.994950e-03	7.580261e-01	2.419739e-03	
503	2.994950e-03	7.580261e-01	2.419739e-03	
504	2.994950e-03	7.580261e-01	2.419739e-03	
505	2.994951e-03	7.580261e-01	2.419739e-03	
506	2.994951e-03	7.580261e-01	2.419739e-03	
507	2.994951e-03	7.580261e-01	2.419739e-03	
508	2.994951e-03	7.580261e-01	2.419739e-03	
509	2.994951e-03	7.580261e-01	2.419739e-03	
510	2.994951e-03	7.580261e-01	2.419739e-03	
511	2.994951e-03	7.580261e-01	2.419739e-03	
512	2.994951e-03	7.580261e-01	2.419739e-03	
513	2.994951e-03	7.580261e-01	2.419739e-03	
514	2.994951e-03	7.580261e-01	2.419739e-03	
515	2.994952e-03	7.580261e-01	2.419739e-03	
516	2.994952e-03	7.580261e-01	2.419739e-03	
517	2.994952e-03	7.580261e-01	2.419739e-03	
518	2.994952e-03	7.580261e-01	2.419739e-03	

Index   time            v(4)            i(vd)           
--------------------------------------------------------------------------------
519	2.994952e-03	7.580261e-01	2.419739e-03	
520	2.994952e-03	7.580261e-01	2.419739e-03	
521	2.994952e-03	7.580261e-01	2.419739e-03	
522	2.994952e-03	7.580261e-01	2.419739e-03	
523	2.994952e-03	7.580261e-01	2.419739e-03	
524	2.994952e-03	7.580261e-01	2.419739e-03	
525	2.994953e-03	7.580261e-01	2.419739e-03	
526	2.994953e-03	7.580261e-01	2.419739e-03	
527	2.994953e-03	7.580261e-01	2.419739e-03	
528	2.994953e-03	7.580261e-01	2.419739e-03	
529	2.994953e-03	7.580261e-01	2.419739e-03	
530	2.994953e-03	7.580261e-01	2.419739e-03	
531	2.994953e-03	7.580261e-01	2.419739e-03	
532	2.994953e-03	7.580261e-01	2.419739e-03	
533	2.994953e-03	7.580261e-01	2.419739e-03	
534	2.994953e-03	7.580261e-01	2.419739e-03	
535	2.994954e-03	7.580261e-01	2.419739e-03	
536	2.994954e-03	7.580261e-01	2.419739e-03	
537	2.994954e-03	7.580261e-01	2.419739e-03	
538	2.994954e-03	7.580261e-01	2.419739e-03	
539	2.994954e-03	7.580261e-01	2.419739e-03	
540	2.994954e-03	7.580261e-01	2.419739e-03	
541	2.994954e-03	7.580261e-01	2.419739e-03	
542	2.994954e-03	7.580261e-01	2.419739e-03	
543	2.994954e-03	7.580261e-01	2.419739e-03	
544	2.994954e-03	7.580261e-01	2.419739e-03	
545	2.994955e-03	7.580261e-01	2.419739e-03	
546	2.994955e-03	7.580261e-01	2.419739e-03	
547	2.994955e-03	7.580261e-01	2.419739e-03	
548	2.994955e-03	7.580261e-01	2.419739e-03	
549	2.994955e-03	7.580261e-01	2.419739e-03	
550	2.994955e-03	7.580261e-01	2.419739e-03	
551	2.994955e-03	7.580261e-01	2.419739e-03	
552	2.994955e-03	7.580261e-01	2.419739e-03	
553	2.994955e-03	7.580261e-01	2.419739e-03	
554	2.994955e-03	7.580261e-01	2.419739e-03	
555	2.994956e-03	7.580261e-01	2.419739e-03	
556	2.994956e-03	7.580261e-01	2.419739e-03	
557	2.994956e-03	7.580261e-01	2.419739e-03	
558	2.994956e-03	7.580261e-01	2.419739e-03	
559	2.994956e-03	7.580261e-01	2.419739e-03	
560	2.994956e-03	7.580261e-01	2.419739e-03	
561	2.994956e-03	7.580261e-01	2.419739e-03	
562	2.994956e-03	7.580261e-01	2.419739e-03	
563	2.994956e-03	7.580261e-01	2.419739e-03	
564	2.994956e-03	7.580261e-01	2.419739e-03	
565	2.994957e-03	7.580261e-01	2.419739e-03	
566	2.994957e-03	7.580261e-01	2.419739e-03	
567	2.994957e-03	7.580261e-01	2.419739e-03	
568	2.994957e-03	7.580261e-01	2.419739e-03	
569	2.994957e-03	7.580261e-01	2.419739e-03	
570	2.994957e-03	7.580261e-01	2.419739e-03	
571	2.994957e-03	7.580261e-01	2.419739e-03	
572	2.994957e-03	7.580261e-01	2.419739e-03	
573	2.994957e-03	7.580261e-01	2.419739e-03	
574	2.994957e-03	7.580261e-01	2.419739e-03	
575	2.994958e-03	7.580261e-01	2.419739e-03	
576	2.994958e-03	7.580261e-01	2.419739e-03	

Index   time            v(4)            i(vd)           
--------------------------------------------------------------------------------
577	2.994958e-03	7.580261e-01	2.419739e-03	
578	2.994958e-03	7.580261e-01	2.419739e-03	
579	2.994958e-03	7.580261e-01	2.419739e-03	
580	2.994958e-03	7.580261e-01	2.419739e-03	
581	2.994958e-03	7.580261e-01	2.419739e-03	
582	2.994958e-03	7.580261e-01	2.419739e-03	
583	2.994958e-03	7.580261e-01	2.419739e-03	
584	2.994958e-03	7.580261e-01	2.419739e-03	
585	2.994959e-03	7.580261e-01	2.419739e-03	
586	2.994959e-03	7.580261e-01	2.419739e-03	
587	2.994959e-03	7.580261e-01	2.419739e-03	
588	2.994959e-03	7.580261e-01	2.419739e-03	
589	2.994959e-03	7.580261e-01	2.419739e-03	
590	2.994959e-03	7.580261e-01	2.419739e-03	
591	2.994959e-03	7.580261e-01	2.419739e-03	
592	2.994959e-03	7.580261e-01	2.419739e-03	
593	2.994959e-03	7.580261e-01	2.419739e-03	
594	2.994959e-03	7.580261e-01	2.419739e-03	
595	2.994960e-03	7.580261e-01	2.419739e-03	
596	2.994960e-03	7.580261e-01	2.419739e-03	
597	2.994960e-03	7.580261e-01	2.419739e-03	
598	2.994960e-03	7.580261e-01	2.419739e-03	
599	2.994960e-03	7.580261e-01	2.419739e-03	
600	2.994960e-03	7.580261e-01	2.419739e-03	
601	2.994960e-03	7.580261e-01	2.419739e-03	
602	2.994960e-03	7.580261e-01	2.419739e-03	
603	2.994960e-03	7.580261e-01	2.419739e-03	
604	2.994960e-03	7.580261e-01	2.419739e-03	
605	2.994961e-03	7.580261e-01	2.419739e-03	
606	2.994961e-03	7.580261e-01	2.419739e-03	
607	2.994961e-03	7.580261e-01	2.419739e-03	
608	2.994961e-03	7.580261e-01	2.419739e-03	
609	2.994961e-03	7.580261e-01	2.419739e-03	
610	2.994961e-03	7.580261e-01	2.419739e-03	
611	2.994961e-03	7.580261e-01	2.419739e-03	
612	2.994961e-03	7.580261e-01	2.419739e-03	
613	2.994961e-03	7.580261e-01	2.419739e-03	
614	2.994961e-03	7.580261e-01	2.419739e-03	
615	2.994962e-03	7.580261e-01	2.419739e-03	
616	2.994962e-03	7.580261e-01	2.419739e-03	
617	2.994962e-03	7.580261e-01	2.419739e-03	
618	2.994962e-03	7.580261e-01	2.419739e-03	
619	2.994962e-03	7.580261e-01	2.419739e-03	
620	2.994962e-03	7.580261e-01	2.419739e-03	
621	2.994962e-03	7.580261e-01	2.419739e-03	
622	2.994962e-03	7.580261e-01	2.419739e-03	
623	2.994962e-03	7.580261e-01	2.419739e-03	
624	2.994962e-03	7.580261e-01	2.419739e-03	
625	2.994963e-03	7.580261e-01	2.419739e-03	
626	2.994963e-03	7.580261e-01	2.419739e-03	
627	2.994963e-03	7.580261e-01	2.419739e-03	
628	2.994963e-03	7.580261e-01	2.419739e-03	
629	2.994963e-03	7.580261e-01	2.419739e-03	
630	2.994963e-03	7.580261e-01	2.419739e-03	
631	2.994963e-03	7.580261e-01	2.419739e-03	
632	2.994963e-03	7.580261e-01	2.419739e-03	
633	2.994963e-03	7.580261e-01	2.419739e-03	
634	2.994963e-03	7.580261e-01	2.419739e-03	

Index   time            v(4)            i(vd)           
--------------------------------------------------------------------------------
635	2.994964e-03	7.580261e-01	2.419739e-03	
636	2.994964e-03	7.580261e-01	2.419739e-03	
637	2.994964e-03	7.580261e-01	2.419739e-03	
638	2.994964e-03	7.580261e-01	2.419739e-03	
639	2.994964e-03	7.580261e-01	2.419739e-03	
640	2.994964e-03	7.580261e-01	2.419739e-03	
641	2.994964e-03	7.580261e-01	2.419739e-03	
642	2.994964e-03	7.580261e-01	2.419739e-03	
643	2.994964e-03	7.580261e-01	2.419739e-03	
644	2.994964e-03	7.580261e-01	2.419739e-03	
645	2.994965e-03	7.580261e-01	2.419739e-03	
646	2.994965e-03	7.580261e-01	2.419739e-03	
647	2.994965e-03	7.580261e-01	2.419739e-03	
648	2.994965e-03	7.580261e-01	2.419739e-03	
649	2.994965e-03	7.580261e-01	2.419739e-03	
650	2.994965e-03	7.580261e-01	2.419739e-03	
651	2.994965e-03	7.580261e-01	2.419739e-03	
652	2.994965e-03	7.580261e-01	2.419739e-03	
653	2.994965e-03	7.580261e-01	2.419739e-03	
654	2.994965e-03	7.580261e-01	2.419739e-03	
655	2.994966e-03	7.580261e-01	2.419739e-03	
656	2.994966e-03	7.580261e-01	2.419739e-03	
657	2.994966e-03	7.580261e-01	2.419739e-03	
658	2.994966e-03	7.580261e-01	2.419739e-03	
659	2.994966e-03	7.580261e-01	2.419739e-03	
660	2.994966e-03	7.580261e-01	2.419739e-03	
661	2.994966e-03	7.580261e-01	2.419739e-03	
662	2.994966e-03	7.580261e-01	2.419739e-03	
663	2.994966e-03	7.580261e-01	2.419739e-03	
664	2.994966e-03	7.580261e-01	2.419739e-03	
665	2.994967e-03	7.580261e-01	2.419739e-03	
666	2.994967e-03	7.580261e-01	2.419739e-03	
667	2.994967e-03	7.580261e-01	2.419739e-03	
668	2.994967e-03	7.580261e-01	2.419739e-03	
669	2.994967e-03	7.580261e-01	2.419739e-03	
670	2.994967e-03	7.580261e-01	2.419739e-03	
671	2.994967e-03	7.580261e-01	2.419739e-03	
672	2.994967e-03	7.580261e-01	2.419739e-03	
673	2.994967e-03	7.580261e-01	2.419739e-03	
674	2.994967e-03	7.580261e-01	2.419739e-03	
675	2.994968e-03	7.580261e-01	2.419739e-03	
676	2.994968e-03	7.580261e-01	2.419739e-03	
677	2.994968e-03	7.580261e-01	2.419739e-03	
678	2.994968e-03	7.580261e-01	2.419739e-03	
679	2.994968e-03	7.580261e-01	2.419739e-03	
680	2.994968e-03	7.580261e-01	2.419739e-03	
681	2.994968e-03	7.580261e-01	2.419739e-03	
682	2.994968e-03	7.580261e-01	2.419739e-03	
683	2.994968e-03	7.580261e-01	2.419739e-03	
684	2.994968e-03	7.580261e-01	2.419739e-03	
685	2.994969e-03	7.580261e-01	2.419739e-03	
686	2.994969e-03	7.580261e-01	2.419739e-03	
687	2.994969e-03	7.580261e-01	2.419739e-03	
688	2.994969e-03	7.580261e-01	2.419739e-03	
689	2.994969e-03	7.580261e-01	2.419739e-03	
690	2.994969e-03	7.580261e-01	2.419739e-03	
691	2.994969e-03	7.580261e-01	2.419739e-03	
692	2.994969e-03	7.580261e-01	2.419739e-03	

Index   time            v(4)            i(vd)           
--------------------------------------------------------------------------------
693	2.994969e-03	7.580261e-01	2.419739e-03	
694	2.994969e-03	7.580261e-01	2.419739e-03	
695	2.994970e-03	7.580261e-01	2.419739e-03	
696	2.994970e-03	7.580261e-01	2.419739e-03	
697	2.994970e-03	7.580261e-01	2.419739e-03	
698	2.994970e-03	7.580261e-01	2.419739e-03	
699	2.994970e-03	7.580261e-01	2.419739e-03	
700	2.994970e-03	7.580261e-01	2.419739e-03	
701	2.994970e-03	7.580261e-01	2.419739e-03	
702	2.994970e-03	7.580261e-01	2.419739e-03	
703	2.994970e-03	7.580261e-01	2.419739e-03	
704	2.994970e-03	7.580261e-01	2.419739e-03	
705	2.994971e-03	7.580261e-01	2.419739e-03	
706	2.994971e-03	7.580261e-01	2.419739e-03	
707	2.994971e-03	7.580261e-01	2.419739e-03	
708	2.994971e-03	7.580261e-01	2.419739e-03	
709	2.994971e-03	7.580261e-01	2.419739e-03	
710	2.994971e-03	7.580261e-01	2.419739e-03	
711	2.994971e-03	7.580261e-01	2.419739e-03	
712	2.994971e-03	7.580261e-01	2.419739e-03	
713	2.994971e-03	7.580261e-01	2.419739e-03	
714	2.994971e-03	7.580261e-01	2.419739e-03	
715	2.994972e-03	7.580261e-01	2.419739e-03	
716	2.994972e-03	7.580261e-01	2.419739e-03	
717	2.994972e-03	7.580261e-01	2.419739e-03	
718	2.994972e-03	7.580261e-01	2.419739e-03	
719	2.994972e-03	7.580261e-01	2.419739e-03	
720	2.994972e-03	7.580261e-01	2.419739e-03	
721	2.994972e-03	7.580261e-01	2.419739e-03	
722	2.994972e-03	7.580261e-01	2.419739e-03	
723	2.994972e-03	7.580261e-01	2.419739e-03	
724	2.994972e-03	7.580261e-01	2.419739e-03	
725	2.994973e-03	7.580261e-01	2.419739e-03	
726	2.994973e-03	7.580261e-01	2.419739e-03	
727	2.994973e-03	7.580261e-01	2.419739e-03	
728	2.994973e-03	7.580261e-01	2.419739e-03	
729	2.994973e-03	7.580261e-01	2.419739e-03	
730	2.994973e-03	7.580261e-01	2.419739e-03	
731	2.994973e-03	7.580261e-01	2.419739e-03	
732	2.994973e-03	7.580261e-01	2.419739e-03	
733	2.994973e-03	7.580261e-01	2.419739e-03	
734	2.994973e-03	7.580261e-01	2.419739e-03	
735	2.994974e-03	7.580261e-01	2.419739e-03	
736	2.994974e-03	7.580261e-01	2.419739e-03	
737	2.994974e-03	7.580261e-01	2.419739e-03	
738	2.994974e-03	7.580261e-01	2.419739e-03	
739	2.994974e-03	7.580261e-01	2.419739e-03	
740	2.994974e-03	7.580261e-01	2.419739e-03	
741	2.994974e-03	7.580261e-01	2.419739e-03	
742	2.994974e-03	7.580261e-01	2.419739e-03	
743	2.994974e-03	7.580261e-01	2.419739e-03	
744	2.994974e-03	7.580261e-01	2.419739e-03	
745	2.994975e-03	7.580261e-01	2.419739e-03	
746	2.994975e-03	7.580261e-01	2.419739e-03	
747	2.994975e-03	7.580261e-01	2.419739e-03	
748	2.994975e-03	7.580261e-01	2.419739e-03	
749	2.994975e-03	7.580261e-01	2.419739e-03	
750	2.994975e-03	7.580261e-01	2.419739e-03	

Index   time            v(4)            i(vd)           
--------------------------------------------------------------------------------
751	2.994975e-03	7.580261e-01	2.419739e-03	
752	2.994975e-03	7.580261e-01	2.419739e-03	
753	2.994975e-03	7.580261e-01	2.419739e-03	
754	2.994975e-03	7.580261e-01	2.419739e-03	
755	2.994976e-03	7.580261e-01	2.419739e-03	
756	2.994976e-03	7.580261e-01	2.419739e-03	
757	2.994976e-03	7.580261e-01	2.419739e-03	
758	2.994976e-03	7.580261e-01	2.419739e-03	
759	2.994976e-03	7.580261e-01	2.419739e-03	
760	2.994976e-03	7.580261e-01	2.419739e-03	
761	2.994976e-03	7.580261e-01	2.419739e-03	
762	2.994976e-03	7.580261e-01	2.419739e-03	
763	2.994976e-03	7.580261e-01	2.419739e-03	
764	2.994976e-03	7.580261e-01	2.419739e-03	
765	2.994977e-03	7.580261e-01	2.419739e-03	
766	2.994977e-03	7.580261e-01	2.419739e-03	
767	2.994977e-03	7.580261e-01	2.419739e-03	
768	2.994977e-03	7.580261e-01	2.419739e-03	
769	2.994977e-03	7.580261e-01	2.419739e-03	
770	2.994977e-03	7.580261e-01	2.419739e-03	
771	2.994977e-03	7.580261e-01	2.419739e-03	
772	2.994977e-03	7.580261e-01	2.419739e-03	
773	2.994977e-03	7.580261e-01	2.419739e-03	
774	2.994977e-03	7.580261e-01	2.419739e-03	
775	2.994978e-03	7.580261e-01	2.419739e-03	
776	2.994978e-03	7.580261e-01	2.419739e-03	
777	2.994978e-03	7.580261e-01	2.419739e-03	
778	2.994978e-03	7.580261e-01	2.419739e-03	
779	2.994978e-03	7.580261e-01	2.419739e-03	
780	2.994978e-03	7.580261e-01	2.419739e-03	
781	2.994978e-03	7.580261e-01	2.419739e-03	
782	2.994978e-03	7.580261e-01	2.419739e-03	
783	2.994978e-03	7.580261e-01	2.419739e-03	
784	2.994978e-03	7.580261e-01	2.419739e-03	
785	2.994979e-03	7.580261e-01	2.419739e-03	
786	2.994979e-03	7.580261e-01	2.419739e-03	
787	2.994979e-03	7.580261e-01	2.419739e-03	
788	2.994979e-03	7.580261e-01	2.419739e-03	
789	2.994979e-03	7.580261e-01	2.419739e-03	
790	2.994979e-03	7.580261e-01	2.419739e-03	
791	2.994979e-03	7.580261e-01	2.419739e-03	
792	2.994979e-03	7.580261e-01	2.419739e-03	
793	2.994979e-03	7.580261e-01	2.419739e-03	
794	2.994979e-03	7.580261e-01	2.419739e-03	
795	2.994980e-03	7.580261e-01	2.419739e-03	
796	2.994980e-03	7.580261e-01	2.419739e-03	
797	2.994980e-03	7.580261e-01	2.419739e-03	
798	2.994980e-03	7.580261e-01	2.419739e-03	
799	2.994980e-03	7.580261e-01	2.419739e-03	
800	2.994980e-03	7.580261e-01	2.419739e-03	
801	2.994980e-03	7.580261e-01	2.419739e-03	
802	2.994980e-03	7.580261e-01	2.419739e-03	
803	2.994980e-03	7.580261e-01	2.419739e-03	
804	2.994980e-03	7.580261e-01	2.419739e-03	
805	2.994981e-03	7.580261e-01	2.419739e-03	
806	2.994981e-03	7.580261e-01	2.419739e-03	
807	2.994981e-03	7.580261e-01	2.419739e-03	
808	2.994981e-03	7.580261e-01	2.419739e-03	

Index   time            v(4)            i(vd)           
--------------------------------------------------------------------------------
809	2.994981e-03	7.580261e-01	2.419739e-03	
810	2.994981e-03	7.580261e-01	2.419739e-03	
811	2.994981e-03	7.580261e-01	2.419739e-03	
812	2.994981e-03	7.580261e-01	2.419739e-03	
813	2.994981e-03	7.580261e-01	2.419739e-03	
814	2.994981e-03	7.580261e-01	2.419739e-03	
815	2.994982e-03	7.580261e-01	2.419739e-03	
816	2.994982e-03	7.580261e-01	2.419739e-03	
817	2.994982e-03	7.580261e-01	2.419739e-03	
818	2.994982e-03	7.580261e-01	2.419739e-03	
819	2.994982e-03	7.580261e-01	2.419739e-03	
820	2.994982e-03	7.580261e-01	2.419739e-03	
821	2.994982e-03	7.580261e-01	2.419739e-03	
822	2.994982e-03	7.580261e-01	2.419739e-03	
823	2.994982e-03	7.580261e-01	2.419739e-03	
824	2.994982e-03	7.580261e-01	2.419739e-03	
825	2.994983e-03	7.580261e-01	2.419739e-03	
826	2.994983e-03	7.580261e-01	2.419739e-03	
827	2.994983e-03	7.580261e-01	2.419739e-03	
828	2.994983e-03	7.580261e-01	2.419739e-03	
829	2.994983e-03	7.580261e-01	2.419739e-03	
830	2.994983e-03	7.580261e-01	2.419739e-03	
831	2.994983e-03	7.580261e-01	2.419739e-03	
832	2.994983e-03	7.580261e-01	2.419739e-03	
833	2.994983e-03	7.580261e-01	2.419739e-03	
834	2.994983e-03	7.580261e-01	2.419739e-03	
835	2.994984e-03	7.580261e-01	2.419739e-03	
836	2.994984e-03	7.580261e-01	2.419739e-03	
837	2.994984e-03	7.580261e-01	2.419739e-03	
838	2.994984e-03	7.580261e-01	2.419739e-03	
839	2.994984e-03	7.580261e-01	2.419739e-03	
840	2.994984e-03	7.580261e-01	2.419739e-03	
841	2.994984e-03	7.580261e-01	2.419739e-03	
842	2.994984e-03	7.580261e-01	2.419739e-03	
843	2.994984e-03	7.580261e-01	2.419739e-03	
844	2.994984e-03	7.580261e-01	2.419739e-03	
845	2.994985e-03	7.580261e-01	2.419739e-03	
846	2.994985e-03	7.580261e-01	2.419739e-03	
847	2.994985e-03	7.580261e-01	2.419739e-03	
848	2.994985e-03	7.580261e-01	2.419739e-03	
849	2.994985e-03	7.580261e-01	2.419739e-03	
850	2.994985e-03	7.580261e-01	2.419739e-03	
851	2.994985e-03	7.580261e-01	2.419739e-03	
852	2.994985e-03	7.580261e-01	2.419739e-03	
853	2.994985e-03	7.580261e-01	2.419739e-03	
854	2.994985e-03	7.580261e-01	2.419739e-03	
855	2.994986e-03	7.580261e-01	2.419739e-03	
856	2.994986e-03	7.580261e-01	2.419739e-03	
857	2.994986e-03	7.580261e-01	2.419739e-03	
858	2.994986e-03	7.580261e-01	2.419739e-03	
859	2.994986e-03	7.580261e-01	2.419739e-03	
860	2.994986e-03	7.580261e-01	2.419739e-03	
861	2.994986e-03	7.580261e-01	2.419739e-03	
862	2.994986e-03	7.580261e-01	2.419739e-03	
863	2.994986e-03	7.580261e-01	2.419739e-03	
864	2.994986e-03	7.580261e-01	2.419739e-03	
865	2.994987e-03	7.580261e-01	2.419739e-03	
866	2.994987e-03	7.580261e-01	2.419739e-03	

Index   time            v(4)            i(vd)           
--------------------------------------------------------------------------------
867	2.994987e-03	7.580261e-01	2.419739e-03	
868	2.994987e-03	7.580261e-01	2.419739e-03	
869	2.994987e-03	7.580261e-01	2.419739e-03	
870	2.994987e-03	7.580261e-01	2.419739e-03	
871	2.994987e-03	7.580261e-01	2.419739e-03	
872	2.994987e-03	7.580261e-01	2.419739e-03	
873	2.994987e-03	7.580261e-01	2.419739e-03	
874	2.994987e-03	7.580261e-01	2.419739e-03	
875	2.994988e-03	7.580261e-01	2.419739e-03	
876	2.994988e-03	7.580261e-01	2.419739e-03	
877	2.994988e-03	7.580261e-01	2.419739e-03	
878	2.994988e-03	7.580261e-01	2.419739e-03	
879	2.994988e-03	7.580261e-01	2.419739e-03	
880	2.994988e-03	7.580261e-01	2.419739e-03	
881	2.994988e-03	7.580261e-01	2.419739e-03	
882	2.994988e-03	7.580261e-01	2.419739e-03	
883	2.994988e-03	7.580261e-01	2.419739e-03	
884	2.994988e-03	7.580261e-01	2.419739e-03	
885	2.994989e-03	7.580261e-01	2.419739e-03	
886	2.994989e-03	7.580261e-01	2.419739e-03	
887	2.994989e-03	7.580261e-01	2.419739e-03	
888	2.994989e-03	7.580261e-01	2.419739e-03	
889	2.994989e-03	7.580261e-01	2.419739e-03	
890	2.994989e-03	7.580261e-01	2.419739e-03	
891	2.994989e-03	7.580261e-01	2.419739e-03	
892	2.994989e-03	7.580261e-01	2.419739e-03	
893	2.994989e-03	7.580261e-01	2.419739e-03	
894	2.994989e-03	7.580261e-01	2.419739e-03	
895	2.994990e-03	7.580261e-01	2.419739e-03	
896	2.994990e-03	7.580261e-01	2.419739e-03	
897	2.994990e-03	7.580261e-01	2.419739e-03	
898	2.994990e-03	7.580261e-01	2.419739e-03	
899	2.994990e-03	7.580261e-01	2.419739e-03	
900	2.994990e-03	7.580261e-01	2.419739e-03	
901	2.994990e-03	7.580261e-01	2.419739e-03	
902	2.994990e-03	7.580261e-01	2.419739e-03	
903	2.994990e-03	7.580261e-01	2.419739e-03	
904	2.994990e-03	7.580261e-01	2.419739e-03	
905	2.994991e-03	7.580261e-01	2.419739e-03	
906	2.994991e-03	7.580261e-01	2.419739e-03	
907	2.994991e-03	7.580261e-01	2.419739e-03	
908	2.994991e-03	7.580261e-01	2.419739e-03	
909	2.994991e-03	7.580261e-01	2.419739e-03	
910	2.994991e-03	7.580261e-01	2.419739e-03	
911	2.994991e-03	7.580261e-01	2.419739e-03	
912	2.994991e-03	7.580261e-01	2.419739e-03	
913	2.994991e-03	7.580261e-01	2.419739e-03	
914	2.994991e-03	7.580261e-01	2.419739e-03	
915	2.994992e-03	7.580261e-01	2.419739e-03	
916	2.994992e-03	7.580261e-01	2.419739e-03	
917	2.994992e-03	7.580261e-01	2.419739e-03	
918	2.994992e-03	7.580261e-01	2.419739e-03	
919	2.994992e-03	7.580261e-01	2.419739e-03	
920	2.994992e-03	7.580261e-01	2.419739e-03	
921	2.994992e-03	7.580261e-01	2.419739e-03	
922	2.994992e-03	7.580261e-01	2.419739e-03	
923	2.994992e-03	7.580261e-01	2.419739e-03	
924	2.994992e-03	7.580261e-01	2.419739e-03	

Index   time            v(4)            i(vd)           
--------------------------------------------------------------------------------
925	2.994993e-03	7.580261e-01	2.419739e-03	
926	2.994993e-03	7.580261e-01	2.419739e-03	
927	2.994993e-03	7.580261e-01	2.419739e-03	
928	2.994993e-03	7.580261e-01	2.419739e-03	
929	2.994993e-03	7.580261e-01	2.419739e-03	
930	2.994993e-03	7.580261e-01	2.419739e-03	
931	2.994993e-03	7.580261e-01	2.419739e-03	
932	2.994993e-03	7.580261e-01	2.419739e-03	
933	2.994993e-03	7.580261e-01	2.419739e-03	
934	2.994993e-03	7.580261e-01	2.419739e-03	
935	2.994994e-03	7.580261e-01	2.419739e-03	
936	2.994994e-03	7.580261e-01	2.419739e-03	
937	2.994994e-03	7.580261e-01	2.419739e-03	
938	2.994994e-03	7.580261e-01	2.419739e-03	
939	2.994994e-03	7.580261e-01	2.419739e-03	
940	2.994994e-03	7.580261e-01	2.419739e-03	
941	2.994994e-03	7.580261e-01	2.419739e-03	
942	2.994994e-03	7.580261e-01	2.419739e-03	
943	2.994994e-03	7.580261e-01	2.419739e-03	
944	2.994994e-03	7.580261e-01	2.419739e-03	
945	2.994995e-03	7.580261e-01	2.419739e-03	
946	2.994995e-03	7.580261e-01	2.419739e-03	
947	2.994995e-03	7.580261e-01	2.419739e-03	
948	2.994995e-03	7.580261e-01	2.419739e-03	
949	2.994995e-03	7.580261e-01	2.419739e-03	
950	2.994995e-03	7.580261e-01	2.419739e-03	
951	2.994995e-03	7.580261e-01	2.419739e-03	
952	2.994995e-03	7.580261e-01	2.419739e-03	
953	2.994995e-03	7.580261e-01	2.419739e-03	
954	2.994995e-03	7.580261e-01	2.419739e-03	
955	2.994996e-03	7.580261e-01	2.419739e-03	
956	2.994996e-03	7.580261e-01	2.419739e-03	
957	2.994996e-03	7.580261e-01	2.419739e-03	
958	2.994996e-03	7.580261e-01	2.419739e-03	
959	2.994996e-03	7.580261e-01	2.419739e-03	
960	2.994996e-03	7.580261e-01	2.419739e-03	
961	2.994996e-03	7.580261e-01	2.419739e-03	
962	2.994996e-03	7.580261e-01	2.419739e-03	
963	2.994996e-03	7.580261e-01	2.419739e-03	
964	2.994996e-03	7.580261e-01	2.419739e-03	
965	2.994997e-03	7.580261e-01	2.419739e-03	
966	2.994997e-03	7.580261e-01	2.419739e-03	
967	2.994997e-03	7.580261e-01	2.419739e-03	
968	2.994997e-03	7.580261e-01	2.419739e-03	
969	2.994997e-03	7.580261e-01	2.419739e-03	
970	2.994997e-03	7.580261e-01	2.419739e-03	
971	2.994997e-03	7.580261e-01	2.419739e-03	
972	2.994997e-03	7.580261e-01	2.419739e-03	
973	2.994997e-03	7.580261e-01	2.419739e-03	
974	2.994997e-03	7.580261e-01	2.419739e-03	
975	2.994998e-03	7.580261e-01	2.419739e-03	
976	2.994998e-03	7.580261e-01	2.419739e-03	
977	2.994998e-03	7.580261e-01	2.419739e-03	
978	2.994998e-03	7.580261e-01	2.419739e-03	
979	2.994998e-03	7.580261e-01	2.419739e-03	
980	2.994998e-03	7.580261e-01	2.419739e-03	
981	2.994998e-03	7.580261e-01	2.419739e-03	
982	2.994998e-03	7.580261e-01	2.419739e-03	

Index   time            v(4)            i(vd)           
--------------------------------------------------------------------------------
983	2.994998e-03	7.580261e-01	2.419739e-03	
984	2.994998e-03	7.580261e-01	2.419739e-03	
985	2.994999e-03	7.580261e-01	2.419739e-03	
986	2.994999e-03	7.580261e-01	2.419739e-03	
987	2.994999e-03	7.580261e-01	2.419739e-03	
988	2.994999e-03	7.580261e-01	2.419739e-03	
989	2.994999e-03	7.580261e-01	2.419739e-03	
990	2.994999e-03	7.580261e-01	2.419739e-03	
991	2.994999e-03	7.580261e-01	2.419739e-03	
992	2.994999e-03	7.580261e-01	2.419739e-03	
993	2.994999e-03	7.580261e-01	2.419739e-03	
994	2.994999e-03	7.580261e-01	2.419739e-03	
995	2.995000e-03	7.580261e-01	2.419739e-03	
996	2.995000e-03	7.580261e-01	2.419739e-03	
997	2.995000e-03	7.580261e-01	2.419739e-03	
998	2.995000e-03	7.580261e-01	2.419739e-03	
999	2.995000e-03	7.580261e-01	2.419739e-03	
1000	2.995000e-03	7.580261e-01	2.419739e-03	
1001	2.995000e-03	7.580261e-01	2.419739e-03	
1002	2.995000e-03	7.577092e-01	4.229077e-04	
1003	2.995000e-03	7.570731e-01	-3.57073e-03	
1004	2.995000e-03	7.557867e-01	-1.15579e-02	
1005	2.995000e-03	7.548095e-01	-1.75481e-02	
1006	2.995000e-03	7.548001e-01	-1.75480e-02	
1007	2.995000e-03	7.547812e-01	-1.75478e-02	
1008	2.995000e-03	7.547434e-01	-1.75474e-02	
1009	2.995000e-03	7.546676e-01	-1.75467e-02	
1010	2.995000e-03	7.545491e-01	-1.75455e-02	
1011	2.995001e-03	7.544303e-01	-1.75443e-02	
1012	2.995001e-03	7.543112e-01	-1.75431e-02	
1013	2.995001e-03	7.541918e-01	-1.75419e-02	
1014	2.995001e-03	7.540722e-01	-1.75407e-02	
1015	2.995001e-03	7.539523e-01	-1.75395e-02	
1016	2.995001e-03	7.538321e-01	-1.75383e-02	
1017	2.995001e-03	7.537116e-01	-1.75371e-02	
1018	2.995001e-03	7.535908e-01	-1.75359e-02	
1019	2.995001e-03	7.534698e-01	-1.75347e-02	
1020	2.995001e-03	7.533485e-01	-1.75335e-02	
1021	2.995002e-03	7.532268e-01	-1.75323e-02	
1022	2.995002e-03	7.531049e-01	-1.75310e-02	
1023	2.995002e-03	7.529828e-01	-1.75298e-02	
1024	2.995002e-03	7.528603e-01	-1.75286e-02	
1025	2.995002e-03	7.527375e-01	-1.75274e-02	
1026	2.995002e-03	7.526144e-01	-1.75261e-02	
1027	2.995002e-03	7.524911e-01	-1.75249e-02	
1028	2.995002e-03	7.523674e-01	-1.75237e-02	
1029	2.995002e-03	7.522435e-01	-1.75224e-02	
1030	2.995002e-03	7.521193e-01	-1.75212e-02	
1031	2.995003e-03	7.519947e-01	-1.75199e-02	
1032	2.995003e-03	7.518699e-01	-1.75187e-02	
1033	2.995003e-03	7.517447e-01	-1.75174e-02	
1034	2.995003e-03	7.516193e-01	-1.75162e-02	
1035	2.995003e-03	7.514935e-01	-1.75149e-02	
1036	2.995003e-03	7.513674e-01	-1.75137e-02	
1037	2.995003e-03	7.512410e-01	-1.75124e-02	
1038	2.995003e-03	7.511144e-01	-1.75111e-02	
1039	2.995003e-03	7.509873e-01	-1.75099e-02	
1040	2.995003e-03	7.508600e-01	-1.75086e-02	

Index   time            v(4)            i(vd)           
--------------------------------------------------------------------------------
1041	2.995004e-03	7.507324e-01	-1.75073e-02	
1042	2.995004e-03	7.506044e-01	-1.75060e-02	
1043	2.995004e-03	7.504762e-01	-1.75048e-02	
1044	2.995004e-03	7.503476e-01	-1.75035e-02	
1045	2.995004e-03	7.502187e-01	-1.75022e-02	
1046	2.995004e-03	7.500894e-01	-1.75009e-02	
1047	2.995004e-03	7.499599e-01	-1.74996e-02	
1048	2.995004e-03	7.498300e-01	-1.74983e-02	
1049	2.995004e-03	7.496998e-01	-1.74970e-02	
1050	2.995004e-03	7.495692e-01	-1.74957e-02	
1051	2.995005e-03	7.494383e-01	-1.74944e-02	
1052	2.995005e-03	7.493071e-01	-1.74931e-02	
1053	2.995005e-03	7.491755e-01	-1.74918e-02	
1054	2.995005e-03	7.490436e-01	-1.74904e-02	
1055	2.995005e-03	7.489114e-01	-1.74891e-02	
1056	2.995005e-03	7.487788e-01	-1.74878e-02	
1057	2.995005e-03	7.486459e-01	-1.74865e-02	
1058	2.995005e-03	7.485126e-01	-1.74851e-02	
1059	2.995005e-03	7.483790e-01	-1.74838e-02	
1060	2.995005e-03	7.482450e-01	-1.74825e-02	
1061	2.995006e-03	7.481107e-01	-1.74811e-02	
1062	2.995006e-03	7.479760e-01	-1.74798e-02	
1063	2.995006e-03	7.478410e-01	-1.74784e-02	
1064	2.995006e-03	7.477056e-01	-1.74771e-02	
1065	2.995006e-03	7.475699e-01	-1.74757e-02	
1066	2.995006e-03	7.474338e-01	-1.74743e-02	
1067	2.995006e-03	7.472973e-01	-1.74730e-02	
1068	2.995006e-03	7.471605e-01	-1.74716e-02	
1069	2.995006e-03	7.470233e-01	-1.74702e-02	
1070	2.995006e-03	7.468857e-01	-1.74689e-02	
1071	2.995007e-03	7.467477e-01	-1.74675e-02	
1072	2.995007e-03	7.466094e-01	-1.74661e-02	
1073	2.995007e-03	7.464707e-01	-1.74647e-02	
1074	2.995007e-03	7.463317e-01	-1.74633e-02	
1075	2.995007e-03	7.461922e-01	-1.74619e-02	
1076	2.995007e-03	7.460524e-01	-1.74605e-02	
1077	2.995007e-03	7.459121e-01	-1.74591e-02	
1078	2.995007e-03	7.457715e-01	-1.74577e-02	
1079	2.995007e-03	7.456305e-01	-1.74563e-02	
1080	2.995007e-03	7.454891e-01	-1.74549e-02	
1081	2.995008e-03	7.453473e-01	-1.74535e-02	
1082	2.995008e-03	7.452052e-01	-1.74521e-02	
1083	2.995008e-03	7.450626e-01	-1.74506e-02	
1084	2.995008e-03	7.449196e-01	-1.74492e-02	
1085	2.995008e-03	7.447762e-01	-1.74478e-02	
1086	2.995008e-03	7.446324e-01	-1.74463e-02	
1087	2.995008e-03	7.444882e-01	-1.74449e-02	
1088	2.995008e-03	7.443436e-01	-1.74434e-02	
1089	2.995008e-03	7.441986e-01	-1.74420e-02	
1090	2.995008e-03	7.440532e-01	-1.74405e-02	
1091	2.995009e-03	7.439073e-01	-1.74391e-02	
1092	2.995009e-03	7.437610e-01	-1.74376e-02	
1093	2.995009e-03	7.436143e-01	-1.74361e-02	
1094	2.995009e-03	7.434672e-01	-1.74347e-02	
1095	2.995009e-03	7.433197e-01	-1.74332e-02	
1096	2.995009e-03	7.431717e-01	-1.74317e-02	
1097	2.995009e-03	7.430233e-01	-1.74302e-02	
1098	2.995009e-03	7.428744e-01	-1.74287e-02	

Index   time            v(4)            i(vd)           
--------------------------------------------------------------------------------
1099	2.995009e-03	7.427251e-01	-1.74273e-02	
1100	2.995009e-03	7.425754e-01	-1.74258e-02	
1101	2.995010e-03	7.424252e-01	-1.74243e-02	
1102	2.995010e-03	7.422746e-01	-1.74227e-02	
1103	2.995010e-03	7.421235e-01	-1.74212e-02	
1104	2.995010e-03	7.419720e-01	-1.74197e-02	
1105	2.995010e-03	7.418200e-01	-1.74182e-02	
1106	2.995010e-03	7.416675e-01	-1.74167e-02	
1107	2.995010e-03	7.415146e-01	-1.74151e-02	
1108	2.995010e-03	7.413613e-01	-1.74136e-02	
1109	2.995010e-03	7.412074e-01	-1.74121e-02	
1110	2.995010e-03	7.410531e-01	-1.74105e-02	
1111	2.995011e-03	7.408984e-01	-1.74090e-02	
1112	2.995011e-03	7.407431e-01	-1.74074e-02	
1113	2.995011e-03	7.405874e-01	-1.74059e-02	
1114	2.995011e-03	7.404312e-01	-1.74043e-02	
1115	2.995011e-03	7.402745e-01	-1.74027e-02	
1116	2.995011e-03	7.401173e-01	-1.74012e-02	
1117	2.995011e-03	7.399596e-01	-1.73996e-02	
1118	2.995011e-03	7.398014e-01	-1.73980e-02	
1119	2.995011e-03	7.396427e-01	-1.73964e-02	
1120	2.995011e-03	7.394836e-01	-1.73948e-02	
1121	2.995012e-03	7.393239e-01	-1.73932e-02	
1122	2.995012e-03	7.391637e-01	-1.73916e-02	
1123	2.995012e-03	7.390030e-01	-1.73900e-02	
1124	2.995012e-03	7.388418e-01	-1.73884e-02	
1125	2.995012e-03	7.386800e-01	-1.73868e-02	
1126	2.995012e-03	7.385178e-01	-1.73852e-02	
1127	2.995012e-03	7.383550e-01	-1.73835e-02	
1128	2.995012e-03	7.381917e-01	-1.73819e-02	
1129	2.995012e-03	7.380278e-01	-1.73803e-02	
1130	2.995012e-03	7.378635e-01	-1.73786e-02	
1131	2.995013e-03	7.376985e-01	-1.73770e-02	
1132	2.995013e-03	7.375331e-01	-1.73753e-02	
1133	2.995013e-03	7.373671e-01	-1.73737e-02	
1134	2.995013e-03	7.372005e-01	-1.73720e-02	
1135	2.995013e-03	7.370334e-01	-1.73703e-02	
1136	2.995013e-03	7.368657e-01	-1.73687e-02	
1137	2.995013e-03	7.366975e-01	-1.73670e-02	
1138	2.995013e-03	7.365287e-01	-1.73653e-02	
1139	2.995013e-03	7.363593e-01	-1.73636e-02	
1140	2.995013e-03	7.361893e-01	-1.73619e-02	
1141	2.995014e-03	7.360188e-01	-1.73602e-02	
1142	2.995014e-03	7.358477e-01	-1.73585e-02	
1143	2.995014e-03	7.356760e-01	-1.73568e-02	
1144	2.995014e-03	7.355037e-01	-1.73550e-02	
1145	2.995014e-03	7.353308e-01	-1.73533e-02	
1146	2.995014e-03	7.351573e-01	-1.73516e-02	
1147	2.995014e-03	7.349832e-01	-1.73498e-02	
1148	2.995014e-03	7.348085e-01	-1.73481e-02	
1149	2.995014e-03	7.346332e-01	-1.73463e-02	
1150	2.995014e-03	7.344573e-01	-1.73446e-02	
1151	2.995015e-03	7.342808e-01	-1.73428e-02	
1152	2.995015e-03	7.341036e-01	-1.73410e-02	
1153	2.995015e-03	7.339258e-01	-1.73393e-02	
1154	2.995015e-03	7.337473e-01	-1.73375e-02	
1155	2.995015e-03	7.335682e-01	-1.73357e-02	
1156	2.995015e-03	7.333885e-01	-1.73339e-02	

Index   time            v(4)            i(vd)           
--------------------------------------------------------------------------------
1157	2.995015e-03	7.332081e-01	-1.73321e-02	
1158	2.995015e-03	7.330271e-01	-1.73303e-02	
1159	2.995015e-03	7.328454e-01	-1.73285e-02	
1160	2.995015e-03	7.326630e-01	-1.73266e-02	
1161	2.995016e-03	7.324800e-01	-1.73248e-02	
1162	2.995016e-03	7.322963e-01	-1.73230e-02	
1163	2.995016e-03	7.321119e-01	-1.73211e-02	
1164	2.995016e-03	7.319268e-01	-1.73193e-02	
1165	2.995016e-03	7.317411e-01	-1.73174e-02	
1166	2.995016e-03	7.315546e-01	-1.73155e-02	
1167	2.995016e-03	7.313674e-01	-1.73137e-02	
1168	2.995016e-03	7.311796e-01	-1.73118e-02	
1169	2.995016e-03	7.309910e-01	-1.73099e-02	
1170	2.995016e-03	7.308017e-01	-1.73080e-02	
1171	2.995017e-03	7.306116e-01	-1.73061e-02	
1172	2.995017e-03	7.304209e-01	-1.73042e-02	
1173	2.995017e-03	7.302294e-01	-1.73023e-02	
1174	2.995017e-03	7.300371e-01	-1.73004e-02	
1175	2.995017e-03	7.298442e-01	-1.72984e-02	
1176	2.995017e-03	7.296504e-01	-1.72965e-02	
1177	2.995017e-03	7.294559e-01	-1.72946e-02	
1178	2.995017e-03	7.292607e-01	-1.72926e-02	
1179	2.995017e-03	7.290646e-01	-1.72906e-02	
1180	2.995017e-03	7.288678e-01	-1.72887e-02	
1181	2.995018e-03	7.286702e-01	-1.72867e-02	
1182	2.995018e-03	7.284718e-01	-1.72847e-02	
1183	2.995018e-03	7.282726e-01	-1.72827e-02	
1184	2.995018e-03	7.280726e-01	-1.72807e-02	
1185	2.995018e-03	7.278718e-01	-1.72787e-02	
1186	2.995018e-03	7.276702e-01	-1.72767e-02	
1187	2.995018e-03	7.274677e-01	-1.72747e-02	
1188	2.995018e-03	7.272644e-01	-1.72726e-02	
1189	2.995018e-03	7.270603e-01	-1.72706e-02	
1190	2.995018e-03	7.268553e-01	-1.72686e-02	
1191	2.995019e-03	7.266495e-01	-1.72665e-02	
1192	2.995019e-03	7.264428e-01	-1.72644e-02	
1193	2.995019e-03	7.262353e-01	-1.72624e-02	
1194	2.995019e-03	7.260268e-01	-1.72603e-02	
1195	2.995019e-03	7.258175e-01	-1.72582e-02	
1196	2.995019e-03	7.256073e-01	-1.72561e-02	
1197	2.995019e-03	7.253962e-01	-1.72540e-02	
1198	2.995019e-03	7.251842e-01	-1.72518e-02	
1199	2.995019e-03	7.249712e-01	-1.72497e-02	
1200	2.995019e-03	7.247574e-01	-1.72476e-02	
1201	2.995020e-03	7.245426e-01	-1.72454e-02	
1202	2.995020e-03	7.243269e-01	-1.72433e-02	
1203	2.995020e-03	7.241102e-01	-1.72411e-02	
1204	2.995020e-03	7.238925e-01	-1.72389e-02	
1205	2.995020e-03	7.236739e-01	-1.72367e-02	
1206	2.995020e-03	7.234543e-01	-1.72345e-02	
1207	2.995020e-03	7.232338e-01	-1.72323e-02	
1208	2.995020e-03	7.230122e-01	-1.72301e-02	
1209	2.995020e-03	7.227896e-01	-1.72279e-02	
1210	2.995020e-03	7.225661e-01	-1.72257e-02	
1211	2.995021e-03	7.223414e-01	-1.72234e-02	
1212	2.995021e-03	7.221158e-01	-1.72212e-02	
1213	2.995021e-03	7.218891e-01	-1.72189e-02	
1214	2.995021e-03	7.216614e-01	-1.72166e-02	

Index   time            v(4)            i(vd)           
--------------------------------------------------------------------------------
1215	2.995021e-03	7.214326e-01	-1.72143e-02	
1216	2.995021e-03	7.212027e-01	-1.72120e-02	
1217	2.995021e-03	7.209718e-01	-1.72097e-02	
1218	2.995021e-03	7.207398e-01	-1.72074e-02	
1219	2.995021e-03	7.205066e-01	-1.72051e-02	
1220	2.995021e-03	7.202723e-01	-1.72027e-02	
1221	2.995022e-03	7.200370e-01	-1.72004e-02	
1222	2.995022e-03	7.198004e-01	-1.71980e-02	
1223	2.995022e-03	7.195628e-01	-1.71956e-02	
1224	2.995022e-03	7.193239e-01	-1.71932e-02	
1225	2.995022e-03	7.190839e-01	-1.71908e-02	
1226	2.995022e-03	7.188427e-01	-1.71884e-02	
1227	2.995022e-03	7.186004e-01	-1.71860e-02	
1228	2.995022e-03	7.183568e-01	-1.71836e-02	
1229	2.995022e-03	7.181120e-01	-1.71811e-02	
1230	2.995022e-03	7.178659e-01	-1.71787e-02	
1231	2.995023e-03	7.176186e-01	-1.71762e-02	
1232	2.995023e-03	7.173701e-01	-1.71737e-02	
1233	2.995023e-03	7.171202e-01	-1.71712e-02	
1234	2.995023e-03	7.168691e-01	-1.71687e-02	
1235	2.995023e-03	7.166167e-01	-1.71662e-02	
1236	2.995023e-03	7.163630e-01	-1.71636e-02	
1237	2.995023e-03	7.161080e-01	-1.71611e-02	
1238	2.995023e-03	7.158516e-01	-1.71585e-02	
1239	2.995023e-03	7.155938e-01	-1.71559e-02	
1240	2.995023e-03	7.153347e-01	-1.71533e-02	
1241	2.995024e-03	7.150742e-01	-1.71507e-02	
1242	2.995024e-03	7.148123e-01	-1.71481e-02	
1243	2.995024e-03	7.145490e-01	-1.71455e-02	
1244	2.995024e-03	7.142842e-01	-1.71428e-02	
1245	2.995024e-03	7.140180e-01	-1.71402e-02	
1246	2.995024e-03	7.137503e-01	-1.71375e-02	
1247	2.995024e-03	7.134812e-01	-1.71348e-02	
1248	2.995024e-03	7.132105e-01	-1.71321e-02	
1249	2.995024e-03	7.129384e-01	-1.71294e-02	
1250	2.995024e-03	7.126647e-01	-1.71266e-02	
1251	2.995025e-03	7.123894e-01	-1.71239e-02	
1252	2.995025e-03	7.121126e-01	-1.71211e-02	
1253	2.995025e-03	7.118342e-01	-1.71183e-02	
1254	2.995025e-03	7.115542e-01	-1.71155e-02	
1255	2.995025e-03	7.112725e-01	-1.71127e-02	
1256	2.995025e-03	7.109892e-01	-1.71099e-02	
1257	2.995025e-03	7.107043e-01	-1.71070e-02	
1258	2.995025e-03	7.104176e-01	-1.71042e-02	
1259	2.995025e-03	7.101293e-01	-1.71013e-02	
1260	2.995025e-03	7.098392e-01	-1.70984e-02	
1261	2.995026e-03	7.095474e-01	-1.70955e-02	
1262	2.995026e-03	7.092538e-01	-1.70925e-02	
1263	2.995026e-03	7.089584e-01	-1.70896e-02	
1264	2.995026e-03	7.086612e-01	-1.70866e-02	
1265	2.995026e-03	7.083622e-01	-1.70836e-02	
1266	2.995026e-03	7.080613e-01	-1.70806e-02	
1267	2.995026e-03	7.077585e-01	-1.70776e-02	
1268	2.995026e-03	7.074538e-01	-1.70745e-02	
1269	2.995026e-03	7.071472e-01	-1.70715e-02	
1270	2.995026e-03	7.068386e-01	-1.70684e-02	
1271	2.995027e-03	7.065280e-01	-1.70653e-02	
1272	2.995027e-03	7.062155e-01	-1.70622e-02	

Index   time            v(4)            i(vd)           
--------------------------------------------------------------------------------
1273	2.995027e-03	7.059008e-01	-1.70590e-02	
1274	2.995027e-03	7.055842e-01	-1.70558e-02	
1275	2.995027e-03	7.052654e-01	-1.70527e-02	
1276	2.995027e-03	7.049445e-01	-1.70494e-02	
1277	2.995027e-03	7.046214e-01	-1.70462e-02	
1278	2.995027e-03	7.042962e-01	-1.70430e-02	
1279	2.995027e-03	7.039687e-01	-1.70397e-02	
1280	2.995027e-03	7.036391e-01	-1.70364e-02	
1281	2.995028e-03	7.033071e-01	-1.70331e-02	
1282	2.995028e-03	7.029728e-01	-1.70297e-02	
1283	2.995028e-03	7.026362e-01	-1.70264e-02	
1284	2.995028e-03	7.022973e-01	-1.70230e-02	
1285	2.995028e-03	7.019559e-01	-1.70196e-02	
1286	2.995028e-03	7.016120e-01	-1.70161e-02	
1287	2.995028e-03	7.012657e-01	-1.70127e-02	
1288	2.995028e-03	7.009169e-01	-1.70092e-02	
1289	2.995028e-03	7.005656e-01	-1.70057e-02	
1290	2.995028e-03	7.002116e-01	-1.70021e-02	
1291	2.995029e-03	6.998550e-01	-1.69986e-02	
1292	2.995029e-03	6.994957e-01	-1.69950e-02	
1293	2.995029e-03	6.991338e-01	-1.69913e-02	
1294	2.995029e-03	6.987691e-01	-1.69877e-02	
1295	2.995029e-03	6.984015e-01	-1.69840e-02	
1296	2.995029e-03	6.980312e-01	-1.69803e-02	
1297	2.995029e-03	6.976579e-01	-1.69766e-02	
1298	2.995029e-03	6.972818e-01	-1.69728e-02	
1299	2.995029e-03	6.969026e-01	-1.69690e-02	
1300	2.995029e-03	6.965204e-01	-1.69652e-02	
1301	2.995030e-03	6.961352e-01	-1.69614e-02	
1302	2.995030e-03	6.957468e-01	-1.69575e-02	
1303	2.995030e-03	6.953552e-01	-1.69536e-02	
1304	2.995030e-03	6.949604e-01	-1.69496e-02	
1305	2.995030e-03	6.945623e-01	-1.69456e-02	
1306	2.995030e-03	6.941609e-01	-1.69416e-02	
1307	2.995030e-03	6.937561e-01	-1.69376e-02	
1308	2.995030e-03	6.933478e-01	-1.69335e-02	
1309	2.995030e-03	6.929360e-01	-1.69294e-02	
1310	2.995030e-03	6.925206e-01	-1.69252e-02	
1311	2.995031e-03	6.921015e-01	-1.69210e-02	
1312	2.995031e-03	6.916788e-01	-1.69168e-02	
1313	2.995031e-03	6.912522e-01	-1.69125e-02	
1314	2.995031e-03	6.908218e-01	-1.69082e-02	
1315	2.995031e-03	6.903875e-01	-1.69039e-02	
1316	2.995031e-03	6.899492e-01	-1.68995e-02	
1317	2.995031e-03	6.895068e-01	-1.68951e-02	
1318	2.995031e-03	6.890603e-01	-1.68906e-02	
1319	2.995031e-03	6.886096e-01	-1.68861e-02	
1320	2.995031e-03	6.881545e-01	-1.68815e-02	
1321	2.995032e-03	6.876950e-01	-1.68770e-02	
1322	2.995032e-03	6.872311e-01	-1.68723e-02	
1323	2.995032e-03	6.867626e-01	-1.68676e-02	
1324	2.995032e-03	6.862894e-01	-1.68629e-02	
1325	2.995032e-03	6.858115e-01	-1.68581e-02	
1326	2.995032e-03	6.853287e-01	-1.68533e-02	
1327	2.995032e-03	6.848409e-01	-1.68484e-02	
1328	2.995032e-03	6.843481e-01	-1.68435e-02	
1329	2.995032e-03	6.838501e-01	-1.68385e-02	
1330	2.995032e-03	6.833469e-01	-1.68335e-02	

Index   time            v(4)            i(vd)           
--------------------------------------------------------------------------------
1331	2.995033e-03	6.828382e-01	-1.68284e-02	
1332	2.995033e-03	6.823240e-01	-1.68232e-02	
1333	2.995033e-03	6.818042e-01	-1.68180e-02	
1334	2.995033e-03	6.812786e-01	-1.68128e-02	
1335	2.995033e-03	6.807472e-01	-1.68075e-02	
1336	2.995033e-03	6.802097e-01	-1.68021e-02	
1337	2.995033e-03	6.796660e-01	-1.67967e-02	
1338	2.995033e-03	6.791160e-01	-1.67912e-02	
1339	2.995033e-03	6.785595e-01	-1.67856e-02	
1340	2.995033e-03	6.779965e-01	-1.67800e-02	
1341	2.995034e-03	6.774266e-01	-1.67743e-02	
1342	2.995034e-03	6.768498e-01	-1.67685e-02	
1343	2.995034e-03	6.762658e-01	-1.67627e-02	
1344	2.995034e-03	6.756746e-01	-1.67567e-02	
1345	2.995034e-03	6.750759e-01	-1.67508e-02	
1346	2.995034e-03	6.744694e-01	-1.67447e-02	
1347	2.995034e-03	6.738551e-01	-1.67386e-02	
1348	2.995034e-03	6.732327e-01	-1.67323e-02	
1349	2.995034e-03	6.726019e-01	-1.67260e-02	
1350	2.995034e-03	6.719626e-01	-1.67196e-02	
1351	2.995035e-03	6.713146e-01	-1.67131e-02	
1352	2.995035e-03	6.706575e-01	-1.67066e-02	
1353	2.995035e-03	6.699911e-01	-1.66999e-02	
1354	2.995035e-03	6.693151e-01	-1.66932e-02	
1355	2.995035e-03	6.686293e-01	-1.66863e-02	
1356	2.995035e-03	6.679334e-01	-1.66793e-02	
1357	2.995035e-03	6.672270e-01	-1.66723e-02	
1358	2.995035e-03	6.665098e-01	-1.66651e-02	
1359	2.995035e-03	6.657816e-01	-1.66578e-02	
1360	2.995035e-03	6.650419e-01	-1.66504e-02	
1361	2.995036e-03	6.642904e-01	-1.66429e-02	
1362	2.995036e-03	6.635266e-01	-1.66353e-02	
1363	2.995036e-03	6.627503e-01	-1.66275e-02	
1364	2.995036e-03	6.619609e-01	-1.66196e-02	
1365	2.995036e-03	6.611580e-01	-1.66116e-02	
1366	2.995036e-03	6.603411e-01	-1.66034e-02	
1367	2.995036e-03	6.595098e-01	-1.65951e-02	
1368	2.995036e-03	6.586635e-01	-1.65866e-02	
1369	2.995036e-03	6.578016e-01	-1.65780e-02	
1370	2.995036e-03	6.569236e-01	-1.65692e-02	
1371	2.995037e-03	6.560288e-01	-1.65603e-02	
1372	2.995037e-03	6.551167e-01	-1.65512e-02	
1373	2.995037e-03	6.541864e-01	-1.65419e-02	
1374	2.995037e-03	6.532372e-01	-1.65324e-02	
1375	2.995037e-03	6.522685e-01	-1.65227e-02	
1376	2.995037e-03	6.512792e-01	-1.65128e-02	
1377	2.995037e-03	6.502686e-01	-1.65027e-02	
1378	2.995037e-03	6.492357e-01	-1.64924e-02	
1379	2.995037e-03	6.481794e-01	-1.64818e-02	
1380	2.995037e-03	6.470987e-01	-1.64710e-02	
1381	2.995038e-03	6.459925e-01	-1.64599e-02	
1382	2.995038e-03	6.448594e-01	-1.64486e-02	
1383	2.995038e-03	6.436982e-01	-1.64370e-02	
1384	2.995038e-03	6.425074e-01	-1.64251e-02	
1385	2.995038e-03	6.412854e-01	-1.64129e-02	
1386	2.995038e-03	6.400306e-01	-1.64003e-02	
1387	2.995038e-03	6.387410e-01	-1.63874e-02	
1388	2.995038e-03	6.374149e-01	-1.63741e-02	

Index   time            v(4)            i(vd)           
--------------------------------------------------------------------------------
1389	2.995038e-03	6.360499e-01	-1.63605e-02	
1390	2.995038e-03	6.346438e-01	-1.63464e-02	
1391	2.995039e-03	6.331939e-01	-1.63319e-02	
1392	2.995039e-03	6.316974e-01	-1.63170e-02	
1393	2.995039e-03	6.301514e-01	-1.63015e-02	
1394	2.995039e-03	6.285522e-01	-1.62855e-02	
1395	2.995039e-03	6.268961e-01	-1.62690e-02	
1396	2.995039e-03	6.251790e-01	-1.62518e-02	
1397	2.995039e-03	6.233961e-01	-1.62340e-02	
1398	2.995039e-03	6.215422e-01	-1.62154e-02	
1399	2.995039e-03	6.196113e-01	-1.61961e-02	
1400	2.995039e-03	6.175968e-01	-1.61760e-02	
1401	2.995040e-03	6.154911e-01	-1.61549e-02	
1402	2.995040e-03	6.132854e-01	-1.61329e-02	
1403	2.995040e-03	6.109699e-01	-1.61097e-02	
1404	2.995040e-03	6.085330e-01	-1.60853e-02	
1405	2.995040e-03	6.059612e-01	-1.60596e-02	
1406	2.995040e-03	6.032386e-01	-1.60324e-02	
1407	2.995040e-03	6.003466e-01	-1.60035e-02	
1408	2.995040e-03	5.972625e-01	-1.59726e-02	
1409	2.995040e-03	5.939591e-01	-1.59396e-02	
1410	2.995040e-03	5.904026e-01	-1.59040e-02	
1411	2.995041e-03	5.865513e-01	-1.58655e-02	
1412	2.995041e-03	5.823517e-01	-1.58235e-02	
1413	2.995041e-03	5.777348e-01	-1.57773e-02	
1414	2.995041e-03	5.726086e-01	-1.57261e-02	
1415	2.995041e-03	5.668474e-01	-1.56685e-02	
1416	2.995041e-03	5.602725e-01	-1.56027e-02	
1417	2.995041e-03	5.526181e-01	-1.55262e-02	
1418	2.995041e-03	5.434648e-01	-1.54346e-02	
1419	2.995041e-03	5.320944e-01	-1.53209e-02	
1420	2.995041e-03	5.171291e-01	-1.51713e-02	
1421	2.995042e-03	4.947966e-01	-1.49480e-02	
1422	2.995042e-03	4.502138e-01	-1.45021e-02	
1423	2.995042e-03	-2.06863e-01	-7.93137e-03	
1424	2.995042e-03	-1.12911e+00	1.291075e-03	
1425	2.995042e-03	-9.96394e-01	-3.60620e-05	
1426	2.995042e-03	-9.99672e-01	-3.27557e-06	
1427	2.995042e-03	-9.99991e-01	-8.82981e-08	
1428	2.995042e-03	-1.00000e+00	1.536342e-08	
1429	2.995042e-03	-1.00000e+00	-2.85088e-09	
1430	2.995042e-03	-1.00000e+00	3.495390e-10	
1431	2.995042e-03	-1.00000e+00	-2.12784e-10	
1432	2.995043e-03	-1.00000e+00	-1.13978e-10	
1433	2.995043e-03	-1.00000e+00	-1.31338e-10	
1434	2.995043e-03	-1.00000e+00	-1.28289e-10	
1435	2.995043e-03	-1.00000e+00	-1.28825e-10	
1436	2.995043e-03	-1.00000e+00	-1.28731e-10	
1437	2.995043e-03	-1.00000e+00	-1.28747e-10	
1438	2.995043e-03	-1.00000e+00	-1.28744e-10	
1439	2.995043e-03	-1.00000e+00	-1.28744e-10	
1440	2.995043e-03	-1.00000e+00	-1.28743e-10	
1441	2.995043e-03	-1.00000e+00	-1.28743e-10	
1442	2.995044e-03	-1.00000e+00	-1.28743e-10	
1443	2.995044e-03	-1.00000e+00	-1.28743e-10	
1444	2.995044e-03	-1.00000e+00	-1.28743e-10	
1445	2.995044e-03	-1.00000e+00	-1.28743e-10	
1446	2.995044e-03	-1.00000e+00	-1.28743e-10	

Index   time            v(4)            i(vd)           
--------------------------------------------------------------------------------
1447	2.995044e-03	-1.00000e+00	-1.28743e-10	
1448	2.995044e-03	-1.00000e+00	-1.28743e-10	
1449	2.995044e-03	-1.00000e+00	-1.28743e-10	
1450	2.995044e-03	-1.00000e+00	-1.28743e-10	
1451	2.995044e-03	-1.00000e+00	-1.28743e-10	
1452	2.995045e-03	-1.00000e+00	-1.28743e-10	
1453	2.995045e-03	-1.00000e+00	-1.28743e-10	
1454	2.995045e-03	-1.00000e+00	-1.28743e-10	
1455	2.995045e-03	-1.00000e+00	-1.28743e-10	
1456	2.995045e-03	-1.00000e+00	-1.28743e-10	
1457	2.995045e-03	-1.00000e+00	-1.28743e-10	
1458	2.995045e-03	-1.00000e+00	-1.28743e-10	
1459	2.995045e-03	-1.00000e+00	-1.28743e-10	
1460	2.995045e-03	-1.00000e+00	-1.28743e-10	
1461	2.995045e-03	-1.00000e+00	-1.28743e-10	
1462	2.995046e-03	-1.00000e+00	-1.28743e-10	
1463	2.995046e-03	-1.00000e+00	-1.28743e-10	
1464	2.995046e-03	-1.00000e+00	-1.28743e-10	
1465	2.995046e-03	-1.00000e+00	-1.28743e-10	
1466	2.995046e-03	-1.00000e+00	-1.28743e-10	
1467	2.995046e-03	-1.00000e+00	-1.28743e-10	
1468	2.995046e-03	-1.00000e+00	-1.28743e-10	
1469	2.995046e-03	-1.00000e+00	-1.28743e-10	
1470	2.995046e-03	-1.00000e+00	-1.28743e-10	
1471	2.995046e-03	-1.00000e+00	-1.28743e-10	
1472	2.995047e-03	-1.00000e+00	-1.28743e-10	
1473	2.995047e-03	-1.00000e+00	-1.28743e-10	
1474	2.995047e-03	-1.00000e+00	-1.28743e-10	
1475	2.995047e-03	-1.00000e+00	-1.28743e-10	
1476	2.995047e-03	-1.00000e+00	-1.28743e-10	
1477	2.995047e-03	-1.00000e+00	-1.28743e-10	
1478	2.995047e-03	-1.00000e+00	-1.28743e-10	
1479	2.995047e-03	-1.00000e+00	-1.28743e-10	
1480	2.995047e-03	-1.00000e+00	-1.28743e-10	
1481	2.995047e-03	-1.00000e+00	-1.28743e-10	
1482	2.995048e-03	-1.00000e+00	-1.28743e-10	
1483	2.995048e-03	-1.00000e+00	-1.28743e-10	
1484	2.995048e-03	-1.00000e+00	-1.28743e-10	
1485	2.995048e-03	-1.00000e+00	-1.28743e-10	
1486	2.995048e-03	-1.00000e+00	-1.28743e-10	
1487	2.995048e-03	-1.00000e+00	-1.28743e-10	
1488	2.995048e-03	-1.00000e+00	-1.28743e-10	
1489	2.995048e-03	-1.00000e+00	-1.28743e-10	
1490	2.995048e-03	-1.00000e+00	-1.28743e-10	
1491	2.995048e-03	-1.00000e+00	-1.28743e-10	
1492	2.995049e-03	-1.00000e+00	-1.28743e-10	
1493	2.995049e-03	-1.00000e+00	-1.28743e-10	
1494	2.995049e-03	-1.00000e+00	-1.28743e-10	
1495	2.995049e-03	-1.00000e+00	-1.28743e-10	
1496	2.995049e-03	-1.00000e+00	-1.28743e-10	
1497	2.995049e-03	-1.00000e+00	-1.28743e-10	
1498	2.995049e-03	-1.00000e+00	-1.28743e-10	
1499	2.995049e-03	-1.00000e+00	-1.28743e-10	
1500	2.995049e-03	-1.00000e+00	-1.28743e-10	
1501	2.995049e-03	-1.00000e+00	-1.28743e-10	
1502	2.995050e-03	-1.00000e+00	-1.28743e-10	
1503	2.995050e-03	-1.00000e+00	-1.28743e-10	
1504	2.995050e-03	-1.00000e+00	-1.28743e-10	

Index   time            v(4)            i(vd)           
--------------------------------------------------------------------------------
1505	2.995050e-03	-1.00000e+00	-1.28743e-10	
1506	2.995050e-03	-1.00000e+00	-1.28743e-10	
1507	2.995050e-03	-1.00000e+00	-1.28743e-10	
1508	2.995050e-03	-1.00000e+00	-1.28743e-10	
1509	2.995050e-03	-1.00000e+00	-1.28743e-10	
1510	2.995050e-03	-1.00000e+00	-1.28743e-10	
1511	2.995050e-03	-1.00000e+00	-1.28743e-10	
1512	2.995051e-03	-1.00000e+00	-1.28743e-10	
1513	2.995051e-03	-1.00000e+00	-1.28743e-10	
1514	2.995051e-03	-1.00000e+00	-1.28743e-10	
1515	2.995051e-03	-1.00000e+00	-1.28743e-10	
1516	2.995051e-03	-1.00000e+00	-1.28743e-10	
1517	2.995051e-03	-1.00000e+00	-1.28743e-10	
1518	2.995051e-03	-1.00000e+00	-1.28743e-10	
1519	2.995051e-03	-1.00000e+00	-1.28743e-10	
1520	2.995051e-03	-1.00000e+00	-1.28743e-10	
1521	2.995051e-03	-1.00000e+00	-1.28743e-10	
1522	2.995052e-03	-1.00000e+00	-1.28743e-10	
1523	2.995052e-03	-1.00000e+00	-1.28743e-10	
1524	2.995052e-03	-1.00000e+00	-1.28743e-10	
1525	2.995052e-03	-1.00000e+00	-1.28743e-10	
1526	2.995052e-03	-1.00000e+00	-1.28743e-10	
1527	2.995052e-03	-1.00000e+00	-1.28743e-10	
1528	2.995052e-03	-1.00000e+00	-1.28743e-10	
1529	2.995052e-03	-1.00000e+00	-1.28743e-10	
1530	2.995052e-03	-1.00000e+00	-1.28743e-10	
1531	2.995052e-03	-1.00000e+00	-1.28743e-10	
1532	2.995053e-03	-1.00000e+00	-1.28743e-10	
1533	2.995053e-03	-1.00000e+00	-1.28743e-10	
1534	2.995053e-03	-1.00000e+00	-1.28743e-10	
1535	2.995053e-03	-1.00000e+00	-1.28743e-10	
1536	2.995053e-03	-1.00000e+00	-1.28743e-10	
1537	2.995053e-03	-1.00000e+00	-1.28743e-10	
1538	2.995053e-03	-1.00000e+00	-1.28743e-10	
1539	2.995053e-03	-1.00000e+00	-1.28743e-10	
1540	2.995053e-03	-1.00000e+00	-1.28743e-10	
1541	2.995053e-03	-1.00000e+00	-1.28743e-10	
1542	2.995054e-03	-1.00000e+00	-1.28743e-10	
1543	2.995054e-03	-1.00000e+00	-1.28743e-10	
1544	2.995054e-03	-1.00000e+00	-1.28743e-10	
1545	2.995054e-03	-1.00000e+00	-1.28743e-10	
1546	2.995054e-03	-1.00000e+00	-1.28743e-10	
1547	2.995054e-03	-1.00000e+00	-1.28743e-10	
1548	2.995054e-03	-1.00000e+00	-1.28743e-10	
1549	2.995054e-03	-1.00000e+00	-1.28743e-10	
1550	2.995054e-03	-1.00000e+00	-1.28743e-10	
1551	2.995054e-03	-1.00000e+00	-1.28743e-10	
1552	2.995055e-03	-1.00000e+00	-1.28743e-10	
1553	2.995055e-03	-1.00000e+00	-1.28743e-10	
1554	2.995055e-03	-1.00000e+00	-1.28743e-10	
1555	2.995055e-03	-1.00000e+00	-1.28743e-10	
1556	2.995055e-03	-1.00000e+00	-1.28743e-10	
1557	2.995055e-03	-1.00000e+00	-1.28743e-10	
1558	2.995055e-03	-1.00000e+00	-1.28743e-10	
1559	2.995055e-03	-1.00000e+00	-1.28743e-10	
1560	2.995055e-03	-1.00000e+00	-1.28743e-10	
1561	2.995055e-03	-1.00000e+00	-1.28743e-10	
1562	2.995056e-03	-1.00000e+00	-1.28743e-10	

Index   time            v(4)            i(vd)           
--------------------------------------------------------------------------------
1563	2.995056e-03	-1.00000e+00	-1.28743e-10	
1564	2.995056e-03	-1.00000e+00	-1.28743e-10	
1565	2.995056e-03	-1.00000e+00	-1.28743e-10	
1566	2.995056e-03	-1.00000e+00	-1.28743e-10	
1567	2.995056e-03	-1.00000e+00	-1.28743e-10	
1568	2.995056e-03	-1.00000e+00	-1.28743e-10	
1569	2.995056e-03	-1.00000e+00	-1.28743e-10	
1570	2.995056e-03	-1.00000e+00	-1.28743e-10	
1571	2.995056e-03	-1.00000e+00	-1.28743e-10	
1572	2.995057e-03	-1.00000e+00	-1.28743e-10	
1573	2.995057e-03	-1.00000e+00	-1.28743e-10	
1574	2.995057e-03	-1.00000e+00	-1.28743e-10	
1575	2.995057e-03	-1.00000e+00	-1.28743e-10	
1576	2.995057e-03	-1.00000e+00	-1.28743e-10	
1577	2.995057e-03	-1.00000e+00	-1.28743e-10	
1578	2.995057e-03	-1.00000e+00	-1.28743e-10	
1579	2.995057e-03	-1.00000e+00	-1.28743e-10	
1580	2.995057e-03	-1.00000e+00	-1.28743e-10	
1581	2.995057e-03	-1.00000e+00	-1.28743e-10	
1582	2.995058e-03	-1.00000e+00	-1.28743e-10	
1583	2.995058e-03	-1.00000e+00	-1.28743e-10	
1584	2.995058e-03	-1.00000e+00	-1.28743e-10	
1585	2.995058e-03	-1.00000e+00	-1.28743e-10	
1586	2.995058e-03	-1.00000e+00	-1.28743e-10	
1587	2.995058e-03	-1.00000e+00	-1.28743e-10	
1588	2.995058e-03	-1.00000e+00	-1.28743e-10	
1589	2.995058e-03	-1.00000e+00	-1.28743e-10	
1590	2.995058e-03	-1.00000e+00	-1.28743e-10	
1591	2.995058e-03	-1.00000e+00	-1.28743e-10	
1592	2.995059e-03	-1.00000e+00	-1.28743e-10	
1593	2.995059e-03	-1.00000e+00	-1.28743e-10	
1594	2.995059e-03	-1.00000e+00	-1.28743e-10	
1595	2.995059e-03	-1.00000e+00	-1.28743e-10	
1596	2.995059e-03	-1.00000e+00	-1.28743e-10	
1597	2.995059e-03	-1.00000e+00	-1.28743e-10	
1598	2.995059e-03	-1.00000e+00	-1.28743e-10	
1599	2.995059e-03	-1.00000e+00	-1.28743e-10	
1600	2.995059e-03	-1.00000e+00	-1.28743e-10	
1601	2.995059e-03	-1.00000e+00	-1.28743e-10	
1602	2.995060e-03	-1.00000e+00	-1.28743e-10	
1603	2.995060e-03	-1.00000e+00	-1.28743e-10	
1604	2.995060e-03	-1.00000e+00	-1.28743e-10	
1605	2.995060e-03	-1.00000e+00	-1.28743e-10	
1606	2.995060e-03	-1.00000e+00	-1.28743e-10	
1607	2.995060e-03	-1.00000e+00	-1.28743e-10	
1608	2.995060e-03	-1.00000e+00	-1.28743e-10	
1609	2.995060e-03	-1.00000e+00	-1.28743e-10	
1610	2.995060e-03	-1.00000e+00	-1.28743e-10	
1611	2.995060e-03	-1.00000e+00	-1.28743e-10	
1612	2.995061e-03	-1.00000e+00	-1.28743e-10	
1613	2.995061e-03	-1.00000e+00	-1.28743e-10	
1614	2.995061e-03	-1.00000e+00	-1.28743e-10	
1615	2.995061e-03	-1.00000e+00	-1.28743e-10	
1616	2.995061e-03	-1.00000e+00	-1.28743e-10	
1617	2.995061e-03	-1.00000e+00	-1.28743e-10	
1618	2.995061e-03	-1.00000e+00	-1.28743e-10	
1619	2.995061e-03	-1.00000e+00	-1.28743e-10	
1620	2.995061e-03	-1.00000e+00	-1.28743e-10	

Index   time            v(4)            i(vd)           
--------------------------------------------------------------------------------
1621	2.995061e-03	-1.00000e+00	-1.28743e-10	
1622	2.995062e-03	-1.00000e+00	-1.28743e-10	
1623	2.995062e-03	-1.00000e+00	-1.28743e-10	
1624	2.995062e-03	-1.00000e+00	-1.28743e-10	
1625	2.995062e-03	-1.00000e+00	-1.28743e-10	
1626	2.995062e-03	-1.00000e+00	-1.28743e-10	
1627	2.995062e-03	-1.00000e+00	-1.28743e-10	
1628	2.995062e-03	-1.00000e+00	-1.28743e-10	
1629	2.995062e-03	-1.00000e+00	-1.28743e-10	
1630	2.995062e-03	-1.00000e+00	-1.28743e-10	
1631	2.995062e-03	-1.00000e+00	-1.28743e-10	
1632	2.995063e-03	-1.00000e+00	-1.28743e-10	
1633	2.995063e-03	-1.00000e+00	-1.28743e-10	
1634	2.995063e-03	-1.00000e+00	-1.28743e-10	
1635	2.995063e-03	-1.00000e+00	-1.28743e-10	
1636	2.995063e-03	-1.00000e+00	-1.28743e-10	
1637	2.995063e-03	-1.00000e+00	-1.28743e-10	
1638	2.995063e-03	-1.00000e+00	-1.28743e-10	
1639	2.995063e-03	-1.00000e+00	-1.28743e-10	
1640	2.995063e-03	-1.00000e+00	-1.28743e-10	
1641	2.995063e-03	-1.00000e+00	-1.28743e-10	
1642	2.995064e-03	-1.00000e+00	-1.28743e-10	
1643	2.995064e-03	-1.00000e+00	-1.28743e-10	
1644	2.995064e-03	-1.00000e+00	-1.28743e-10	
1645	2.995064e-03	-1.00000e+00	-1.28743e-10	
1646	2.995064e-03	-1.00000e+00	-1.28743e-10	
1647	2.995064e-03	-1.00000e+00	-1.28743e-10	
1648	2.995064e-03	-1.00000e+00	-1.28743e-10	
1649	2.995064e-03	-1.00000e+00	-1.28743e-10	
1650	2.995064e-03	-1.00000e+00	-1.28743e-10	
1651	2.995064e-03	-1.00000e+00	-1.28743e-10	
1652	2.995065e-03	-1.00000e+00	-1.28743e-10	
1653	2.995065e-03	-1.00000e+00	-1.28743e-10	
1654	2.995065e-03	-1.00000e+00	-1.28743e-10	
1655	2.995065e-03	-1.00000e+00	-1.28743e-10	
1656	2.995065e-03	-1.00000e+00	-1.28743e-10	
1657	2.995065e-03	-1.00000e+00	-1.28743e-10	
1658	2.995065e-03	-1.00000e+00	-1.28743e-10	
1659	2.995065e-03	-1.00000e+00	-1.28743e-10	
1660	2.995065e-03	-1.00000e+00	-1.28743e-10	
1661	2.995065e-03	-1.00000e+00	-1.28743e-10	
1662	2.995066e-03	-1.00000e+00	-1.28743e-10	
1663	2.995066e-03	-1.00000e+00	-1.28743e-10	
1664	2.995066e-03	-1.00000e+00	-1.28743e-10	
1665	2.995066e-03	-1.00000e+00	-1.28743e-10	
1666	2.995066e-03	-1.00000e+00	-1.28743e-10	
1667	2.995066e-03	-1.00000e+00	-1.28743e-10	
1668	2.995066e-03	-1.00000e+00	-1.28743e-10	
1669	2.995066e-03	-1.00000e+00	-1.28743e-10	
1670	2.995066e-03	-1.00000e+00	-1.28743e-10	
1671	2.995066e-03	-1.00000e+00	-1.28743e-10	
1672	2.995067e-03	-1.00000e+00	-1.28743e-10	
1673	2.995067e-03	-1.00000e+00	-1.28743e-10	
1674	2.995067e-03	-1.00000e+00	-1.28743e-10	
1675	2.995067e-03	-1.00000e+00	-1.28743e-10	
1676	2.995067e-03	-1.00000e+00	-1.28743e-10	
1677	2.995067e-03	-1.00000e+00	-1.28743e-10	
1678	2.995067e-03	-1.00000e+00	-1.28743e-10	

Index   time            v(4)            i(vd)           
--------------------------------------------------------------------------------
1679	2.995067e-03	-1.00000e+00	-1.28743e-10	
1680	2.995067e-03	-1.00000e+00	-1.28743e-10	
1681	2.995067e-03	-1.00000e+00	-1.28743e-10	
1682	2.995068e-03	-1.00000e+00	-1.28743e-10	
1683	2.995068e-03	-1.00000e+00	-1.28743e-10	
1684	2.995068e-03	-1.00000e+00	-1.28743e-10	
1685	2.995068e-03	-1.00000e+00	-1.28743e-10	
1686	2.995068e-03	-1.00000e+00	-1.28743e-10	
1687	2.995068e-03	-1.00000e+00	-1.28743e-10	
1688	2.995068e-03	-1.00000e+00	-1.28743e-10	
1689	2.995068e-03	-1.00000e+00	-1.28743e-10	
1690	2.995068e-03	-1.00000e+00	-1.28743e-10	
1691	2.995068e-03	-1.00000e+00	-1.28743e-10	
1692	2.995069e-03	-1.00000e+00	-1.28743e-10	
1693	2.995069e-03	-1.00000e+00	-1.28743e-10	
1694	2.995069e-03	-1.00000e+00	-1.28743e-10	
1695	2.995069e-03	-1.00000e+00	-1.28743e-10	
1696	2.995069e-03	-1.00000e+00	-1.28743e-10	
1697	2.995069e-03	-1.00000e+00	-1.28743e-10	
1698	2.995069e-03	-1.00000e+00	-1.28743e-10	
1699	2.995069e-03	-1.00000e+00	-1.28743e-10	
1700	2.995069e-03	-1.00000e+00	-1.28743e-10	
1701	2.995069e-03	-1.00000e+00	-1.28743e-10	
1702	2.995070e-03	-1.00000e+00	-1.28743e-10	
1703	2.995070e-03	-1.00000e+00	-1.28743e-10	
1704	2.995070e-03	-1.00000e+00	-1.28743e-10	
1705	2.995070e-03	-1.00000e+00	-1.28743e-10	
1706	2.995070e-03	-1.00000e+00	-1.28743e-10	
1707	2.995070e-03	-1.00000e+00	-1.28743e-10	
1708	2.995070e-03	-1.00000e+00	-1.28743e-10	
1709	2.995070e-03	-1.00000e+00	-1.28743e-10	
1710	2.995070e-03	-1.00000e+00	-1.28743e-10	
1711	2.995070e-03	-1.00000e+00	-1.28743e-10	
1712	2.995071e-03	-1.00000e+00	-1.28743e-10	
1713	2.995071e-03	-1.00000e+00	-1.28743e-10	
1714	2.995071e-03	-1.00000e+00	-1.28743e-10	
1715	2.995071e-03	-1.00000e+00	-1.28743e-10	
1716	2.995071e-03	-1.00000e+00	-1.28743e-10	
1717	2.995071e-03	-1.00000e+00	-1.28743e-10	
1718	2.995071e-03	-1.00000e+00	-1.28743e-10	
1719	2.995071e-03	-1.00000e+00	-1.28743e-10	
1720	2.995071e-03	-1.00000e+00	-1.28743e-10	
1721	2.995071e-03	-1.00000e+00	-1.28743e-10	
1722	2.995072e-03	-1.00000e+00	-1.28743e-10	
1723	2.995072e-03	-1.00000e+00	-1.28743e-10	
1724	2.995072e-03	-1.00000e+00	-1.28743e-10	
1725	2.995072e-03	-1.00000e+00	-1.28743e-10	
1726	2.995072e-03	-1.00000e+00	-1.28743e-10	
1727	2.995072e-03	-1.00000e+00	-1.28743e-10	
1728	2.995072e-03	-1.00000e+00	-1.28743e-10	
1729	2.995072e-03	-1.00000e+00	-1.28743e-10	
1730	2.995072e-03	-1.00000e+00	-1.28743e-10	
1731	2.995072e-03	-1.00000e+00	-1.28743e-10	
1732	2.995073e-03	-1.00000e+00	-1.28743e-10	
1733	2.995073e-03	-1.00000e+00	-1.28743e-10	
1734	2.995073e-03	-1.00000e+00	-1.28743e-10	
1735	2.995073e-03	-1.00000e+00	-1.28743e-10	
1736	2.995073e-03	-1.00000e+00	-1.28743e-10	

Index   time            v(4)            i(vd)           
--------------------------------------------------------------------------------
1737	2.995073e-03	-1.00000e+00	-1.28743e-10	
1738	2.995073e-03	-1.00000e+00	-1.28743e-10	
1739	2.995073e-03	-1.00000e+00	-1.28743e-10	
1740	2.995073e-03	-1.00000e+00	-1.28743e-10	
1741	2.995073e-03	-1.00000e+00	-1.28743e-10	
1742	2.995074e-03	-1.00000e+00	-1.28743e-10	
1743	2.995074e-03	-1.00000e+00	-1.28743e-10	
1744	2.995074e-03	-1.00000e+00	-1.28743e-10	
1745	2.995074e-03	-1.00000e+00	-1.28743e-10	
1746	2.995074e-03	-1.00000e+00	-1.28743e-10	
1747	2.995074e-03	-1.00000e+00	-1.28743e-10	
1748	2.995074e-03	-1.00000e+00	-1.28743e-10	
1749	2.995074e-03	-1.00000e+00	-1.28743e-10	
1750	2.995074e-03	-1.00000e+00	-1.28743e-10	
1751	2.995074e-03	-1.00000e+00	-1.28743e-10	
1752	2.995075e-03	-1.00000e+00	-1.28743e-10	
1753	2.995075e-03	-1.00000e+00	-1.28743e-10	
1754	2.995075e-03	-1.00000e+00	-1.28743e-10	
1755	2.995075e-03	-1.00000e+00	-1.28743e-10	
1756	2.995075e-03	-1.00000e+00	-1.28743e-10	
1757	2.995075e-03	-1.00000e+00	-1.28743e-10	
1758	2.995075e-03	-1.00000e+00	-1.28743e-10	
1759	2.995075e-03	-1.00000e+00	-1.28743e-10	
1760	2.995075e-03	-1.00000e+00	-1.28743e-10	
1761	2.995075e-03	-1.00000e+00	-1.28743e-10	
1762	2.995076e-03	-1.00000e+00	-1.28743e-10	
1763	2.995076e-03	-1.00000e+00	-1.28743e-10	
1764	2.995076e-03	-1.00000e+00	-1.28743e-10	
1765	2.995076e-03	-1.00000e+00	-1.28743e-10	
1766	2.995076e-03	-1.00000e+00	-1.28743e-10	
1767	2.995076e-03	-1.00000e+00	-1.28743e-10	
1768	2.995076e-03	-1.00000e+00	-1.28743e-10	
1769	2.995076e-03	-1.00000e+00	-1.28743e-10	
1770	2.995076e-03	-1.00000e+00	-1.28743e-10	
1771	2.995076e-03	-1.00000e+00	-1.28743e-10	
1772	2.995077e-03	-1.00000e+00	-1.28743e-10	
1773	2.995077e-03	-1.00000e+00	-1.28743e-10	
1774	2.995077e-03	-1.00000e+00	-1.28743e-10	
1775	2.995077e-03	-1.00000e+00	-1.28743e-10	
1776	2.995077e-03	-1.00000e+00	-1.28743e-10	
1777	2.995077e-03	-1.00000e+00	-1.28743e-10	
1778	2.995077e-03	-1.00000e+00	-1.28743e-10	
1779	2.995077e-03	-1.00000e+00	-1.28743e-10	
1780	2.995077e-03	-1.00000e+00	-1.28743e-10	
1781	2.995077e-03	-1.00000e+00	-1.28743e-10	
1782	2.995078e-03	-1.00000e+00	-1.28743e-10	
1783	2.995078e-03	-1.00000e+00	-1.28743e-10	
1784	2.995078e-03	-1.00000e+00	-1.28743e-10	
1785	2.995078e-03	-1.00000e+00	-1.28743e-10	
1786	2.995078e-03	-1.00000e+00	-1.28743e-10	
1787	2.995078e-03	-1.00000e+00	-1.28743e-10	
1788	2.995078e-03	-1.00000e+00	-1.28743e-10	
1789	2.995078e-03	-1.00000e+00	-1.28743e-10	
1790	2.995078e-03	-1.00000e+00	-1.28743e-10	
1791	2.995078e-03	-1.00000e+00	-1.28743e-10	
1792	2.995079e-03	-1.00000e+00	-1.28743e-10	
1793	2.995079e-03	-1.00000e+00	-1.28743e-10	
1794	2.995079e-03	-1.00000e+00	-1.28743e-10	

Index   time            v(4)            i(vd)           
--------------------------------------------------------------------------------
1795	2.995079e-03	-1.00000e+00	-1.28743e-10	
1796	2.995079e-03	-1.00000e+00	-1.28743e-10	
1797	2.995079e-03	-1.00000e+00	-1.28743e-10	
1798	2.995079e-03	-1.00000e+00	-1.28743e-10	
1799	2.995079e-03	-1.00000e+00	-1.28743e-10	
1800	2.995079e-03	-1.00000e+00	-1.28743e-10	
1801	2.995079e-03	-1.00000e+00	-1.28743e-10	
1802	2.995080e-03	-1.00000e+00	-1.28743e-10	
1803	2.995080e-03	-1.00000e+00	-1.28743e-10	
1804	2.995080e-03	-1.00000e+00	-1.28743e-10	
1805	2.995080e-03	-1.00000e+00	-1.28743e-10	
1806	2.995080e-03	-1.00000e+00	-1.28743e-10	
1807	2.995080e-03	-1.00000e+00	-1.28743e-10	
1808	2.995080e-03	-1.00000e+00	-1.28743e-10	
1809	2.995080e-03	-1.00000e+00	-1.28743e-10	
1810	2.995080e-03	-1.00000e+00	-1.28743e-10	
1811	2.995080e-03	-1.00000e+00	-1.28743e-10	
1812	2.995081e-03	-1.00000e+00	-1.28743e-10	
1813	2.995081e-03	-1.00000e+00	-1.28743e-10	
1814	2.995081e-03	-1.00000e+00	-1.28743e-10	
1815	2.995081e-03	-1.00000e+00	-1.28743e-10	
1816	2.995081e-03	-1.00000e+00	-1.28743e-10	
1817	2.995081e-03	-1.00000e+00	-1.28743e-10	
1818	2.995081e-03	-1.00000e+00	-1.28743e-10	
1819	2.995081e-03	-1.00000e+00	-1.28743e-10	
1820	2.995081e-03	-1.00000e+00	-1.28743e-10	
1821	2.995081e-03	-1.00000e+00	-1.28743e-10	
1822	2.995082e-03	-1.00000e+00	-1.28743e-10	
1823	2.995082e-03	-1.00000e+00	-1.28743e-10	
1824	2.995082e-03	-1.00000e+00	-1.28743e-10	
1825	2.995082e-03	-1.00000e+00	-1.28743e-10	
1826	2.995082e-03	-1.00000e+00	-1.28743e-10	
1827	2.995082e-03	-1.00000e+00	-1.28743e-10	
1828	2.995082e-03	-1.00000e+00	-1.28743e-10	
1829	2.995082e-03	-1.00000e+00	-1.28743e-10	
1830	2.995082e-03	-1.00000e+00	-1.28743e-10	
1831	2.995082e-03	-1.00000e+00	-1.28743e-10	
1832	2.995083e-03	-1.00000e+00	-1.28743e-10	
1833	2.995083e-03	-1.00000e+00	-1.28743e-10	
1834	2.995083e-03	-1.00000e+00	-1.28743e-10	
1835	2.995083e-03	-1.00000e+00	-1.28743e-10	
1836	2.995083e-03	-1.00000e+00	-1.28743e-10	
1837	2.995083e-03	-1.00000e+00	-1.28743e-10	
1838	2.995083e-03	-1.00000e+00	-1.28743e-10	
1839	2.995083e-03	-1.00000e+00	-1.28743e-10	
1840	2.995083e-03	-1.00000e+00	-1.28743e-10	
1841	2.995083e-03	-1.00000e+00	-1.28743e-10	
1842	2.995084e-03	-1.00000e+00	-1.28743e-10	
1843	2.995084e-03	-1.00000e+00	-1.28743e-10	
1844	2.995084e-03	-1.00000e+00	-1.28743e-10	
1845	2.995084e-03	-1.00000e+00	-1.28743e-10	
1846	2.995084e-03	-1.00000e+00	-1.28743e-10	
1847	2.995084e-03	-1.00000e+00	-1.28743e-10	
1848	2.995084e-03	-1.00000e+00	-1.28743e-10	
1849	2.995084e-03	-1.00000e+00	-1.28743e-10	
1850	2.995084e-03	-1.00000e+00	-1.28743e-10	
1851	2.995084e-03	-1.00000e+00	-1.28743e-10	
1852	2.995085e-03	-1.00000e+00	-1.28743e-10	

Index   time            v(4)            i(vd)           
--------------------------------------------------------------------------------
1853	2.995085e-03	-1.00000e+00	-1.28743e-10	
1854	2.995085e-03	-1.00000e+00	-1.28743e-10	
1855	2.995085e-03	-1.00000e+00	-1.28743e-10	
1856	2.995085e-03	-1.00000e+00	-1.28743e-10	
1857	2.995085e-03	-1.00000e+00	-1.28743e-10	
1858	2.995085e-03	-1.00000e+00	-1.28743e-10	
1859	2.995085e-03	-1.00000e+00	-1.28743e-10	
1860	2.995085e-03	-1.00000e+00	-1.28743e-10	
1861	2.995085e-03	-1.00000e+00	-1.28743e-10	
1862	2.995086e-03	-1.00000e+00	-1.28743e-10	
1863	2.995086e-03	-1.00000e+00	-1.28743e-10	
1864	2.995086e-03	-1.00000e+00	-1.28743e-10	
1865	2.995086e-03	-1.00000e+00	-1.28743e-10	
1866	2.995086e-03	-1.00000e+00	-1.28743e-10	
1867	2.995086e-03	-1.00000e+00	-1.28743e-10	
1868	2.995086e-03	-1.00000e+00	-1.28743e-10	
1869	2.995086e-03	-1.00000e+00	-1.28743e-10	
1870	2.995086e-03	-1.00000e+00	-1.28743e-10	
1871	2.995086e-03	-1.00000e+00	-1.28743e-10	
1872	2.995087e-03	-1.00000e+00	-1.28743e-10	
1873	2.995087e-03	-1.00000e+00	-1.28743e-10	
1874	2.995087e-03	-1.00000e+00	-1.28743e-10	
1875	2.995087e-03	-1.00000e+00	-1.28743e-10	
1876	2.995087e-03	-1.00000e+00	-1.28743e-10	
1877	2.995087e-03	-1.00000e+00	-1.28743e-10	
1878	2.995087e-03	-1.00000e+00	-1.28743e-10	
1879	2.995087e-03	-1.00000e+00	-1.28743e-10	
1880	2.995087e-03	-1.00000e+00	-1.28743e-10	
1881	2.995087e-03	-1.00000e+00	-1.28743e-10	
1882	2.995088e-03	-1.00000e+00	-1.28743e-10	
1883	2.995088e-03	-1.00000e+00	-1.28743e-10	
1884	2.995088e-03	-1.00000e+00	-1.28743e-10	
1885	2.995088e-03	-1.00000e+00	-1.28743e-10	
1886	2.995088e-03	-1.00000e+00	-1.28743e-10	
1887	2.995088e-03	-1.00000e+00	-1.28743e-10	
1888	2.995088e-03	-1.00000e+00	-1.28743e-10	
1889	2.995088e-03	-1.00000e+00	-1.28743e-10	
1890	2.995088e-03	-1.00000e+00	-1.28743e-10	
1891	2.995088e-03	-1.00000e+00	-1.28743e-10	
1892	2.995089e-03	-1.00000e+00	-1.28743e-10	
1893	2.995089e-03	-1.00000e+00	-1.28743e-10	
1894	2.995089e-03	-1.00000e+00	-1.28743e-10	
1895	2.995089e-03	-1.00000e+00	-1.28743e-10	
1896	2.995089e-03	-1.00000e+00	-1.28743e-10	
1897	2.995089e-03	-1.00000e+00	-1.28743e-10	
1898	2.995089e-03	-1.00000e+00	-1.28743e-10	
1899	2.995089e-03	-1.00000e+00	-1.28743e-10	
1900	2.995089e-03	-1.00000e+00	-1.28743e-10	
1901	2.995089e-03	-1.00000e+00	-1.28743e-10	
1902	2.995090e-03	-1.00000e+00	-1.28743e-10	
1903	2.995090e-03	-1.00000e+00	-1.28743e-10	
1904	2.995090e-03	-1.00000e+00	-1.28743e-10	
1905	2.995090e-03	-1.00000e+00	-1.28743e-10	
1906	2.995090e-03	-1.00000e+00	-1.28743e-10	
1907	2.995090e-03	-1.00000e+00	-1.28743e-10	
1908	2.995090e-03	-1.00000e+00	-1.28743e-10	
1909	2.995090e-03	-1.00000e+00	-1.28743e-10	
1910	2.995090e-03	-1.00000e+00	-1.28743e-10	

Index   time            v(4)            i(vd)           
--------------------------------------------------------------------------------
1911	2.995090e-03	-1.00000e+00	-1.28743e-10	
1912	2.995091e-03	-1.00000e+00	-1.28743e-10	
1913	2.995091e-03	-1.00000e+00	-1.28743e-10	
1914	2.995091e-03	-1.00000e+00	-1.28743e-10	
1915	2.995091e-03	-1.00000e+00	-1.28743e-10	
1916	2.995091e-03	-1.00000e+00	-1.28743e-10	
1917	2.995091e-03	-1.00000e+00	-1.28743e-10	
1918	2.995091e-03	-1.00000e+00	-1.28743e-10	
1919	2.995091e-03	-1.00000e+00	-1.28743e-10	
1920	2.995091e-03	-1.00000e+00	-1.28743e-10	
1921	2.995091e-03	-1.00000e+00	-1.28743e-10	
1922	2.995092e-03	-1.00000e+00	-1.28743e-10	
1923	2.995092e-03	-1.00000e+00	-1.28743e-10	
1924	2.995092e-03	-1.00000e+00	-1.28743e-10	
1925	2.995092e-03	-1.00000e+00	-1.28743e-10	
1926	2.995092e-03	-1.00000e+00	-1.28743e-10	
1927	2.995092e-03	-1.00000e+00	-1.28743e-10	
1928	2.995092e-03	-1.00000e+00	-1.28743e-10	
1929	2.995092e-03	-1.00000e+00	-1.28743e-10	
1930	2.995092e-03	-1.00000e+00	-1.28743e-10	
1931	2.995092e-03	-1.00000e+00	-1.28743e-10	
1932	2.995093e-03	-1.00000e+00	-1.28743e-10	
1933	2.995093e-03	-1.00000e+00	-1.28743e-10	
1934	2.995093e-03	-1.00000e+00	-1.28743e-10	
1935	2.995093e-03	-1.00000e+00	-1.28743e-10	
1936	2.995093e-03	-1.00000e+00	-1.28743e-10	
1937	2.995093e-03	-1.00000e+00	-1.28743e-10	
1938	2.995093e-03	-1.00000e+00	-1.28743e-10	
1939	2.995093e-03	-1.00000e+00	-1.28743e-10	
1940	2.995093e-03	-1.00000e+00	-1.28743e-10	
1941	2.995093e-03	-1.00000e+00	-1.28743e-10	
1942	2.995094e-03	-1.00000e+00	-1.28743e-10	
1943	2.995094e-03	-1.00000e+00	-1.28743e-10	
1944	2.995094e-03	-1.00000e+00	-1.28743e-10	
1945	2.995094e-03	-1.00000e+00	-1.28743e-10	
1946	2.995094e-03	-1.00000e+00	-1.28743e-10	
1947	2.995094e-03	-1.00000e+00	-1.28743e-10	
1948	2.995094e-03	-1.00000e+00	-1.28743e-10	
1949	2.995094e-03	-1.00000e+00	-1.28743e-10	
1950	2.995094e-03	-1.00000e+00	-1.28743e-10	
1951	2.995094e-03	-1.00000e+00	-1.28743e-10	
1952	2.995095e-03	-1.00000e+00	-1.28743e-10	
1953	2.995095e-03	-1.00000e+00	-1.28743e-10	
1954	2.995095e-03	-1.00000e+00	-1.28743e-10	
1955	2.995095e-03	-1.00000e+00	-1.28743e-10	
1956	2.995095e-03	-1.00000e+00	-1.28743e-10	
1957	2.995095e-03	-1.00000e+00	-1.28743e-10	
1958	2.995095e-03	-1.00000e+00	-1.28743e-10	
1959	2.995095e-03	-1.00000e+00	-1.28743e-10	
1960	2.995095e-03	-1.00000e+00	-1.28743e-10	
1961	2.995095e-03	-1.00000e+00	-1.28743e-10	
1962	2.995096e-03	-1.00000e+00	-1.28743e-10	
1963	2.995096e-03	-1.00000e+00	-1.28743e-10	
1964	2.995096e-03	-1.00000e+00	-1.28743e-10	
1965	2.995096e-03	-1.00000e+00	-1.28743e-10	
1966	2.995096e-03	-1.00000e+00	-1.28743e-10	
1967	2.995096e-03	-1.00000e+00	-1.28743e-10	
1968	2.995096e-03	-1.00000e+00	-1.28743e-10	

Index   time            v(4)            i(vd)           
--------------------------------------------------------------------------------
1969	2.995096e-03	-1.00000e+00	-1.28743e-10	
1970	2.995096e-03	-1.00000e+00	-1.28743e-10	
1971	2.995096e-03	-1.00000e+00	-1.28743e-10	
1972	2.995097e-03	-1.00000e+00	-1.28743e-10	
1973	2.995097e-03	-1.00000e+00	-1.28743e-10	
1974	2.995097e-03	-1.00000e+00	-1.28743e-10	
1975	2.995097e-03	-1.00000e+00	-1.28743e-10	
1976	2.995097e-03	-1.00000e+00	-1.28743e-10	
1977	2.995097e-03	-1.00000e+00	-1.28743e-10	
1978	2.995097e-03	-1.00000e+00	-1.28743e-10	
1979	2.995097e-03	-1.00000e+00	-1.28743e-10	
1980	2.995097e-03	-1.00000e+00	-1.28743e-10	
1981	2.995097e-03	-1.00000e+00	-1.28743e-10	
1982	2.995098e-03	-1.00000e+00	-1.28743e-10	
1983	2.995098e-03	-1.00000e+00	-1.28743e-10	
1984	2.995098e-03	-1.00000e+00	-1.28743e-10	
1985	2.995098e-03	-1.00000e+00	-1.28743e-10	
1986	2.995098e-03	-1.00000e+00	-1.28743e-10	
1987	2.995098e-03	-1.00000e+00	-1.28743e-10	
1988	2.995098e-03	-1.00000e+00	-1.28743e-10	
1989	2.995098e-03	-1.00000e+00	-1.28743e-10	
1990	2.995098e-03	-1.00000e+00	-1.28743e-10	
1991	2.995098e-03	-1.00000e+00	-1.28743e-10	
1992	2.995099e-03	-1.00000e+00	-1.28743e-10	
1993	2.995099e-03	-1.00000e+00	-1.28743e-10	
1994	2.995099e-03	-1.00000e+00	-1.28743e-10	
1995	2.995099e-03	-1.00000e+00	-1.28743e-10	
1996	2.995099e-03	-1.00000e+00	-1.28743e-10	
1997	2.995099e-03	-1.00000e+00	-1.28743e-10	
1998	2.995099e-03	-1.00000e+00	-1.28743e-10	
1999	2.995099e-03	-1.00000e+00	-1.28743e-10	
2000	2.995099e-03	-1.00000e+00	-1.28743e-10	
2001	2.995099e-03	-1.00000e+00	-1.28743e-10	
2002	2.995100e-03	-1.00000e+00	-1.28743e-10	
2003	2.995100e-03	-1.00000e+00	-1.28743e-10	
2004	2.995100e-03	-1.00000e+00	-1.28743e-10	
2005	2.995100e-03	-1.00000e+00	-1.28743e-10	
2006	2.995100e-03	-1.00000e+00	-1.28743e-10	
2007	2.995100e-03	-1.00000e+00	-1.28743e-10	
